"wk","tr","nc","stg","id"
0,368,0.86,"1",2665
1,368,1.29,"1",2665
2,368,0.71,"1",2665
3,368,0.86,"1",2665
4,368,0.43,"1",2665
5,368,1,"1",2665
6,368,0.86,"1",2665
7,368,0.86,"1",2665
8,368,0.86,"1",2665
9,368,1.43,"1",2665
10,368,2.14,"1",2665
11,368,1.71,"1",2665
12,368,2.71,"1",2665
13,368,2.43,"1",2665
14,368,2.14,"1",2665
15,368,2,"1",2665
16,368,2.71,"1",2665
17,368,3.29,"1",2665
18,368,3,"1",2665
19,368,3,"1",2665
20,368,3.57,"1",2665
21,368,2.86,"1",2665
22,368,3.57,"1",2665
23,368,2.71,"1",2665
24,368,1.86,"1",2665
25,368,1.86,"1",2665
26,368,2.14,"1",2665
27,368,2.86,"1",2665
28,368,1.57,"1",2665
29,368,2,"1",2665
30,368,2.71,"1",2665
31,368,2.71,"1",2665
32,368,2.57,"1",2665
33,368,3.14,"1",2665
34,368,4.29,"1",2665
35,368,4.29,"1",2665
36,368,1.86,"1",2665
37,368,1,"1",2665
38,368,0.86,"1",2665
39,368,1,"1",2665
40,368,2.29,"1",2665
41,368,1.86,"1",2665
42,368,1.86,"1",2665
43,368,2.14,"1",2665
44,368,2,"1",2665
45,368,3.14,"1",2665
46,368,2.29,"1",2665
47,368,3.86,"1",2665
48,368,4.14,"1",2665
49,368,3.29,"1",2665
50,368,1.86,"1",2665
51,368,1.86,"1",2665
52,368,1.57,"1",2665
0,1016,0.86,"1",7000
1,1016,1.29,"1",7000
2,1016,0.86,"1",7000
3,1016,1.57,"1",7000
4,1016,2.29,"1",7000
5,1016,2.43,"1",7000
6,1016,4.43,"1",7000
7,1016,4.14,"1",7000
8,1016,3.57,"1",7000
9,1016,2.29,"1",7000
10,1016,2.86,"1",7000
11,1016,2.14,"1",7000
12,1016,2.71,"1",7000
13,1016,2.29,"1",7000
14,1016,2.86,"1",7000
15,1016,3.29,"1",7000
16,1016,3.29,"1",7000
17,1016,2.43,"1",7000
18,1016,3.29,"1",7000
19,1016,3.57,"1",7000
20,1016,2.71,"1",7000
21,1016,2.57,"1",7000
22,1016,4,"1",7000
23,1016,2,"1",7000
24,1016,2.14,"1",7000
25,1016,1.57,"1",7000
26,1016,2.29,"1",7000
27,1016,1.71,"1",7000
28,1016,1,"1",7000
29,1016,0.71,"1",7000
30,1016,1.14,"1",7000
31,1016,1.14,"1",7000
32,1016,0.71,"1",7000
33,1016,0.71,"1",7000
34,1016,0.86,"1",7000
35,1016,0.43,"1",7000
36,1016,0.29,"1",7000
37,1016,0.14,"1",7000
38,1016,0.14,"1",7000
39,1016,0.43,"1",7000
40,1016,2,"1",7000
41,1016,3.57,"1",7000
42,1016,3.29,"1",7000
43,1016,3.29,"1",7000
44,1016,2.71,"1",7000
45,1016,1.43,"1",7000
46,1016,1.86,"1",7000
47,1016,2,"1",7000
48,1016,0.86,"1",7000
49,1016,1,"1",7000
50,1016,1.14,"1",7000
51,1016,1.29,"1",7000
52,1016,1,"1",7000
0,1664,1,"1",11847
1,1664,1.57,"1",11847
2,1664,2.57,"1",11847
3,1664,3.14,"1",11847
4,1664,4.14,"1",11847
5,1664,3.71,"1",11847
6,1664,4.86,"1",11847
7,1664,3.71,"1",11847
8,1664,4.71,"1",11847
9,1664,4.57,"1",11847
10,1664,3,"1",11847
11,1664,5.86,"1",11847
12,1664,5.71,"1",11847
13,1664,4.43,"1",11847
14,1664,5.43,"1",11847
15,1664,5,"1",11847
16,1664,6.57,"1",11847
17,1664,6.86,"1",11847
18,1664,7.29,"1",11847
19,1664,6,"1",11847
20,1664,6.29,"1",11847
21,1664,7.43,"1",11847
22,1664,5.86,"1",11847
23,1664,7.57,"1",11847
24,1664,7.14,"1",11847
25,1664,5.71,"1",11847
26,1664,6.14,"1",11847
27,1664,4.57,"1",11847
28,1664,3.14,"1",11847
29,1664,1.86,"1",11847
30,1664,1.43,"1",11847
31,1664,1.29,"1",11847
32,1664,1.71,"1",11847
33,1664,1.29,"1",11847
34,1664,1.14,"1",11847
35,1664,0.71,"1",11847
36,1664,0.57,"1",11847
37,1664,0.86,"1",11847
38,1664,0.71,"1",11847
39,1664,0.43,"1",11847
40,1664,0.57,"1",11847
41,1664,0.57,"1",11847
42,1664,1.43,"1",11847
43,1664,1.57,"1",11847
44,1664,0.71,"1",11847
45,1664,0.86,"1",11847
46,1664,0.71,"1",11847
47,1664,0.86,"1",11847
48,1664,0.14,"1",11847
49,1664,0.43,"1",11847
50,1664,0.86,"1",11847
51,1664,1.14,"1",11847
52,1664,0.86,"1",11847
0,2316,0.86,"1",16257
1,2316,0.71,"1",16257
2,2316,0.86,"1",16257
3,2316,1.57,"1",16257
4,2316,2,"1",16257
5,2316,2.43,"1",16257
6,2316,2.29,"1",16257
7,2316,2.57,"1",16257
8,2316,3.71,"1",16257
9,2316,4.86,"1",16257
10,2316,4.14,"1",16257
11,2316,5.43,"1",16257
12,2316,6.29,"1",16257
13,2316,7.86,"1",16257
14,2316,8,"1",16257
15,2316,6.14,"1",16257
16,2316,7.57,"1",16257
17,2316,8.71,"1",16257
18,2316,9.14,"1",16257
19,2316,9.86,"1",16257
20,2316,10.71,"1",16257
21,2316,6.57,"1",16257
22,2316,7.29,"1",16257
23,2316,6.71,"1",16257
24,2316,6.14,"1",16257
25,2316,6.71,"1",16257
26,2316,5.57,"1",16257
27,2316,5.29,"1",16257
28,2316,5.57,"1",16257
29,2316,4.86,"1",16257
30,2316,4.71,"1",16257
31,2316,4.43,"1",16257
32,2316,2.43,"1",16257
33,2316,3,"1",16257
34,2316,2,"1",16257
35,2316,2,"1",16257
36,2316,1.29,"1",16257
37,2316,1.57,"1",16257
38,2316,1.29,"1",16257
39,2316,0.43,"1",16257
40,2316,0.57,"1",16257
41,2316,0.14,"1",16257
42,2316,0.43,"1",16257
43,2316,0.57,"1",16257
44,2316,0.57,"1",16257
45,2316,1.71,"1",16257
46,2316,2,"1",16257
47,2316,2.71,"1",16257
48,2316,1.71,"1",16257
49,2316,1,"1",16257
50,2316,0.71,"1",16257
51,2316,0.43,"1",16257
52,2316,0.29,"1",16257
0,2962,0.86,"1",20812
1,2962,0.29,"1",20812
2,2962,0.29,"1",20812
3,2962,0.71,"1",20812
4,2962,1.14,"1",20812
5,2962,0.43,"1",20812
6,2962,0.57,"1",20812
7,2962,0.71,"1",20812
8,2962,0.57,"1",20812
9,2962,1.29,"1",20812
10,2962,2.29,"1",20812
11,2962,1.14,"1",20812
12,2962,1.71,"1",20812
13,2962,1.43,"1",20812
14,2962,1.29,"1",20812
15,2962,0.43,"1",20812
16,2962,0.57,"1",20812
17,2962,0.43,"1",20812
18,2962,0.57,"1",20812
19,2962,0.14,"1",20812
20,2962,0,"1",20812
21,2962,0,"1",20812
22,2962,0.29,"1",20812
23,2962,0,"1",20812
24,2962,0.29,"1",20812
25,2962,0.14,"1",20812
26,2962,0.14,"1",20812
27,2962,0.14,"1",20812
28,2962,0.71,"1",20812
29,2962,1,"1",20812
30,2962,0.14,"1",20812
31,2962,0.29,"1",20812
32,2962,0.29,"1",20812
33,2962,0.14,"1",20812
34,2962,0.57,"1",20812
35,2962,0.71,"1",20812
36,2962,0.71,"1",20812
37,2962,0.43,"1",20812
38,2962,0.43,"1",20812
39,2962,0.57,"1",20812
40,2962,0.57,"1",20812
41,2962,0.71,"1",20812
42,2962,0.43,"1",20812
43,2962,0,"1",20812
44,2962,0,"1",20812
45,2962,0.14,"1",20812
46,2962,0,"1",20812
47,2962,0,"1",20812
48,2962,0,"1",20812
49,2962,0,"1",20812
50,2962,0.14,"1",20812
51,2962,0.43,"1",20812
52,2962,0.57,"1",20812
0,3608,0.86,"1",24873
1,3608,1.43,"1",24873
2,3608,2,"1",24873
3,3608,2.29,"1",24873
4,3608,2.86,"1",24873
5,3608,4.14,"1",24873
6,3608,4.43,"1",24873
7,3608,2.71,"1",24873
8,3608,4.57,"1",24873
9,3608,5.43,"1",24873
10,3608,8.14,"1",24873
11,3608,9.57,"1",24873
12,3608,10.57,"1",24873
13,3608,12,"1",24873
14,3608,9,"1",24873
15,3608,11.29,"1",24873
16,3608,12,"1",24873
17,3608,15.29,"1",24873
18,3608,31.43,"1",24873
18,3608,31.43,"1b",24874
19,3608,20.57,"1b",24874
20,3608,16,"1b",24874
21,3608,22.29,"1b",24874
22,3608,23.43,"1b",24874
23,3608,21.71,"1b",24874
24,3608,22.29,"1b",24874
25,3608,17.14,"1b",24874
26,3608,16,"1b",24874
27,3608,12,"1b",24874
28,3608,16.57,"1b",24874
29,3608,8.43,"1b",24874
30,3608,2,"1b",24874
31,3608,3.43,"1b",24874
32,3608,4.29,"1b",24874
32,3608,4.29,"1",24875
33,3608,4.86,"1",24875
34,3608,3.14,"1",24875
35,3608,3,"1",24875
36,3608,3.14,"1",24875
37,3608,2.71,"1",24875
38,3608,3.29,"1",24875
39,3608,3.14,"1",24875
40,3608,2.71,"1",24875
41,3608,3.14,"1",24875
42,3608,2,"1",24875
43,3608,1.86,"1",24875
44,3608,1.43,"1",24875
45,3608,0.86,"1",24875
46,3608,0.57,"1",24875
47,3608,1.29,"1",24875
48,3608,1.71,"1",24875
49,3608,1.14,"1",24875
50,3608,1.57,"1",24875
51,3608,0.71,"1",24875
52,3608,1.29,"1",24875
0,4253,0.86,"1",29392
1,4253,0.71,"1",29392
2,4253,1.57,"1",29392
3,4253,1.43,"1",29392
4,4253,1.57,"1",29392
5,4253,1.14,"1",29392
6,4253,1.43,"1",29392
7,4253,2,"1",29392
8,4253,2,"1",29392
9,4253,2.29,"1",29392
10,4253,3,"1",29392
11,4253,3.43,"1",29392
12,4253,3.86,"1",29392
13,4253,4.29,"1",29392
14,4253,3,"1",29392
15,4253,3.57,"1",29392
16,4253,3.14,"1",29392
17,4253,3.57,"1",29392
18,4253,4.43,"1",29392
19,4253,6,"1",29392
20,4253,7,"1",29392
21,4253,6.71,"1",29392
22,4253,9.29,"1",29392
23,4253,7.29,"1",29392
24,4253,5.57,"1",29392
25,4253,4.29,"1",29392
26,4253,3.86,"1",29392
27,4253,4.86,"1",29392
28,4253,5.29,"1",29392
29,4253,5,"1",29392
30,4253,5.71,"1",29392
31,4253,6.43,"1",29392
32,4253,5,"1",29392
33,4253,4.14,"1",29392
34,4253,3.29,"1",29392
35,4253,2.29,"1",29392
36,4253,1.71,"1",29392
37,4253,1.86,"1",29392
38,4253,1.57,"1",29392
39,4253,2.14,"1",29392
40,4253,2,"1",29392
41,4253,1.14,"1",29392
42,4253,1.71,"1",29392
43,4253,3.14,"1",29392
44,4253,3.14,"1",29392
45,4253,3.57,"1",29392
46,4253,6,"1",29392
47,4253,5,"1",29392
48,4253,4.86,"1",29392
49,4253,5.14,"1",29392
50,4253,3.43,"1",29392
51,4253,3.71,"1",29392
52,4253,3.43,"1",29392
0,4907,0.86,"1",33600
1,4907,1.57,"1",33600
2,4907,3.71,"1",33600
3,4907,3.14,"1",33600
4,4907,4,"1",33600
5,4907,4.14,"1",33600
6,4907,5.29,"1",33600
7,4907,4.29,"1",33600
8,4907,5.43,"1",33600
9,4907,5.29,"1",33600
10,4907,4.57,"1",33600
11,4907,6.43,"1",33600
12,4907,7.29,"1",33600
13,4907,5.57,"1",33600
14,4907,6.86,"1",33600
15,4907,8.14,"1",33600
16,4907,8.43,"1",33600
17,4907,9.43,"1",33600
18,4907,13.29,"1",33600
19,4907,12,"1",33600
20,4907,8.86,"1",33600
21,4907,9.57,"1",33600
22,4907,10.71,"1",33600
23,4907,8.29,"1",33600
24,4907,6.43,"1",33600
25,4907,5.14,"1",33600
26,4907,4.43,"1",33600
27,4907,5.86,"1",33600
28,4907,5.43,"1",33600
29,4907,5.57,"1",33600
30,4907,5.71,"1",33600
31,4907,4.43,"1",33600
32,4907,5.29,"1",33600
33,4907,3.43,"1",33600
34,4907,3.29,"1",33600
35,4907,4.43,"1",33600
36,4907,3.71,"1",33600
37,4907,2.43,"1",33600
38,4907,3.29,"1",33600
39,4907,3.14,"1",33600
40,4907,2.43,"1",33600
41,4907,3.29,"1",33600
42,4907,5.29,"1",33600
43,4907,6.29,"1",33600
44,4907,5.86,"1",33600
45,4907,6.29,"1",33600
46,4907,6,"1",33600
47,4907,5.29,"1",33600
48,4907,3.57,"1",33600
49,4907,4.57,"1",33600
50,4907,3.29,"1",33600
51,4907,3.43,"1",33600
52,4907,3.29,"1",33600
0,5554,0.86,"1",38048
1,5554,1.86,"1",38048
2,5554,2.71,"1",38048
3,5554,3,"1",38048
4,5554,4.14,"1",38048
5,5554,5.71,"1",38048
6,5554,6.71,"1",38048
7,5554,7.57,"1",38048
8,5554,8,"1",38048
9,5554,11.57,"1",38048
10,5554,10.86,"1",38048
11,5554,12.71,"1",38048
12,5554,17.43,"1",38048
13,5554,14.86,"1",38048
13,5554,14.86,"1b",38049
14,5554,16,"1b",38049
15,5554,12.57,"1b",38049
16,5554,17.71,"1b",38049
17,5554,13.71,"1b",38049
18,5554,11.43,"1b",38049
19,5554,8.29,"1b",38049
20,5554,3.43,"1b",38049
20,5554,3.43,"1",38050
21,5554,3.57,"1",38050
22,5554,4.86,"1",38050
23,5554,5.71,"1",38050
24,5554,4.57,"1",38050
25,5554,6.43,"1",38050
26,5554,5.57,"1",38050
27,5554,3.43,"1",38050
28,5554,2.71,"1",38050
29,5554,2.43,"1",38050
30,5554,2,"1",38050
31,5554,3.14,"1",38050
32,5554,3.29,"1",38050
33,5554,1.86,"1",38050
34,5554,2.57,"1",38050
35,5554,1.71,"1",38050
36,5554,2.43,"1",38050
37,5554,1.86,"1",38050
38,5554,1,"1",38050
39,5554,1.43,"1",38050
40,5554,1.86,"1",38050
41,5554,2.43,"1",38050
42,5554,3.29,"1",38050
43,5554,1.57,"1",38050
44,5554,2.86,"1",38050
45,5554,2.29,"1",38050
46,5554,2.14,"1",38050
47,5554,2.29,"1",38050
48,5554,2,"1",38050
49,5554,1.29,"1",38050
50,5554,0.71,"1",38050
51,5554,1.29,"1",38050
52,5554,1,"1",38050
0,6199,0.86,"1",42827
1,6199,2,"1",42827
2,6199,1.86,"1",42827
3,6199,0.57,"1",42827
4,6199,0.43,"1",42827
5,6199,0.43,"1",42827
6,6199,0.29,"1",42827
7,6199,0.57,"1",42827
8,6199,0.57,"1",42827
9,6199,0.86,"1",42827
10,6199,0.71,"1",42827
11,6199,0.43,"1",42827
12,6199,0.57,"1",42827
13,6199,0,"1",42827
14,6199,0.57,"1",42827
15,6199,0.29,"1",42827
16,6199,0,"1",42827
17,6199,0.29,"1",42827
18,6199,0.29,"1",42827
19,6199,0.14,"1",42827
20,6199,0.29,"1",42827
21,6199,0.57,"1",42827
22,6199,0.14,"1",42827
23,6199,0.43,"1",42827
24,6199,0.43,"1",42827
25,6199,0.43,"1",42827
26,6199,0.86,"1",42827
27,6199,1.43,"1",42827
28,6199,0.57,"1",42827
29,6199,1,"1",42827
30,6199,1.29,"1",42827
31,6199,1.14,"1",42827
32,6199,1.29,"1",42827
33,6199,1.14,"1",42827
34,6199,0.29,"1",42827
35,6199,0.57,"1",42827
36,6199,0.29,"1",42827
37,6199,0,"1",42827
38,6199,0.14,"1",42827
39,6199,0.71,"1",42827
40,6199,0.57,"1",42827
41,6199,1.29,"1",42827
42,6199,3,"1",42827
43,6199,1.86,"1",42827
44,6199,1.57,"1",42827
45,6199,1,"1",42827
46,6199,1.14,"1",42827
47,6199,1.43,"1",42827
48,6199,1.71,"1",42827
49,6199,1.43,"1",42827
50,6199,1.71,"1",42827
51,6199,1.43,"1",42827
52,6199,1.43,"1",42827
0,6843,0.86,"1",47488
1,6843,1.14,"1",47488
2,6843,2.29,"1",47488
3,6843,3.86,"1",47488
4,6843,4.71,"1",47488
5,6843,4.86,"1",47488
6,6843,4.86,"1",47488
7,6843,6.29,"1",47488
8,6843,4.43,"1",47488
9,6843,6.43,"1",47488
10,6843,5.29,"1",47488
11,6843,6.29,"1",47488
12,6843,5.57,"1",47488
13,6843,6.29,"1",47488
14,6843,6.29,"1",47488
15,6843,5.71,"1",47488
16,6843,5.57,"1",47488
17,6843,3.86,"1",47488
18,6843,2.71,"1",47488
19,6843,3.29,"1",47488
20,6843,2.57,"1",47488
21,6843,3.14,"1",47488
22,6843,2.86,"1",47488
23,6843,3.14,"1",47488
24,6843,3.57,"1",47488
25,6843,3.43,"1",47488
26,6843,3.29,"1",47488
27,6843,3,"1",47488
28,6843,2.14,"1",47488
29,6843,2.43,"1",47488
30,6843,2.86,"1",47488
31,6843,2.43,"1",47488
32,6843,1,"1",47488
33,6843,1.14,"1",47488
34,6843,1.29,"1",47488
35,6843,1.29,"1",47488
36,6843,0.86,"1",47488
37,6843,1,"1",47488
38,6843,0.57,"1",47488
39,6843,0.57,"1",47488
40,6843,1.29,"1",47488
41,6843,1.29,"1",47488
42,6843,0.86,"1",47488
43,6843,1.43,"1",47488
44,6843,1,"1",47488
45,6843,1.57,"1",47488
46,6843,0.71,"1",47488
47,6843,1.14,"1",47488
48,6843,0,"1",47488
49,6843,0.71,"1",47488
50,6843,0.57,"1",47488
51,6843,0.57,"1",47488
52,6843,1.43,"1",47488
0,7496,0.86,"1",52037
1,7496,0.57,"1",52037
2,7496,0.14,"1",52037
3,7496,0.71,"1",52037
4,7496,0.43,"1",52037
5,7496,0.57,"1",52037
6,7496,0.71,"1",52037
7,7496,0.86,"1",52037
8,7496,3,"1",52037
9,7496,2,"1",52037
10,7496,3.29,"1",52037
11,7496,3.43,"1",52037
12,7496,3.57,"1",52037
13,7496,3.29,"1",52037
14,7496,3.43,"1",52037
15,7496,1.86,"1",52037
16,7496,2.14,"1",52037
17,7496,2,"1",52037
18,7496,1.57,"1",52037
19,7496,2,"1",52037
20,7496,1.14,"1",52037
21,7496,0.57,"1",52037
22,7496,0.43,"1",52037
23,7496,1.43,"1",52037
24,7496,1.43,"1",52037
25,7496,1.29,"1",52037
26,7496,2,"1",52037
27,7496,2.14,"1",52037
28,7496,2.71,"1",52037
29,7496,1.43,"1",52037
30,7496,1.71,"1",52037
31,7496,1.43,"1",52037
32,7496,1,"1",52037
33,7496,1.14,"1",52037
34,7496,0.14,"1",52037
35,7496,0.57,"1",52037
36,7496,0.57,"1",52037
37,7496,0.29,"1",52037
38,7496,0.71,"1",52037
39,7496,0.71,"1",52037
40,7496,1,"1",52037
41,7496,1.86,"1",52037
42,7496,1.29,"1",52037
43,7496,1.29,"1",52037
44,7496,1.71,"1",52037
45,7496,1.57,"1",52037
46,7496,1.71,"1",52037
47,7496,3,"1",52037
48,7496,2.57,"1",52037
49,7496,1.57,"1",52037
50,7496,1,"1",52037
51,7496,2.29,"1",52037
52,7496,2.57,"1",52037
0,8143,0.86,"1",55777
1,8143,1.29,"1",55777
2,8143,1.14,"1",55777
3,8143,1,"1",55777
4,8143,1,"1",55777
5,8143,0.71,"1",55777
6,8143,1.43,"1",55777
7,8143,1.57,"1",55777
8,8143,1.14,"1",55777
9,8143,2.86,"1",55777
10,8143,1.57,"1",55777
11,8143,2.57,"1",55777
12,8143,3,"1",55777
13,8143,4.43,"1",55777
14,8143,2.86,"1",55777
15,8143,2.57,"1",55777
16,8143,5.71,"1",55777
17,8143,3.57,"1",55777
18,8143,4,"1",55777
19,8143,3.43,"1",55777
20,8143,4.57,"1",55777
21,8143,2.71,"1",55777
22,8143,3,"1",55777
23,8143,2.86,"1",55777
24,8143,4.14,"1",55777
25,8143,3.43,"1",55777
26,8143,4,"1",55777
27,8143,3.43,"1",55777
28,8143,3.14,"1",55777
29,8143,1.86,"1",55777
30,8143,1.14,"1",55777
31,8143,2.29,"1",55777
32,8143,1.86,"1",55777
33,8143,1.43,"1",55777
34,8143,1.43,"1",55777
35,8143,1.43,"1",55777
36,8143,1.86,"1",55777
37,8143,2.86,"1",55777
38,8143,1.43,"1",55777
39,8143,2.29,"1",55777
40,8143,1.86,"1",55777
41,8143,3,"1",55777
42,8143,3,"1",55777
43,8143,3,"1",55777
44,8143,2,"1",55777
45,8143,1.14,"1",55777
46,8143,2.43,"1",55777
47,8143,2,"1",55777
48,8143,1.29,"1",55777
49,8143,2.43,"1",55777
50,8143,2.86,"1",55777
51,8143,1.71,"1",55777
52,8143,2.43,"1",55777
0,8796,0.86,"1",60420
1,8796,2.14,"1",60420
2,8796,2.57,"1",60420
3,8796,1,"1",60420
4,8796,0.86,"1",60420
5,8796,1.86,"1",60420
6,8796,1.14,"1",60420
7,8796,2,"1",60420
8,8796,2.86,"1",60420
9,8796,3.29,"1",60420
10,8796,5.43,"1",60420
11,8796,5.86,"1",60420
12,8796,6.14,"1",60420
13,8796,9.71,"1",60420
14,8796,10.43,"1",60420
15,8796,9.86,"1",60420
16,8796,12.86,"1",60420
17,8796,10.57,"1",60420
18,8796,11.29,"1",60420
19,8796,12.43,"1",60420
20,8796,11.14,"1",60420
21,8796,10.86,"1",60420
22,8796,9.43,"1",60420
23,8796,8,"1",60420
24,8796,8.86,"1",60420
25,8796,7.57,"1",60420
26,8796,8.14,"1",60420
27,8796,7.29,"1",60420
28,8796,7.86,"1",60420
29,8796,5.86,"1",60420
30,8796,7.14,"1",60420
31,8796,3.86,"1",60420
32,8796,3.71,"1",60420
33,8796,2.43,"1",60420
34,8796,1,"1",60420
35,8796,0.71,"1",60420
36,8796,0.71,"1",60420
37,8796,1,"1",60420
38,8796,0.57,"1",60420
39,8796,0.29,"1",60420
40,8796,0.43,"1",60420
41,8796,0.71,"1",60420
42,8796,1,"1",60420
43,8796,1,"1",60420
44,8796,1,"1",60420
45,8796,2,"1",60420
46,8796,1.14,"1",60420
47,8796,2,"1",60420
48,8796,1.43,"1",60420
49,8796,1.71,"1",60420
50,8796,1.29,"1",60420
51,8796,1.29,"1",60420
52,8796,1.43,"1",60420
0,9440,0.86,"1",64857
1,9440,0.43,"1",64857
2,9440,1.14,"1",64857
3,9440,0.29,"1",64857
4,9440,0.43,"1",64857
5,9440,0.43,"1",64857
6,9440,0,"1",64857
7,9440,0.43,"1",64857
8,9440,0.43,"1",64857
9,9440,0.29,"1",64857
10,9440,0,"1",64857
11,9440,0,"1",64857
12,9440,0,"1",64857
13,9440,0,"1",64857
14,9440,0,"1",64857
15,9440,0,"1",64857
16,9440,0,"1",64857
17,9440,0,"1",64857
18,9440,0,"1",64857
19,9440,0,"1",64857
20,9440,0,"1",64857
21,9440,0,"1",64857
22,9440,0,"1",64857
23,9440,0,"1",64857
24,9440,0,"1",64857
25,9440,0,"1",64857
26,9440,0,"1",64857
27,9440,0.14,"1",64857
28,9440,0.43,"1",64857
29,9440,0.29,"1",64857
30,9440,1,"1",64857
31,9440,0.57,"1",64857
32,9440,0.71,"1",64857
33,9440,0.29,"1",64857
34,9440,0.71,"1",64857
35,9440,0.71,"1",64857
36,9440,0.57,"1",64857
37,9440,0.57,"1",64857
38,9440,0.57,"1",64857
39,9440,0,"1",64857
40,9440,0.29,"1",64857
41,9440,0.86,"1",64857
42,9440,1.14,"1",64857
43,9440,0.57,"1",64857
44,9440,0.86,"1",64857
45,9440,1.29,"1",64857
46,9440,1.29,"1",64857
47,9440,1,"1",64857
48,9440,0.71,"1",64857
49,9440,0.57,"1",64857
50,9440,0.43,"1",64857
51,9440,0.14,"1",64857
52,9440,0.29,"1",64857
0,10089,0.86,"1",69072
1,10089,0.71,"1",69072
2,10089,1.71,"1",69072
3,10089,0.86,"1",69072
4,10089,2.29,"1",69072
5,10089,2.29,"1",69072
6,10089,1.43,"1",69072
7,10089,2.57,"1",69072
8,10089,2.71,"1",69072
9,10089,3,"1",69072
10,10089,3,"1",69072
11,10089,4.14,"1",69072
12,10089,4.57,"1",69072
13,10089,6.57,"1",69072
14,10089,5.71,"1",69072
15,10089,5.29,"1",69072
16,10089,6.86,"1",69072
17,10089,8.57,"1",69072
18,10089,8.29,"1",69072
19,10089,8.86,"1",69072
20,10089,11.14,"1",69072
21,10089,10.43,"1",69072
22,10089,8,"1",69072
23,10089,8,"1",69072
24,10089,7.14,"1",69072
25,10089,4.43,"1",69072
26,10089,6.29,"1",69072
27,10089,5.57,"1",69072
28,10089,6.29,"1",69072
29,10089,6,"1",69072
30,10089,6.57,"1",69072
31,10089,4.29,"1",69072
32,10089,4.29,"1",69072
33,10089,5.29,"1",69072
34,10089,3.86,"1",69072
35,10089,2.71,"1",69072
36,10089,2.71,"1",69072
37,10089,1.14,"1",69072
38,10089,2.57,"1",69072
39,10089,3.86,"1",69072
40,10089,3.43,"1",69072
41,10089,4.14,"1",69072
42,10089,3.29,"1",69072
43,10089,2.57,"1",69072
44,10089,2,"1",69072
45,10089,2.86,"1",69072
46,10089,3.14,"1",69072
47,10089,2.43,"1",69072
48,10089,2.43,"1",69072
49,10089,3.29,"1",69072
50,10089,2.29,"1",69072
51,10089,2.43,"1",69072
52,10089,2.29,"1",69072
0,10734,0.86,"1",73060
1,10734,1,"1",73060
2,10734,1.29,"1",73060
3,10734,2.14,"1",73060
4,10734,2.29,"1",73060
5,10734,4,"1",73060
6,10734,3.86,"1",73060
7,10734,4.43,"1",73060
8,10734,5.43,"1",73060
9,10734,5.71,"1",73060
10,10734,7.14,"1",73060
11,10734,7.71,"1",73060
12,10734,7.86,"1",73060
13,10734,9.14,"1",73060
14,10734,7.29,"1",73060
15,10734,7.86,"1",73060
16,10734,7.43,"1",73060
17,10734,8.14,"1",73060
18,10734,6.57,"1",73060
19,10734,7.29,"1",73060
20,10734,6.86,"1",73060
21,10734,8.29,"1",73060
22,10734,5.43,"1",73060
23,10734,5,"1",73060
24,10734,6.86,"1",73060
25,10734,4.57,"1",73060
26,10734,3,"1",73060
27,10734,1.86,"1",73060
28,10734,2.71,"1",73060
29,10734,3.71,"1",73060
30,10734,1.29,"1",73060
31,10734,2.71,"1",73060
32,10734,1.71,"1",73060
33,10734,1,"1",73060
34,10734,0.57,"1",73060
35,10734,0.57,"1",73060
36,10734,1.71,"1",73060
37,10734,1,"1",73060
38,10734,1.86,"1",73060
39,10734,2.57,"1",73060
40,10734,3,"1",73060
41,10734,3.43,"1",73060
42,10734,5.14,"1",73060
43,10734,3.43,"1",73060
44,10734,3.43,"1",73060
45,10734,4.43,"1",73060
46,10734,4,"1",73060
47,10734,4.57,"1",73060
48,10734,3.57,"1",73060
49,10734,3.43,"1",73060
50,10734,3.86,"1",73060
51,10734,1.43,"1",73060
52,10734,2,"1",73060
0,11384,1.14,"1",77064
1,11384,3,"1",77064
2,11384,2.14,"1",77064
3,11384,2.43,"1",77064
4,11384,2.71,"1",77064
5,11384,4.29,"1",77064
6,11384,5.86,"1",77064
7,11384,6.57,"1",77064
8,11384,6.71,"1",77064
9,11384,8.29,"1",77064
10,11384,9.57,"1",77064
11,11384,8.43,"1",77064
12,11384,12.14,"1",77064
13,11384,12,"1",77064
14,11384,14.57,"1",77064
15,11384,18.86,"1",77064
15,11384,18.86,"1b",77065
16,11384,23.43,"1b",77065
17,11384,20.57,"1b",77065
18,11384,33.14,"1b",77065
19,11384,24.57,"1b",77065
20,11384,17.71,"1b",77065
21,11384,20,"1b",77065
22,11384,19.43,"1b",77065
23,11384,19.43,"1b",77065
24,11384,14.86,"1b",77065
25,11384,10.29,"1b",77065
26,11384,7.57,"1b",77065
27,11384,5.43,"1b",77065
28,11384,5.57,"1b",77065
28,11384,5.57,"1",77066
29,11384,8.71,"1",77066
30,11384,6.71,"1",77066
31,11384,5.57,"1",77066
32,11384,5.14,"1",77066
33,11384,4,"1",77066
34,11384,3.43,"1",77066
35,11384,2.57,"1",77066
36,11384,3.29,"1",77066
37,11384,1.86,"1",77066
38,11384,2,"1",77066
39,11384,2.71,"1",77066
40,11384,3.86,"1",77066
41,11384,3.14,"1",77066
42,11384,3.29,"1",77066
43,11384,1.71,"1",77066
44,11384,2.29,"1",77066
45,11384,2.29,"1",77066
46,11384,3.14,"1",77066
47,11384,2.14,"1",77066
48,11384,3,"1",77066
49,11384,3.43,"1",77066
50,11384,2.86,"1",77066
51,11384,2,"1",77066
52,11384,2,"1",77066
0,12036,0.86,"1",81725
1,12036,1,"1",81725
2,12036,0.71,"1",81725
3,12036,0.29,"1",81725
4,12036,0.43,"1",81725
5,12036,0.86,"1",81725
6,12036,0.43,"1",81725
7,12036,0.14,"1",81725
8,12036,0.71,"1",81725
9,12036,1,"1",81725
10,12036,1,"1",81725
11,12036,1.14,"1",81725
12,12036,1.57,"1",81725
13,12036,0.57,"1",81725
14,12036,0.29,"1",81725
15,12036,0.86,"1",81725
16,12036,0.57,"1",81725
17,12036,0.86,"1",81725
18,12036,0.57,"1",81725
19,12036,0.43,"1",81725
20,12036,0.29,"1",81725
21,12036,0.14,"1",81725
22,12036,0.14,"1",81725
23,12036,0,"1",81725
24,12036,0.14,"1",81725
25,12036,0,"1",81725
26,12036,0.14,"1",81725
27,12036,0.14,"1",81725
28,12036,0,"1",81725
29,12036,0.29,"1",81725
30,12036,0.43,"1",81725
31,12036,0.29,"1",81725
32,12036,0.43,"1",81725
33,12036,0.14,"1",81725
34,12036,0.57,"1",81725
35,12036,1,"1",81725
36,12036,1.14,"1",81725
37,12036,1.57,"1",81725
38,12036,0.43,"1",81725
39,12036,1,"1",81725
40,12036,1.14,"1",81725
41,12036,1.29,"1",81725
42,12036,1.43,"1",81725
43,12036,1.71,"1",81725
44,12036,2.14,"1",81725
45,12036,2.14,"1",81725
46,12036,2.14,"1",81725
47,12036,2,"1",81725
48,12036,2.86,"1",81725
49,12036,2.43,"1",81725
50,12036,2.14,"1",81725
51,12036,2.29,"1",81725
52,12036,2.14,"1",81725
0,12680,0.86,"1",85618
1,12680,1.14,"1",85618
2,12680,1,"1",85618
3,12680,1.57,"1",85618
4,12680,1.29,"1",85618
5,12680,1,"1",85618
6,12680,2.86,"1",85618
7,12680,3.57,"1",85618
8,12680,4,"1",85618
9,12680,4.14,"1",85618
10,12680,5.43,"1",85618
11,12680,4.29,"1",85618
12,12680,3.57,"1",85618
13,12680,3.57,"1",85618
14,12680,4,"1",85618
15,12680,4.14,"1",85618
16,12680,4.43,"1",85618
17,12680,6.57,"1",85618
18,12680,7.14,"1",85618
19,12680,8.57,"1",85618
20,12680,7.43,"1",85618
21,12680,7.86,"1",85618
22,12680,10.43,"1",85618
23,12680,8.29,"1",85618
24,12680,8,"1",85618
25,12680,4.71,"1",85618
26,12680,4,"1",85618
27,12680,4.14,"1",85618
28,12680,1.71,"1",85618
29,12680,3,"1",85618
30,12680,1.71,"1",85618
31,12680,2.57,"1",85618
32,12680,1.43,"1",85618
33,12680,0.86,"1",85618
34,12680,1,"1",85618
35,12680,1.43,"1",85618
36,12680,1.14,"1",85618
37,12680,0.57,"1",85618
38,12680,0.71,"1",85618
39,12680,0.43,"1",85618
40,12680,1.29,"1",85618
41,12680,0.29,"1",85618
42,12680,0.43,"1",85618
43,12680,0.86,"1",85618
44,12680,2.29,"1",85618
45,12680,1.57,"1",85618
46,12680,1.86,"1",85618
47,12680,2.43,"1",85618
48,12680,1.57,"1",85618
49,12680,1.57,"1",85618
50,12680,1.71,"1",85618
51,12680,1.43,"1",85618
52,12680,1.29,"1",85618
0,13328,0.86,"1",90068
1,13328,1.86,"1",90068
2,13328,1.57,"1",90068
3,13328,1.86,"1",90068
4,13328,2,"1",90068
5,13328,3.57,"1",90068
6,13328,3.14,"1",90068
7,13328,2.43,"1",90068
8,13328,4.29,"1",90068
9,13328,4.43,"1",90068
10,13328,6,"1",90068
11,13328,5.29,"1",90068
12,13328,8,"1",90068
13,13328,9.71,"1",90068
14,13328,6.86,"1",90068
15,13328,9,"1",90068
16,13328,9.14,"1",90068
17,13328,8.71,"1",90068
18,13328,8.29,"1",90068
19,13328,8.43,"1",90068
20,13328,8.57,"1",90068
21,13328,9.43,"1",90068
22,13328,11.14,"1",90068
23,13328,9.86,"1",90068
24,13328,8.86,"1",90068
25,13328,9.29,"1",90068
26,13328,9.43,"1",90068
27,13328,7.86,"1",90068
28,13328,6.57,"1",90068
29,13328,6.14,"1",90068
30,13328,3.86,"1",90068
31,13328,4.86,"1",90068
32,13328,5.71,"1",90068
33,13328,5.14,"1",90068
34,13328,3.86,"1",90068
35,13328,4.71,"1",90068
36,13328,2.29,"1",90068
37,13328,2,"1",90068
38,13328,1.57,"1",90068
39,13328,1.14,"1",90068
40,13328,0.71,"1",90068
41,13328,0.71,"1",90068
42,13328,1,"1",90068
43,13328,1.43,"1",90068
44,13328,2.43,"1",90068
45,13328,1,"1",90068
46,13328,0.57,"1",90068
47,13328,0.43,"1",90068
48,13328,0.14,"1",90068
49,13328,0.29,"1",90068
50,13328,0,"1",90068
51,13328,0.14,"1",90068
52,13328,0.14,"1",90068
0,13976,0.86,"1",94447
1,13976,0.86,"1",94447
2,13976,2,"1",94447
3,13976,1.29,"1",94447
4,13976,0.43,"1",94447
5,13976,1.14,"1",94447
6,13976,1.14,"1",94447
7,13976,1.57,"1",94447
8,13976,1.71,"1",94447
9,13976,2.14,"1",94447
10,13976,2.57,"1",94447
11,13976,2.57,"1",94447
12,13976,1.86,"1",94447
13,13976,2,"1",94447
14,13976,1.43,"1",94447
15,13976,1.86,"1",94447
16,13976,1.29,"1",94447
17,13976,1.43,"1",94447
18,13976,1.14,"1",94447
19,13976,0.71,"1",94447
20,13976,0.43,"1",94447
21,13976,1.14,"1",94447
22,13976,0.71,"1",94447
23,13976,1,"1",94447
24,13976,1.43,"1",94447
25,13976,0.57,"1",94447
26,13976,0.71,"1",94447
27,13976,0.57,"1",94447
28,13976,1.29,"1",94447
29,13976,1,"1",94447
30,13976,0.71,"1",94447
31,13976,0.57,"1",94447
32,13976,0.43,"1",94447
33,13976,1.71,"1",94447
34,13976,0.86,"1",94447
35,13976,2,"1",94447
36,13976,1.86,"1",94447
37,13976,1.71,"1",94447
38,13976,1.57,"1",94447
39,13976,1.71,"1",94447
40,13976,1.57,"1",94447
41,13976,2.57,"1",94447
42,13976,2.71,"1",94447
43,13976,3.57,"1",94447
44,13976,2.57,"1",94447
45,13976,1.86,"1",94447
46,13976,1.57,"1",94447
47,13976,1.86,"1",94447
48,13976,1.71,"1",94447
49,13976,1.14,"1",94447
50,13976,1,"1",94447
51,13976,1.86,"1",94447
52,13976,1.29,"1",94447
0,14624,0.86,"1",98743
1,14624,0.71,"1",98743
2,14624,2,"1",98743
3,14624,1.86,"1",98743
4,14624,2.29,"1",98743
5,14624,1.86,"1",98743
6,14624,2.43,"1",98743
7,14624,2.29,"1",98743
8,14624,3.14,"1",98743
9,14624,4.57,"1",98743
10,14624,6.29,"1",98743
11,14624,7.14,"1",98743
12,14624,8.14,"1",98743
13,14624,8.86,"1",98743
14,14624,9.86,"1",98743
15,14624,10.29,"1",98743
16,14624,12.29,"1",98743
17,14624,10.43,"1",98743
18,14624,11.71,"1",98743
19,14624,11.71,"1",98743
20,14624,11.43,"1",98743
21,14624,9.14,"1",98743
22,14624,7.57,"1",98743
23,14624,8.14,"1",98743
24,14624,7.43,"1",98743
25,14624,7.86,"1",98743
26,14624,8,"1",98743
27,14624,7.71,"1",98743
28,14624,5.43,"1",98743
29,14624,5.29,"1",98743
30,14624,5.14,"1",98743
31,14624,4.29,"1",98743
32,14624,2.71,"1",98743
33,14624,2.43,"1",98743
34,14624,2.14,"1",98743
35,14624,3.29,"1",98743
36,14624,2,"1",98743
37,14624,1.14,"1",98743
38,14624,2.43,"1",98743
39,14624,1.71,"1",98743
40,14624,1.71,"1",98743
41,14624,2.71,"1",98743
42,14624,2.71,"1",98743
43,14624,4.29,"1",98743
44,14624,4,"1",98743
45,14624,3,"1",98743
46,14624,2.29,"1",98743
47,14624,2.86,"1",98743
48,14624,2.71,"1",98743
49,14624,3.14,"1",98743
50,14624,2.86,"1",98743
51,14624,3.71,"1",98743
52,14624,3,"1",98743
0,15275,0.86,"1",103180
1,15275,0.43,"1",103180
2,15275,0.86,"1",103180
3,15275,0.71,"1",103180
4,15275,1.14,"1",103180
5,15275,0.29,"1",103180
6,15275,0,"1",103180
7,15275,0.14,"1",103180
8,15275,0.14,"1",103180
9,15275,0.29,"1",103180
10,15275,0.29,"1",103180
11,15275,0.14,"1",103180
12,15275,0.29,"1",103180
13,15275,0.14,"1",103180
14,15275,0,"1",103180
15,15275,0.14,"1",103180
16,15275,0,"1",103180
17,15275,0.43,"1",103180
18,15275,0,"1",103180
19,15275,0,"1",103180
20,15275,0,"1",103180
21,15275,0.29,"1",103180
22,15275,0.43,"1",103180
23,15275,0.43,"1",103180
24,15275,0.14,"1",103180
25,15275,0,"1",103180
26,15275,0,"1",103180
27,15275,0.57,"1",103180
28,15275,0.29,"1",103180
29,15275,0.57,"1",103180
30,15275,0.29,"1",103180
31,15275,0.29,"1",103180
32,15275,1.14,"1",103180
33,15275,1,"1",103180
34,15275,1.71,"1",103180
35,15275,1.86,"1",103180
36,15275,0.29,"1",103180
37,15275,0.29,"1",103180
38,15275,0.29,"1",103180
39,15275,0.86,"1",103180
40,15275,1.14,"1",103180
41,15275,1.71,"1",103180
42,15275,2.14,"1",103180
43,15275,3.86,"1",103180
44,15275,2,"1",103180
45,15275,3,"1",103180
46,15275,3.14,"1",103180
47,15275,2.29,"1",103180
48,15275,3.29,"1",103180
49,15275,3.71,"1",103180
50,15275,2.86,"1",103180
51,15275,3,"1",103180
52,15275,2.14,"1",103180
0,15918,0.86,"1",107180
1,15918,0.43,"1",107180
2,15918,1.43,"1",107180
3,15918,1.86,"1",107180
4,15918,2.57,"1",107180
5,15918,2.71,"1",107180
6,15918,3.14,"1",107180
7,15918,2.71,"1",107180
8,15918,4.14,"1",107180
9,15918,2.43,"1",107180
10,15918,2,"1",107180
11,15918,1.86,"1",107180
12,15918,2.71,"1",107180
13,15918,4.43,"1",107180
14,15918,3.29,"1",107180
15,15918,2.29,"1",107180
16,15918,1.71,"1",107180
17,15918,2.14,"1",107180
18,15918,2.43,"1",107180
19,15918,2.71,"1",107180
20,15918,3.14,"1",107180
21,15918,2.29,"1",107180
22,15918,3.14,"1",107180
23,15918,2.57,"1",107180
24,15918,2.57,"1",107180
25,15918,2.86,"1",107180
26,15918,2.29,"1",107180
27,15918,2.43,"1",107180
28,15918,4,"1",107180
29,15918,3.57,"1",107180
30,15918,3,"1",107180
31,15918,3.57,"1",107180
32,15918,2.86,"1",107180
33,15918,2.14,"1",107180
34,15918,3.14,"1",107180
35,15918,3.14,"1",107180
36,15918,1.29,"1",107180
37,15918,0.86,"1",107180
38,15918,0.43,"1",107180
39,15918,0.29,"1",107180
40,15918,2.14,"1",107180
41,15918,2,"1",107180
42,15918,4,"1",107180
43,15918,3.29,"1",107180
44,15918,4.14,"1",107180
45,15918,4,"1",107180
46,15918,4,"1",107180
47,15918,4.14,"1",107180
48,15918,4.29,"1",107180
49,15918,4.71,"1",107180
50,15918,2.71,"1",107180
51,15918,3,"1",107180
52,15918,3,"1",107180
0,16568,0.86,"1",111427
1,16568,2.29,"1",111427
2,16568,2.29,"1",111427
3,16568,3.14,"1",111427
4,16568,3.14,"1",111427
5,16568,4.71,"1",111427
6,16568,4.43,"1",111427
7,16568,7.14,"1",111427
8,16568,8.71,"1",111427
9,16568,9.29,"1",111427
10,16568,8.57,"1",111427
11,16568,10.29,"1",111427
12,16568,12.43,"1",111427
13,16568,11.71,"1",111427
14,16568,13.71,"1",111427
15,16568,21.14,"1",111427
16,16568,19.43,"1",111427
16,16568,19.43,"1b",111428
17,16568,17.71,"1b",111428
18,16568,17.14,"1b",111428
19,16568,16,"1b",111428
20,16568,13.14,"1b",111428
21,16568,8.57,"1b",111428
22,16568,4.29,"1b",111428
23,16568,5.29,"1b",111428
23,16568,5.29,"1",111429
24,16568,3.43,"1",111429
25,16568,4.29,"1",111429
26,16568,5.43,"1",111429
27,16568,4.57,"1",111429
28,16568,6,"1",111429
29,16568,7,"1",111429
30,16568,4.57,"1",111429
31,16568,4.14,"1",111429
32,16568,2,"1",111429
33,16568,1.57,"1",111429
34,16568,1.14,"1",111429
35,16568,1.86,"1",111429
36,16568,1.86,"1",111429
37,16568,2.29,"1",111429
38,16568,1.29,"1",111429
39,16568,1.29,"1",111429
40,16568,1.43,"1",111429
41,16568,1.57,"1",111429
42,16568,1.86,"1",111429
43,16568,2.57,"1",111429
44,16568,3.14,"1",111429
45,16568,1.71,"1",111429
46,16568,2.57,"1",111429
47,16568,2,"1",111429
48,16568,1.43,"1",111429
49,16568,1.29,"1",111429
50,16568,1,"1",111429
51,16568,1.57,"1",111429
52,16568,1.86,"1",111429
0,17215,0.86,"1",115786
1,17215,0.86,"1",115786
2,17215,1.14,"1",115786
3,17215,0.86,"1",115786
4,17215,1,"1",115786
5,17215,1.14,"1",115786
6,17215,3,"1",115786
7,17215,2.86,"1",115786
8,17215,3,"1",115786
9,17215,2.29,"1",115786
10,17215,3.43,"1",115786
11,17215,1.86,"1",115786
12,17215,1.86,"1",115786
13,17215,1.86,"1",115786
14,17215,1.86,"1",115786
15,17215,2.57,"1",115786
16,17215,3,"1",115786
17,17215,3.71,"1",115786
18,17215,4.57,"1",115786
19,17215,4.43,"1",115786
20,17215,3.43,"1",115786
21,17215,2,"1",115786
22,17215,3.14,"1",115786
23,17215,4.14,"1",115786
24,17215,2.71,"1",115786
25,17215,3.29,"1",115786
26,17215,2.43,"1",115786
27,17215,1.86,"1",115786
28,17215,1,"1",115786
29,17215,1.29,"1",115786
30,17215,1.14,"1",115786
31,17215,0.71,"1",115786
32,17215,1,"1",115786
33,17215,0.86,"1",115786
34,17215,1.29,"1",115786
35,17215,0.14,"1",115786
36,17215,0.43,"1",115786
37,17215,0.57,"1",115786
38,17215,0.43,"1",115786
39,17215,0,"1",115786
40,17215,0.71,"1",115786
41,17215,0.43,"1",115786
42,17215,1.14,"1",115786
43,17215,0.86,"1",115786
44,17215,0.43,"1",115786
45,17215,0.86,"1",115786
46,17215,0.57,"1",115786
47,17215,0.29,"1",115786
48,17215,1.57,"1",115786
49,17215,0.71,"1",115786
50,17215,1,"1",115786
51,17215,1.43,"1",115786
52,17215,1.43,"1",115786
0,17864,0.86,"1",119694
1,17864,1.71,"1",119694
2,17864,3,"1",119694
3,17864,2.57,"1",119694
4,17864,2,"1",119694
5,17864,4,"1",119694
6,17864,3.86,"1",119694
7,17864,4.29,"1",119694
8,17864,4.14,"1",119694
9,17864,6.29,"1",119694
10,17864,6.43,"1",119694
11,17864,4.29,"1",119694
12,17864,6.71,"1",119694
13,17864,6,"1",119694
14,17864,7.14,"1",119694
15,17864,6.86,"1",119694
16,17864,6.43,"1",119694
17,17864,8,"1",119694
18,17864,8.14,"1",119694
19,17864,8.86,"1",119694
20,17864,7.14,"1",119694
21,17864,8.86,"1",119694
22,17864,7.57,"1",119694
23,17864,7,"1",119694
24,17864,7.29,"1",119694
25,17864,6.71,"1",119694
26,17864,7.57,"1",119694
27,17864,6,"1",119694
28,17864,6.57,"1",119694
29,17864,6.29,"1",119694
30,17864,3.86,"1",119694
31,17864,5.71,"1",119694
32,17864,4.14,"1",119694
33,17864,3.57,"1",119694
34,17864,1.86,"1",119694
35,17864,2.43,"1",119694
36,17864,1.57,"1",119694
37,17864,1.57,"1",119694
38,17864,2.43,"1",119694
39,17864,1.71,"1",119694
40,17864,2.14,"1",119694
41,17864,2.71,"1",119694
42,17864,2.43,"1",119694
43,17864,1.57,"1",119694
44,17864,1.57,"1",119694
45,17864,3,"1",119694
46,17864,2.14,"1",119694
47,17864,1.43,"1",119694
48,17864,1.29,"1",119694
49,17864,1.71,"1",119694
50,17864,0.43,"1",119694
51,17864,0.29,"1",119694
52,17864,1,"1",119694
0,18510,0.86,"1",124457
1,18510,0.71,"1",124457
2,18510,0.86,"1",124457
3,18510,1.86,"1",124457
4,18510,2.14,"1",124457
5,18510,2.57,"1",124457
6,18510,2.71,"1",124457
7,18510,2.86,"1",124457
8,18510,2.57,"1",124457
9,18510,2.71,"1",124457
10,18510,2.57,"1",124457
11,18510,1.43,"1",124457
12,18510,2.86,"1",124457
13,18510,3.86,"1",124457
14,18510,3.43,"1",124457
15,18510,2.14,"1",124457
16,18510,2.86,"1",124457
17,18510,1.71,"1",124457
18,18510,1.86,"1",124457
19,18510,1.86,"1",124457
20,18510,1.14,"1",124457
21,18510,1.29,"1",124457
22,18510,1.43,"1",124457
23,18510,2.14,"1",124457
24,18510,2,"1",124457
25,18510,1.14,"1",124457
26,18510,1.86,"1",124457
27,18510,1.29,"1",124457
28,18510,1.71,"1",124457
29,18510,2.29,"1",124457
30,18510,1.57,"1",124457
31,18510,1.57,"1",124457
32,18510,1.71,"1",124457
33,18510,1.57,"1",124457
34,18510,1.14,"1",124457
35,18510,1.29,"1",124457
36,18510,1.43,"1",124457
37,18510,1.57,"1",124457
38,18510,1.29,"1",124457
39,18510,1.29,"1",124457
40,18510,0.29,"1",124457
41,18510,0.57,"1",124457
42,18510,0.86,"1",124457
43,18510,1.14,"1",124457
44,18510,2.57,"1",124457
45,18510,2.29,"1",124457
46,18510,1.43,"1",124457
47,18510,1.14,"1",124457
48,18510,1.57,"1",124457
49,18510,0.43,"1",124457
50,18510,1.14,"1",124457
51,18510,1,"1",124457
52,18510,1.29,"1",124457
0,19160,0.86,"1",128551
1,19160,0.86,"1",128551
2,19160,1,"1",128551
3,19160,1.43,"1",128551
4,19160,1,"1",128551
5,19160,1,"1",128551
6,19160,1.43,"1",128551
7,19160,1.71,"1",128551
8,19160,1.43,"1",128551
9,19160,2.14,"1",128551
10,19160,1.43,"1",128551
11,19160,1.29,"1",128551
12,19160,1,"1",128551
13,19160,0.71,"1",128551
14,19160,1.14,"1",128551
15,19160,1,"1",128551
16,19160,1.14,"1",128551
17,19160,1.71,"1",128551
18,19160,0.57,"1",128551
19,19160,0.57,"1",128551
20,19160,1.14,"1",128551
21,19160,1,"1",128551
22,19160,1,"1",128551
23,19160,1.14,"1",128551
24,19160,1.14,"1",128551
25,19160,0.57,"1",128551
26,19160,0.57,"1",128551
27,19160,1,"1",128551
28,19160,0.57,"1",128551
29,19160,0.57,"1",128551
30,19160,0.71,"1",128551
31,19160,1,"1",128551
32,19160,1.86,"1",128551
33,19160,1.14,"1",128551
34,19160,1.57,"1",128551
35,19160,2.14,"1",128551
36,19160,1.14,"1",128551
37,19160,0.43,"1",128551
38,19160,0.14,"1",128551
39,19160,0.71,"1",128551
40,19160,1.86,"1",128551
41,19160,2.43,"1",128551
42,19160,3.86,"1",128551
43,19160,2.57,"1",128551
44,19160,2.71,"1",128551
45,19160,2.29,"1",128551
46,19160,3.71,"1",128551
47,19160,2.14,"1",128551
48,19160,3,"1",128551
49,19160,4.43,"1",128551
50,19160,3.86,"1",128551
51,19160,3.86,"1",128551
52,19160,1.71,"1",128551
0,19810,0.86,"1",132809
1,19810,0.86,"1",132809
2,19810,1.57,"1",132809
3,19810,1.57,"1",132809
4,19810,2.57,"1",132809
5,19810,1.86,"1",132809
6,19810,3.14,"1",132809
7,19810,3.43,"1",132809
8,19810,3.43,"1",132809
9,19810,5.14,"1",132809
10,19810,7.43,"1",132809
11,19810,7.57,"1",132809
12,19810,10,"1",132809
13,19810,10.14,"1",132809
14,19810,10,"1",132809
15,19810,13.57,"1",132809
16,19810,13.86,"1",132809
17,19810,18.14,"1",132809
18,19810,19.43,"1",132809
18,19810,19.43,"1b",132810
19,19810,14.86,"1b",132810
20,19810,22.86,"1b",132810
21,19810,20,"1b",132810
22,19810,17.71,"1b",132810
23,19810,21.14,"1b",132810
24,19810,21.14,"1b",132810
25,19810,17.71,"1b",132810
26,19810,16.57,"1b",132810
27,19810,13.14,"1b",132810
28,19810,11.43,"1b",132810
29,19810,8,"1b",132810
30,19810,5,"1b",132810
31,19810,5.71,"1b",132810
31,19810,5.71,"1",132811
32,19810,3.14,"1",132811
33,19810,3,"1",132811
34,19810,1.71,"1",132811
35,19810,2.71,"1",132811
36,19810,1.86,"1",132811
37,19810,1.29,"1",132811
38,19810,1.57,"1",132811
39,19810,1.57,"1",132811
40,19810,2,"1",132811
41,19810,1.29,"1",132811
42,19810,1.29,"1",132811
43,19810,1.86,"1",132811
44,19810,2.43,"1",132811
45,19810,1.29,"1",132811
46,19810,2,"1",132811
47,19810,2,"1",132811
48,19810,0.57,"1",132811
49,19810,0.86,"1",132811
50,19810,1.29,"1",132811
51,19810,1.14,"1",132811
52,19810,1.29,"1",132811
0,20456,0.86,"1",137395
1,20456,1,"1",137395
2,20456,2.57,"1",137395
3,20456,2.71,"1",137395
4,20456,5.71,"1",137395
5,20456,6.57,"1",137395
6,20456,9.29,"1",137395
7,20456,8.43,"1",137395
8,20456,11,"1",137395
9,20456,14.29,"1",137395
10,20456,23.29,"1",137395
11,20456,29.14,"1",137395
11,20456,29.14,"1b",137396
12,20456,34.86,"1b",137396
13,20456,33.14,"1b",137396
14,20456,49.14,"1b",137396
15,20456,37.14,"1b",137396
16,20456,49.71,"1b",137396
17,20456,43.43,"1b",137396
18,20456,54.29,"1b",137396
19,20456,46.29,"1b",137396
20,20456,43.43,"1b",137396
21,20456,41.71,"1b",137396
22,20456,48.57,"1b",137396
23,20456,39.43,"1b",137396
24,20456,34.86,"1b",137396
25,20456,28.57,"1b",137396
26,20456,24.57,"1b",137396
27,20456,26.29,"1b",137396
28,20456,22.86,"1b",137396
29,20456,25.71,"1b",137396
30,20456,20,"1b",137396
31,20456,18.86,"1b",137396
32,20456,15.43,"1b",137396
33,20456,10.86,"1b",137396
34,20456,4.14,"1b",137396
35,20456,3.71,"1b",137396
36,20456,4.14,"1b",137396
36,20456,4.14,"1",137397
37,20456,3.71,"1",137397
38,20456,3.29,"1",137397
39,20456,2.57,"1",137397
40,20456,1.86,"1",137397
41,20456,1.57,"1",137397
42,20456,1.43,"1",137397
43,20456,0.71,"1",137397
44,20456,1.29,"1",137397
45,20456,1.43,"1",137397
46,20456,1.57,"1",137397
47,20456,0.71,"1",137397
48,20456,0.43,"1",137397
49,20456,1,"1",137397
50,20456,0.86,"1",137397
51,20456,1,"1",137397
52,20456,0.29,"1",137397
0,21106,0.86,"1",142150
1,21106,1,"1",142150
2,21106,1.86,"1",142150
3,21106,1.86,"1",142150
4,21106,1.57,"1",142150
5,21106,1.43,"1",142150
6,21106,2,"1",142150
7,21106,2.43,"1",142150
8,21106,2,"1",142150
9,21106,2,"1",142150
10,21106,3.29,"1",142150
11,21106,2.29,"1",142150
12,21106,2.14,"1",142150
13,21106,1.71,"1",142150
14,21106,1.86,"1",142150
15,21106,2.86,"1",142150
16,21106,2,"1",142150
17,21106,3,"1",142150
18,21106,1.71,"1",142150
19,21106,1.14,"1",142150
20,21106,2.14,"1",142150
21,21106,1.43,"1",142150
22,21106,2.14,"1",142150
23,21106,1,"1",142150
24,21106,2,"1",142150
25,21106,1.43,"1",142150
26,21106,1.14,"1",142150
27,21106,0.86,"1",142150
28,21106,1.57,"1",142150
29,21106,0.43,"1",142150
30,21106,0.43,"1",142150
31,21106,0.43,"1",142150
32,21106,0.57,"1",142150
33,21106,0.29,"1",142150
34,21106,1,"1",142150
35,21106,0.29,"1",142150
36,21106,0.29,"1",142150
37,21106,0.29,"1",142150
38,21106,0.29,"1",142150
39,21106,0.57,"1",142150
40,21106,0.43,"1",142150
41,21106,1.43,"1",142150
42,21106,0.86,"1",142150
43,21106,0.86,"1",142150
44,21106,1,"1",142150
45,21106,1.14,"1",142150
46,21106,1.43,"1",142150
47,21106,1,"1",142150
48,21106,1.14,"1",142150
49,21106,1,"1",142150
50,21106,0.43,"1",142150
51,21106,0.57,"1",142150
52,21106,0.57,"1",142150
0,21752,0.86,"1",146449
1,21752,0.86,"1",146449
2,21752,2.14,"1",146449
3,21752,3.14,"1",146449
4,21752,3.29,"1",146449
5,21752,3.43,"1",146449
6,21752,2.86,"1",146449
7,21752,3.86,"1",146449
8,21752,2.57,"1",146449
9,21752,2.86,"1",146449
10,21752,3.43,"1",146449
11,21752,3,"1",146449
12,21752,3.29,"1",146449
13,21752,3.57,"1",146449
14,21752,3.71,"1",146449
15,21752,3.14,"1",146449
16,21752,2.43,"1",146449
17,21752,1.29,"1",146449
18,21752,2.43,"1",146449
19,21752,1,"1",146449
20,21752,0.71,"1",146449
21,21752,1.86,"1",146449
22,21752,0.43,"1",146449
23,21752,0.71,"1",146449
24,21752,0.71,"1",146449
25,21752,0.29,"1",146449
26,21752,0.86,"1",146449
27,21752,1.71,"1",146449
28,21752,2,"1",146449
29,21752,2.29,"1",146449
30,21752,2.86,"1",146449
31,21752,4.57,"1",146449
32,21752,3.57,"1",146449
33,21752,4,"1",146449
34,21752,3.86,"1",146449
35,21752,2.86,"1",146449
36,21752,3,"1",146449
37,21752,3.43,"1",146449
38,21752,3.71,"1",146449
39,21752,3.57,"1",146449
40,21752,4,"1",146449
41,21752,3.57,"1",146449
42,21752,5.29,"1",146449
43,21752,5.57,"1",146449
44,21752,3.57,"1",146449
45,21752,2.71,"1",146449
46,21752,1.71,"1",146449
47,21752,3,"1",146449
48,21752,2.43,"1",146449
49,21752,2.57,"1",146449
50,21752,2.14,"1",146449
51,21752,3,"1",146449
52,21752,3,"1",146449
0,22399,1,"1",150563
1,22399,1.43,"1",150563
2,22399,2,"1",150563
3,22399,1,"1",150563
4,22399,1.29,"1",150563
5,22399,2.14,"1",150563
6,22399,2.71,"1",150563
7,22399,2.43,"1",150563
8,22399,2.86,"1",150563
9,22399,4.29,"1",150563
10,22399,4.14,"1",150563
11,22399,3.71,"1",150563
12,22399,5,"1",150563
13,22399,4.43,"1",150563
14,22399,4.57,"1",150563
15,22399,5.86,"1",150563
16,22399,5.29,"1",150563
17,22399,4,"1",150563
18,22399,4.71,"1",150563
19,22399,5.57,"1",150563
20,22399,5.43,"1",150563
21,22399,6.14,"1",150563
22,22399,4.57,"1",150563
23,22399,3.29,"1",150563
24,22399,4.43,"1",150563
25,22399,3,"1",150563
26,22399,3.57,"1",150563
27,22399,3.71,"1",150563
28,22399,3,"1",150563
29,22399,3.43,"1",150563
30,22399,2.43,"1",150563
31,22399,1.29,"1",150563
32,22399,1.14,"1",150563
33,22399,0.57,"1",150563
34,22399,0.43,"1",150563
35,22399,0.14,"1",150563
36,22399,0.29,"1",150563
37,22399,0.43,"1",150563
38,22399,0.29,"1",150563
39,22399,0.57,"1",150563
40,22399,0.43,"1",150563
41,22399,0.14,"1",150563
42,22399,0.14,"1",150563
43,22399,0.57,"1",150563
44,22399,0.71,"1",150563
45,22399,0.57,"1",150563
46,22399,0.57,"1",150563
47,22399,0.71,"1",150563
48,22399,0.57,"1",150563
49,22399,0.57,"1",150563
50,22399,1,"1",150563
51,22399,0.86,"1",150563
52,22399,0.43,"1",150563
0,23049,0.86,"1",155118
1,23049,1.29,"1",155118
2,23049,1.57,"1",155118
3,23049,2.57,"1",155118
4,23049,2.57,"1",155118
5,23049,3.71,"1",155118
6,23049,3.29,"1",155118
7,23049,2.57,"1",155118
8,23049,3.14,"1",155118
9,23049,6,"1",155118
10,23049,4.29,"1",155118
11,23049,4.57,"1",155118
12,23049,4.71,"1",155118
13,23049,4.57,"1",155118
14,23049,7,"1",155118
15,23049,7.86,"1",155118
16,23049,6.57,"1",155118
17,23049,8.14,"1",155118
18,23049,7.43,"1",155118
19,23049,6.86,"1",155118
20,23049,5.71,"1",155118
21,23049,5.29,"1",155118
22,23049,6,"1",155118
23,23049,5.86,"1",155118
24,23049,4.14,"1",155118
25,23049,3.57,"1",155118
26,23049,2.14,"1",155118
27,23049,1.71,"1",155118
28,23049,2,"1",155118
29,23049,1.86,"1",155118
30,23049,1.57,"1",155118
31,23049,1.43,"1",155118
32,23049,1.29,"1",155118
33,23049,0.86,"1",155118
34,23049,1,"1",155118
35,23049,2.29,"1",155118
36,23049,1.14,"1",155118
37,23049,0.71,"1",155118
38,23049,1,"1",155118
39,23049,0.86,"1",155118
40,23049,0.43,"1",155118
41,23049,0.43,"1",155118
42,23049,0.43,"1",155118
43,23049,0.86,"1",155118
44,23049,1.29,"1",155118
45,23049,1.29,"1",155118
46,23049,0.86,"1",155118
47,23049,0.57,"1",155118
48,23049,0.57,"1",155118
49,23049,0.14,"1",155118
50,23049,0.57,"1",155118
51,23049,0.29,"1",155118
52,23049,0.57,"1",155118
0,23697,0.86,"1",159039
1,23697,1.57,"1",159039
2,23697,1.14,"1",159039
3,23697,1.86,"1",159039
4,23697,1.29,"1",159039
5,23697,2,"1",159039
6,23697,1.71,"1",159039
7,23697,1.43,"1",159039
8,23697,1.14,"1",159039
9,23697,1.29,"1",159039
10,23697,0.86,"1",159039
11,23697,0.71,"1",159039
12,23697,0.86,"1",159039
13,23697,0.43,"1",159039
14,23697,0.71,"1",159039
15,23697,0.71,"1",159039
16,23697,0.86,"1",159039
17,23697,0.57,"1",159039
18,23697,0.43,"1",159039
19,23697,0.43,"1",159039
20,23697,0.14,"1",159039
21,23697,0.57,"1",159039
22,23697,0.57,"1",159039
23,23697,0.71,"1",159039
24,23697,0.57,"1",159039
25,23697,1.14,"1",159039
26,23697,1,"1",159039
27,23697,0.29,"1",159039
28,23697,0.29,"1",159039
29,23697,0.29,"1",159039
30,23697,0.29,"1",159039
31,23697,0,"1",159039
32,23697,0,"1",159039
33,23697,0,"1",159039
34,23697,0.14,"1",159039
35,23697,0,"1",159039
36,23697,0.29,"1",159039
37,23697,0.57,"1",159039
38,23697,0.71,"1",159039
39,23697,0.29,"1",159039
40,23697,0.57,"1",159039
41,23697,0.86,"1",159039
42,23697,0.43,"1",159039
43,23697,1.29,"1",159039
44,23697,0.71,"1",159039
45,23697,0.71,"1",159039
46,23697,1.57,"1",159039
47,23697,0.71,"1",159039
48,23697,0.71,"1",159039
49,23697,0.86,"1",159039
50,23697,0.71,"1",159039
51,23697,0.29,"1",159039
52,23697,0.71,"1",159039
0,24343,0.86,"1",163349
1,24343,1.43,"1",163349
2,24343,2.71,"1",163349
3,24343,3.29,"1",163349
4,24343,4.14,"1",163349
5,24343,6.29,"1",163349
6,24343,6.29,"1",163349
7,24343,5.29,"1",163349
8,24343,3.57,"1",163349
9,24343,3.57,"1",163349
10,24343,5.57,"1",163349
11,24343,4.29,"1",163349
12,24343,5.71,"1",163349
13,24343,4.71,"1",163349
14,24343,5.14,"1",163349
15,24343,3.71,"1",163349
16,24343,4.14,"1",163349
17,24343,3.57,"1",163349
18,24343,3.86,"1",163349
19,24343,3,"1",163349
20,24343,3.29,"1",163349
21,24343,1.71,"1",163349
22,24343,3.14,"1",163349
23,24343,4.14,"1",163349
24,24343,4.43,"1",163349
25,24343,5.29,"1",163349
26,24343,4.57,"1",163349
27,24343,4.71,"1",163349
28,24343,3.57,"1",163349
29,24343,2.57,"1",163349
30,24343,2.29,"1",163349
31,24343,2.14,"1",163349
32,24343,2,"1",163349
33,24343,1.86,"1",163349
34,24343,1.43,"1",163349
35,24343,1.43,"1",163349
36,24343,0.86,"1",163349
37,24343,1.71,"1",163349
38,24343,1.43,"1",163349
39,24343,1.86,"1",163349
40,24343,2.14,"1",163349
41,24343,2,"1",163349
42,24343,3.57,"1",163349
43,24343,5.14,"1",163349
44,24343,5.86,"1",163349
45,24343,5,"1",163349
46,24343,5.86,"1",163349
47,24343,4.43,"1",163349
48,24343,4.29,"1",163349
49,24343,4.14,"1",163349
50,24343,4,"1",163349
51,24343,3.29,"1",163349
52,24343,3.14,"1",163349
0,24990,0.86,"1",167544
1,24990,1.71,"1",167544
2,24990,1,"1",167544
3,24990,0.71,"1",167544
4,24990,1.57,"1",167544
5,24990,2.29,"1",167544
6,24990,3.43,"1",167544
7,24990,3.86,"1",167544
8,24990,5.86,"1",167544
9,24990,5.43,"1",167544
10,24990,7.86,"1",167544
11,24990,11.71,"1",167544
12,24990,7.29,"1",167544
13,24990,10.57,"1",167544
14,24990,11.14,"1",167544
15,24990,11.71,"1",167544
16,24990,12.86,"1",167544
17,24990,11.43,"1",167544
18,24990,3.86,"1",167544
19,24990,5.43,"1",167544
20,24990,6,"1",167544
21,24990,4.43,"1",167544
22,24990,5,"1",167544
23,24990,4.71,"1",167544
24,24990,3.43,"1",167544
25,24990,1.86,"1",167544
26,24990,3.57,"1",167544
27,24990,3.14,"1",167544
28,24990,3.57,"1",167544
29,24990,2.14,"1",167544
30,24990,2.86,"1",167544
31,24990,2,"1",167544
32,24990,1.57,"1",167544
33,24990,2,"1",167544
34,24990,1.86,"1",167544
35,24990,1.71,"1",167544
36,24990,1.29,"1",167544
37,24990,1,"1",167544
38,24990,0.71,"1",167544
39,24990,1,"1",167544
40,24990,1.71,"1",167544
41,24990,2.14,"1",167544
42,24990,2.43,"1",167544
43,24990,2,"1",167544
44,24990,0.86,"1",167544
45,24990,1,"1",167544
46,24990,1.29,"1",167544
47,24990,1.86,"1",167544
48,24990,2,"1",167544
49,24990,1.86,"1",167544
50,24990,1.14,"1",167544
51,24990,1.29,"1",167544
52,24990,1.71,"1",167544
0,25641,1,"1",172192
1,25641,1.14,"1",172192
2,25641,1.57,"1",172192
3,25641,1.14,"1",172192
4,25641,3.29,"1",172192
5,25641,3.43,"1",172192
6,25641,5.43,"1",172192
7,25641,4.43,"1",172192
8,25641,6.29,"1",172192
9,25641,5.29,"1",172192
10,25641,7.86,"1",172192
11,25641,6.71,"1",172192
12,25641,7.71,"1",172192
13,25641,10.29,"1",172192
14,25641,10.57,"1",172192
15,25641,11.57,"1",172192
16,25641,10.29,"1",172192
17,25641,9.57,"1",172192
18,25641,10.43,"1",172192
19,25641,10.43,"1",172192
20,25641,10.57,"1",172192
21,25641,6.57,"1",172192
22,25641,7.43,"1",172192
23,25641,6.14,"1",172192
24,25641,6.71,"1",172192
25,25641,6.57,"1",172192
26,25641,4.86,"1",172192
27,25641,4.29,"1",172192
28,25641,3.14,"1",172192
29,25641,2.86,"1",172192
30,25641,2,"1",172192
31,25641,2.14,"1",172192
32,25641,0.29,"1",172192
33,25641,0.71,"1",172192
34,25641,0.57,"1",172192
35,25641,0.57,"1",172192
36,25641,0.57,"1",172192
37,25641,1.29,"1",172192
38,25641,0.43,"1",172192
39,25641,0.57,"1",172192
40,25641,0.29,"1",172192
41,25641,0.29,"1",172192
42,25641,0.43,"1",172192
43,25641,0.29,"1",172192
44,25641,0.29,"1",172192
45,25641,0.29,"1",172192
46,25641,0.29,"1",172192
47,25641,0.43,"1",172192
48,25641,0.57,"1",172192
49,25641,1.29,"1",172192
50,25641,0.57,"1",172192
51,25641,0.14,"1",172192
52,25641,0.43,"1",172192
0,26287,1,"1",176752
1,26287,0.71,"1",176752
2,26287,0.86,"1",176752
3,26287,2,"1",176752
4,26287,1.71,"1",176752
5,26287,1.71,"1",176752
6,26287,3.57,"1",176752
7,26287,2.86,"1",176752
8,26287,3.57,"1",176752
9,26287,3.14,"1",176752
10,26287,4.14,"1",176752
11,26287,4.29,"1",176752
12,26287,6.86,"1",176752
13,26287,6.57,"1",176752
14,26287,8.71,"1",176752
15,26287,7.43,"1",176752
16,26287,8.71,"1",176752
17,26287,9.86,"1",176752
18,26287,8.71,"1",176752
19,26287,11.86,"1",176752
20,26287,8.71,"1",176752
21,26287,9,"1",176752
22,26287,9.71,"1",176752
23,26287,8.86,"1",176752
24,26287,10.14,"1",176752
25,26287,8.14,"1",176752
26,26287,7.29,"1",176752
27,26287,6,"1",176752
28,26287,4.29,"1",176752
29,26287,3.43,"1",176752
30,26287,4.43,"1",176752
31,26287,2.86,"1",176752
32,26287,1.57,"1",176752
33,26287,2,"1",176752
34,26287,2.86,"1",176752
35,26287,2.86,"1",176752
36,26287,2.86,"1",176752
37,26287,2.43,"1",176752
38,26287,3,"1",176752
39,26287,2.57,"1",176752
40,26287,3.29,"1",176752
41,26287,4,"1",176752
42,26287,4.86,"1",176752
43,26287,5.43,"1",176752
44,26287,3.29,"1",176752
45,26287,5.57,"1",176752
46,26287,3.43,"1",176752
47,26287,3.86,"1",176752
48,26287,2.71,"1",176752
49,26287,4.29,"1",176752
50,26287,2.43,"1",176752
51,26287,1.86,"1",176752
52,26287,1.57,"1",176752
0,26937,0.86,"1",181306
1,26937,1.43,"1",181306
2,26937,1.43,"1",181306
3,26937,1.29,"1",181306
4,26937,3.14,"1",181306
5,26937,2.43,"1",181306
6,26937,3.14,"1",181306
7,26937,3.14,"1",181306
8,26937,4.14,"1",181306
9,26937,4.57,"1",181306
10,26937,4.71,"1",181306
11,26937,4.86,"1",181306
12,26937,3.71,"1",181306
13,26937,4.14,"1",181306
14,26937,4.86,"1",181306
15,26937,4.57,"1",181306
16,26937,4.57,"1",181306
17,26937,7,"1",181306
18,26937,7,"1",181306
19,26937,5.71,"1",181306
20,26937,4.86,"1",181306
21,26937,4.86,"1",181306
22,26937,2.86,"1",181306
23,26937,5,"1",181306
24,26937,4,"1",181306
25,26937,4.14,"1",181306
26,26937,3.29,"1",181306
27,26937,3.86,"1",181306
28,26937,3,"1",181306
29,26937,3.86,"1",181306
30,26937,4.43,"1",181306
31,26937,4.43,"1",181306
32,26937,4.29,"1",181306
33,26937,4.29,"1",181306
34,26937,4.14,"1",181306
35,26937,4.71,"1",181306
36,26937,3.71,"1",181306
37,26937,2.29,"1",181306
38,26937,3,"1",181306
39,26937,1.29,"1",181306
40,26937,1.14,"1",181306
41,26937,1.14,"1",181306
42,26937,1.14,"1",181306
43,26937,1.86,"1",181306
44,26937,1.29,"1",181306
45,26937,1.14,"1",181306
46,26937,1,"1",181306
47,26937,1.14,"1",181306
48,26937,2,"1",181306
49,26937,1.43,"1",181306
50,26937,1.29,"1",181306
51,26937,0.43,"1",181306
52,26937,0.71,"1",181306
0,27583,0.86,"1",185634
1,27583,1,"1",185634
2,27583,1.43,"1",185634
3,27583,2,"1",185634
4,27583,2,"1",185634
5,27583,1.43,"1",185634
6,27583,2.57,"1",185634
7,27583,1.71,"1",185634
8,27583,1.71,"1",185634
9,27583,1.71,"1",185634
10,27583,2,"1",185634
11,27583,2.57,"1",185634
12,27583,2.57,"1",185634
13,27583,1.86,"1",185634
14,27583,0.71,"1",185634
15,27583,0.43,"1",185634
16,27583,0.29,"1",185634
17,27583,0,"1",185634
18,27583,0,"1",185634
19,27583,0.14,"1",185634
20,27583,0.29,"1",185634
21,27583,0.14,"1",185634
22,27583,0,"1",185634
23,27583,0,"1",185634
24,27583,0,"1",185634
25,27583,0,"1",185634
26,27583,0,"1",185634
27,27583,0.14,"1",185634
28,27583,0.29,"1",185634
29,27583,0.14,"1",185634
30,27583,0.43,"1",185634
31,27583,0.71,"1",185634
32,27583,0.71,"1",185634
33,27583,0.43,"1",185634
34,27583,0.29,"1",185634
35,27583,0.43,"1",185634
36,27583,0.43,"1",185634
37,27583,0.14,"1",185634
38,27583,0.14,"1",185634
39,27583,0,"1",185634
40,27583,0.29,"1",185634
41,27583,1.57,"1",185634
42,27583,0.43,"1",185634
43,27583,0.71,"1",185634
44,27583,0.29,"1",185634
45,27583,0.71,"1",185634
46,27583,1.43,"1",185634
47,27583,0.43,"1",185634
48,27583,1.14,"1",185634
49,27583,0.29,"1",185634
50,27583,0.57,"1",185634
51,27583,0.29,"1",185634
52,27583,0,"1",185634
0,28236,0.86,"1",189988
1,28236,0.71,"1",189988
2,28236,1.43,"1",189988
3,28236,0.57,"1",189988
4,28236,0.14,"1",189988
5,28236,0,"1",189988
6,28236,0.29,"1",189988
7,28236,0.71,"1",189988
8,28236,0.86,"1",189988
9,28236,0.71,"1",189988
10,28236,0.86,"1",189988
11,28236,0.57,"1",189988
12,28236,2,"1",189988
13,28236,1,"1",189988
14,28236,0.43,"1",189988
15,28236,0.57,"1",189988
16,28236,0.86,"1",189988
17,28236,1.86,"1",189988
18,28236,2.14,"1",189988
19,28236,2.14,"1",189988
20,28236,1.71,"1",189988
21,28236,2.29,"1",189988
22,28236,1.43,"1",189988
23,28236,2.29,"1",189988
24,28236,2.14,"1",189988
25,28236,3.14,"1",189988
26,28236,3.43,"1",189988
27,28236,2.71,"1",189988
28,28236,3.86,"1",189988
29,28236,4,"1",189988
30,28236,3,"1",189988
31,28236,3.43,"1",189988
32,28236,2.57,"1",189988
33,28236,4.86,"1",189988
34,28236,3.86,"1",189988
35,28236,2.43,"1",189988
36,28236,1.57,"1",189988
37,28236,2.29,"1",189988
38,28236,2.57,"1",189988
39,28236,2.14,"1",189988
40,28236,2.29,"1",189988
41,28236,5.29,"1",189988
42,28236,5.57,"1",189988
43,28236,4.71,"1",189988
44,28236,5.14,"1",189988
45,28236,3,"1",189988
46,28236,3,"1",189988
47,28236,1.43,"1",189988
48,28236,1.57,"1",189988
49,28236,0.71,"1",189988
50,28236,1.14,"1",189988
51,28236,2.86,"1",189988
52,28236,2.71,"1",189988
0,28883,0.86,"1",194461
1,28883,1.43,"1",194461
2,28883,2,"1",194461
3,28883,2.14,"1",194461
4,28883,2.57,"1",194461
5,28883,2.43,"1",194461
6,28883,4,"1",194461
7,28883,4.43,"1",194461
8,28883,4.43,"1",194461
9,28883,3.43,"1",194461
10,28883,3.43,"1",194461
11,28883,6,"1",194461
12,28883,4.71,"1",194461
13,28883,6.14,"1",194461
14,28883,6.57,"1",194461
15,28883,5.43,"1",194461
16,28883,5.14,"1",194461
17,28883,5.71,"1",194461
18,28883,8.43,"1",194461
19,28883,9.14,"1",194461
20,28883,6.86,"1",194461
21,28883,5.43,"1",194461
22,28883,5.86,"1",194461
23,28883,4.86,"1",194461
24,28883,3.86,"1",194461
25,28883,4.43,"1",194461
26,28883,2.29,"1",194461
27,28883,2.14,"1",194461
28,28883,2.14,"1",194461
29,28883,1.43,"1",194461
30,28883,1,"1",194461
31,28883,1.14,"1",194461
32,28883,0.29,"1",194461
33,28883,0.86,"1",194461
34,28883,0.14,"1",194461
35,28883,0,"1",194461
36,28883,0,"1",194461
37,28883,0,"1",194461
38,28883,0,"1",194461
39,28883,0.14,"1",194461
40,28883,0.29,"1",194461
41,28883,0.14,"1",194461
42,28883,0.29,"1",194461
43,28883,0,"1",194461
44,28883,0,"1",194461
45,28883,0,"1",194461
46,28883,0,"1",194461
47,28883,0,"1",194461
48,28883,0.14,"1",194461
49,28883,0.57,"1",194461
50,28883,0.57,"1",194461
51,28883,0.14,"1",194461
52,28883,0.14,"1",194461
0,29526,0.86,"1",198674
1,29526,1.43,"1",198674
2,29526,2.14,"1",198674
3,29526,3,"1",198674
4,29526,2.86,"1",198674
5,29526,3.29,"1",198674
6,29526,2.71,"1",198674
7,29526,3.43,"1",198674
8,29526,3.43,"1",198674
9,29526,2.86,"1",198674
10,29526,5.71,"1",198674
11,29526,5.71,"1",198674
12,29526,6.14,"1",198674
13,29526,5.29,"1",198674
14,29526,6,"1",198674
15,29526,5.14,"1",198674
16,29526,5.14,"1",198674
17,29526,7.29,"1",198674
18,29526,8,"1",198674
19,29526,7.71,"1",198674
20,29526,6.29,"1",198674
21,29526,5.14,"1",198674
22,29526,4.57,"1",198674
23,29526,4.14,"1",198674
24,29526,3,"1",198674
25,29526,3.43,"1",198674
26,29526,3,"1",198674
27,29526,3.14,"1",198674
28,29526,2.86,"1",198674
29,29526,3.14,"1",198674
30,29526,2.43,"1",198674
31,29526,4,"1",198674
32,29526,2,"1",198674
33,29526,2,"1",198674
34,29526,2.71,"1",198674
35,29526,2.29,"1",198674
36,29526,1.57,"1",198674
37,29526,1.43,"1",198674
38,29526,1,"1",198674
39,29526,1.14,"1",198674
40,29526,1.57,"1",198674
41,29526,2.14,"1",198674
42,29526,2.29,"1",198674
43,29526,1.86,"1",198674
44,29526,1.43,"1",198674
45,29526,1.86,"1",198674
46,29526,2,"1",198674
47,29526,1.29,"1",198674
48,29526,1.57,"1",198674
49,29526,0.86,"1",198674
50,29526,1.57,"1",198674
51,29526,1,"1",198674
52,29526,0.86,"1",198674
0,30178,0.86,"1",203018
1,30178,1.14,"1",203018
2,30178,2.14,"1",203018
3,30178,1.29,"1",203018
4,30178,2.57,"1",203018
5,30178,2.86,"1",203018
6,30178,3.71,"1",203018
7,30178,2.71,"1",203018
8,30178,3.14,"1",203018
9,30178,3.57,"1",203018
10,30178,3.86,"1",203018
11,30178,4.57,"1",203018
12,30178,4.57,"1",203018
13,30178,4.43,"1",203018
14,30178,4.43,"1",203018
15,30178,4.29,"1",203018
16,30178,5.71,"1",203018
17,30178,7,"1",203018
18,30178,6.71,"1",203018
19,30178,6.86,"1",203018
20,30178,5.29,"1",203018
21,30178,4.71,"1",203018
22,30178,5.86,"1",203018
23,30178,6.29,"1",203018
24,30178,4.29,"1",203018
25,30178,4.43,"1",203018
26,30178,3.57,"1",203018
27,30178,2.57,"1",203018
28,30178,1.57,"1",203018
29,30178,1.86,"1",203018
30,30178,1.29,"1",203018
31,30178,1.57,"1",203018
32,30178,1.71,"1",203018
33,30178,0.86,"1",203018
34,30178,1.43,"1",203018
35,30178,0.71,"1",203018
36,30178,0.86,"1",203018
37,30178,0.57,"1",203018
38,30178,1.57,"1",203018
39,30178,1.29,"1",203018
40,30178,2.29,"1",203018
41,30178,1.71,"1",203018
42,30178,1.14,"1",203018
43,30178,0.71,"1",203018
44,30178,1.71,"1",203018
45,30178,1.86,"1",203018
46,30178,1.86,"1",203018
47,30178,1.29,"1",203018
48,30178,1.14,"1",203018
49,30178,1.43,"1",203018
50,30178,1.14,"1",203018
51,30178,1.43,"1",203018
52,30178,1.57,"1",203018
0,30823,0.86,"1",207066
1,30823,1.14,"1",207066
2,30823,1.71,"1",207066
3,30823,0.71,"1",207066
4,30823,0.71,"1",207066
5,30823,0.43,"1",207066
6,30823,1,"1",207066
7,30823,0.43,"1",207066
8,30823,0.57,"1",207066
9,30823,0.14,"1",207066
10,30823,0.43,"1",207066
11,30823,0.14,"1",207066
12,30823,0.29,"1",207066
13,30823,0.14,"1",207066
14,30823,0.43,"1",207066
15,30823,0.43,"1",207066
16,30823,0.43,"1",207066
17,30823,0.43,"1",207066
18,30823,0.43,"1",207066
19,30823,0.57,"1",207066
20,30823,1.43,"1",207066
21,30823,1.43,"1",207066
22,30823,1.14,"1",207066
23,30823,0.71,"1",207066
24,30823,1.14,"1",207066
25,30823,0.86,"1",207066
26,30823,1.57,"1",207066
27,30823,0.71,"1",207066
28,30823,0.29,"1",207066
29,30823,0.43,"1",207066
30,30823,0.14,"1",207066
31,30823,0.14,"1",207066
32,30823,0.14,"1",207066
33,30823,0.43,"1",207066
34,30823,0.43,"1",207066
35,30823,0.43,"1",207066
36,30823,0.71,"1",207066
37,30823,0.71,"1",207066
38,30823,0.71,"1",207066
39,30823,0.86,"1",207066
40,30823,1,"1",207066
41,30823,2,"1",207066
42,30823,2.29,"1",207066
43,30823,1.29,"1",207066
44,30823,1,"1",207066
45,30823,0.57,"1",207066
46,30823,1,"1",207066
47,30823,1.29,"1",207066
48,30823,2.14,"1",207066
49,30823,2,"1",207066
50,30823,1.43,"1",207066
51,30823,2.29,"1",207066
52,30823,1.43,"1",207066
0,31472,0.86,"1",211479
1,31472,0.71,"1",211479
2,31472,1,"1",211479
3,31472,1.43,"1",211479
4,31472,1.57,"1",211479
5,31472,1.57,"1",211479
6,31472,1.29,"1",211479
7,31472,1.14,"1",211479
8,31472,0.86,"1",211479
9,31472,1.29,"1",211479
10,31472,0.86,"1",211479
11,31472,0,"1",211479
12,31472,0,"1",211479
13,31472,0,"1",211479
14,31472,0.43,"1",211479
15,31472,0.43,"1",211479
16,31472,0.14,"1",211479
17,31472,0.14,"1",211479
18,31472,0.57,"1",211479
19,31472,0.14,"1",211479
20,31472,0.14,"1",211479
21,31472,0,"1",211479
22,31472,0.29,"1",211479
23,31472,0,"1",211479
24,31472,0.29,"1",211479
25,31472,0.29,"1",211479
26,31472,0.71,"1",211479
27,31472,0.43,"1",211479
28,31472,1.57,"1",211479
29,31472,2.29,"1",211479
30,31472,2.29,"1",211479
31,31472,2,"1",211479
32,31472,1.71,"1",211479
33,31472,2,"1",211479
34,31472,1.29,"1",211479
35,31472,1.71,"1",211479
36,31472,1.29,"1",211479
37,31472,1,"1",211479
38,31472,1,"1",211479
39,31472,1.29,"1",211479
40,31472,1.71,"1",211479
41,31472,1.86,"1",211479
42,31472,2.71,"1",211479
43,31472,3.14,"1",211479
44,31472,6.29,"1",211479
45,31472,5.29,"1",211479
46,31472,4.29,"1",211479
47,31472,3.71,"1",211479
48,31472,1.71,"1",211479
49,31472,1.71,"1",211479
50,31472,2.43,"1",211479
51,31472,2.29,"1",211479
52,31472,1.71,"1",211479
0,32122,0.86,"1",215559
1,32122,2.86,"1",215559
2,32122,3.29,"1",215559
3,32122,2.43,"1",215559
4,32122,4.43,"1",215559
5,32122,5.43,"1",215559
6,32122,7.14,"1",215559
7,32122,8,"1",215559
8,32122,7,"1",215559
9,32122,8.43,"1",215559
10,32122,7.43,"1",215559
11,32122,9.71,"1",215559
12,32122,10.29,"1",215559
13,32122,7.86,"1",215559
14,32122,9,"1",215559
15,32122,9,"1",215559
16,32122,8.14,"1",215559
17,32122,7.86,"1",215559
18,32122,8.14,"1",215559
19,32122,9.29,"1",215559
20,32122,10,"1",215559
21,32122,8.71,"1",215559
22,32122,7.71,"1",215559
23,32122,5.57,"1",215559
24,32122,4.71,"1",215559
25,32122,4.14,"1",215559
26,32122,3.14,"1",215559
27,32122,3.57,"1",215559
28,32122,3.29,"1",215559
29,32122,3.86,"1",215559
30,32122,3.86,"1",215559
31,32122,5.29,"1",215559
32,32122,5.71,"1",215559
33,32122,4.71,"1",215559
34,32122,4.86,"1",215559
35,32122,5,"1",215559
36,32122,4,"1",215559
37,32122,3.57,"1",215559
38,32122,2.71,"1",215559
39,32122,2.86,"1",215559
40,32122,3.57,"1",215559
41,32122,3.57,"1",215559
42,32122,1.71,"1",215559
43,32122,2.29,"1",215559
44,32122,2.29,"1",215559
45,32122,2.14,"1",215559
46,32122,1.86,"1",215559
47,32122,2.14,"1",215559
48,32122,2.14,"1",215559
49,32122,2.71,"1",215559
50,32122,3,"1",215559
51,32122,3,"1",215559
52,32122,2.43,"1",215559
0,32766,0.86,"1",220307
1,32766,1,"1",220307
2,32766,1.14,"1",220307
3,32766,1,"1",220307
4,32766,1.43,"1",220307
5,32766,1.29,"1",220307
6,32766,0.71,"1",220307
7,32766,2.14,"1",220307
8,32766,3.86,"1",220307
9,32766,4,"1",220307
10,32766,3,"1",220307
11,32766,3.86,"1",220307
12,32766,4.57,"1",220307
13,32766,6.57,"1",220307
14,32766,5,"1",220307
15,32766,3.14,"1",220307
16,32766,4.57,"1",220307
17,32766,5.57,"1",220307
18,32766,4.71,"1",220307
19,32766,4.57,"1",220307
20,32766,4,"1",220307
21,32766,4.71,"1",220307
22,32766,4,"1",220307
23,32766,3,"1",220307
24,32766,2.57,"1",220307
25,32766,2.14,"1",220307
26,32766,2,"1",220307
27,32766,1.14,"1",220307
28,32766,1.71,"1",220307
29,32766,1.43,"1",220307
30,32766,1.57,"1",220307
31,32766,1.43,"1",220307
32,32766,1.57,"1",220307
33,32766,0.43,"1",220307
34,32766,0.43,"1",220307
35,32766,0.29,"1",220307
36,32766,0.43,"1",220307
37,32766,1,"1",220307
38,32766,1.29,"1",220307
39,32766,0.86,"1",220307
40,32766,0.57,"1",220307
41,32766,0.71,"1",220307
42,32766,1,"1",220307
43,32766,0.57,"1",220307
44,32766,1.43,"1",220307
45,32766,0.57,"1",220307
46,32766,0.71,"1",220307
47,32766,1.71,"1",220307
48,32766,2.86,"1",220307
49,32766,1,"1",220307
50,32766,1.14,"1",220307
51,32766,0.57,"1",220307
52,32766,0.71,"1",220307
0,33414,0.86,"1",224137
1,33414,1,"1",224137
2,33414,0.86,"1",224137
3,33414,1.14,"1",224137
4,33414,1.14,"1",224137
5,33414,0.14,"1",224137
6,33414,0.43,"1",224137
7,33414,1.29,"1",224137
8,33414,0.43,"1",224137
9,33414,0.57,"1",224137
10,33414,0.29,"1",224137
11,33414,0.14,"1",224137
12,33414,0.29,"1",224137
13,33414,0.14,"1",224137
14,33414,0,"1",224137
15,33414,0,"1",224137
16,33414,0.43,"1",224137
17,33414,0.43,"1",224137
18,33414,0.43,"1",224137
19,33414,0.57,"1",224137
20,33414,0.14,"1",224137
21,33414,0.14,"1",224137
22,33414,0.29,"1",224137
23,33414,0.43,"1",224137
24,33414,0.86,"1",224137
25,33414,0.29,"1",224137
26,33414,0.71,"1",224137
27,33414,0.14,"1",224137
28,33414,0.14,"1",224137
29,33414,0.29,"1",224137
30,33414,0.57,"1",224137
31,33414,0.57,"1",224137
32,33414,1,"1",224137
33,33414,0.86,"1",224137
34,33414,1.14,"1",224137
35,33414,0.43,"1",224137
36,33414,0.57,"1",224137
37,33414,0.29,"1",224137
38,33414,1.29,"1",224137
39,33414,1,"1",224137
40,33414,0.57,"1",224137
41,33414,0.86,"1",224137
42,33414,0.29,"1",224137
43,33414,1.29,"1",224137
44,33414,1.14,"1",224137
45,33414,1.29,"1",224137
46,33414,1.71,"1",224137
47,33414,1.29,"1",224137
48,33414,1.43,"1",224137
49,33414,0.57,"1",224137
50,33414,1.57,"1",224137
51,33414,2,"1",224137
52,33414,1.29,"1",224137
0,34063,1.14,"1",228279
1,34063,1.86,"1",228279
2,34063,2.29,"1",228279
3,34063,3,"1",228279
4,34063,2,"1",228279
5,34063,1.71,"1",228279
6,34063,1.29,"1",228279
7,34063,1.14,"1",228279
8,34063,2.71,"1",228279
9,34063,3.14,"1",228279
10,34063,2.57,"1",228279
11,34063,2.43,"1",228279
12,34063,2.57,"1",228279
13,34063,2.86,"1",228279
14,34063,1.71,"1",228279
15,34063,1.29,"1",228279
16,34063,1.43,"1",228279
17,34063,0.86,"1",228279
18,34063,1.71,"1",228279
19,34063,1.43,"1",228279
20,34063,1.71,"1",228279
21,34063,0.43,"1",228279
22,34063,0.57,"1",228279
23,34063,0.43,"1",228279
24,34063,0,"1",228279
25,34063,0.14,"1",228279
26,34063,0,"1",228279
27,34063,0,"1",228279
28,34063,0,"1",228279
29,34063,0,"1",228279
30,34063,0,"1",228279
31,34063,0,"1",228279
32,34063,0,"1",228279
33,34063,0,"1",228279
34,34063,0.14,"1",228279
35,34063,0,"1",228279
36,34063,0.14,"1",228279
37,34063,0.29,"1",228279
38,34063,0.43,"1",228279
39,34063,0.29,"1",228279
40,34063,0.29,"1",228279
41,34063,0.43,"1",228279
42,34063,0.29,"1",228279
43,34063,0.14,"1",228279
44,34063,0.29,"1",228279
45,34063,0.14,"1",228279
46,34063,0,"1",228279
47,34063,0.43,"1",228279
48,34063,0,"1",228279
49,34063,0,"1",228279
50,34063,0,"1",228279
51,34063,0.14,"1",228279
52,34063,0,"1",228279
0,34712,0.86,"1",232621
1,34712,1.29,"1",232621
2,34712,1,"1",232621
3,34712,0.29,"1",232621
4,34712,0.71,"1",232621
5,34712,1.57,"1",232621
6,34712,1,"1",232621
7,34712,1.29,"1",232621
8,34712,1.71,"1",232621
9,34712,3,"1",232621
10,34712,1.71,"1",232621
11,34712,1.43,"1",232621
12,34712,1.14,"1",232621
13,34712,3,"1",232621
14,34712,1.86,"1",232621
15,34712,1.57,"1",232621
16,34712,2,"1",232621
17,34712,2.86,"1",232621
18,34712,2.14,"1",232621
19,34712,1.71,"1",232621
20,34712,1.43,"1",232621
21,34712,2.57,"1",232621
22,34712,2.71,"1",232621
23,34712,3.14,"1",232621
24,34712,3.14,"1",232621
25,34712,2.14,"1",232621
26,34712,4.14,"1",232621
27,34712,3.43,"1",232621
28,34712,3.71,"1",232621
29,34712,4.86,"1",232621
30,34712,4.43,"1",232621
31,34712,2.43,"1",232621
32,34712,3.29,"1",232621
33,34712,3.71,"1",232621
34,34712,2.86,"1",232621
35,34712,2.14,"1",232621
36,34712,2.14,"1",232621
37,34712,2.43,"1",232621
38,34712,0.86,"1",232621
39,34712,0.86,"1",232621
40,34712,1.14,"1",232621
41,34712,1.86,"1",232621
42,34712,2.71,"1",232621
43,34712,3.43,"1",232621
44,34712,2.71,"1",232621
45,34712,2.86,"1",232621
46,34712,2.71,"1",232621
47,34712,3.57,"1",232621
48,34712,2.71,"1",232621
49,34712,2.57,"1",232621
50,34712,2.29,"1",232621
51,34712,1.71,"1",232621
52,34712,1.43,"1",232621
0,35361,0.86,"1",236806
1,35361,1.57,"1",236806
2,35361,1.14,"1",236806
3,35361,0.86,"1",236806
4,35361,1.57,"1",236806
5,35361,1.71,"1",236806
6,35361,2,"1",236806
7,35361,1.71,"1",236806
8,35361,1.71,"1",236806
9,35361,1.57,"1",236806
10,35361,1.29,"1",236806
11,35361,2.14,"1",236806
12,35361,1.71,"1",236806
13,35361,1.29,"1",236806
14,35361,1.86,"1",236806
15,35361,0.86,"1",236806
16,35361,1.57,"1",236806
17,35361,1.14,"1",236806
18,35361,0.86,"1",236806
19,35361,0.57,"1",236806
20,35361,0.71,"1",236806
21,35361,1.14,"1",236806
22,35361,0.71,"1",236806
23,35361,0.57,"1",236806
24,35361,0.57,"1",236806
25,35361,0,"1",236806
26,35361,0,"1",236806
27,35361,0.14,"1",236806
28,35361,0.14,"1",236806
29,35361,0,"1",236806
30,35361,0,"1",236806
31,35361,0,"1",236806
32,35361,0,"1",236806
33,35361,0,"1",236806
34,35361,0.29,"1",236806
35,35361,0,"1",236806
36,35361,0,"1",236806
37,35361,0,"1",236806
38,35361,0,"1",236806
39,35361,0,"1",236806
40,35361,0.29,"1",236806
41,35361,0.14,"1",236806
42,35361,0.43,"1",236806
43,35361,0.14,"1",236806
44,35361,0.43,"1",236806
45,35361,1,"1",236806
46,35361,0.43,"1",236806
47,35361,0.86,"1",236806
48,35361,0.57,"1",236806
49,35361,0.57,"1",236806
50,35361,0.29,"1",236806
51,35361,0.29,"1",236806
52,35361,0.71,"1",236806
0,36010,0.86,"1",241080
1,36010,1.29,"1",241080
2,36010,2.71,"1",241080
3,36010,1.57,"1",241080
4,36010,2,"1",241080
5,36010,2.14,"1",241080
6,36010,2.14,"1",241080
7,36010,1.86,"1",241080
8,36010,3.14,"1",241080
9,36010,5.29,"1",241080
10,36010,3.71,"1",241080
11,36010,5.71,"1",241080
12,36010,5.71,"1",241080
13,36010,5.86,"1",241080
14,36010,6.71,"1",241080
15,36010,9.29,"1",241080
16,36010,8.71,"1",241080
17,36010,8,"1",241080
18,36010,9.57,"1",241080
19,36010,8.57,"1",241080
20,36010,6.43,"1",241080
21,36010,6.57,"1",241080
22,36010,7.29,"1",241080
23,36010,4.29,"1",241080
24,36010,5.14,"1",241080
25,36010,4.71,"1",241080
26,36010,6,"1",241080
27,36010,4.29,"1",241080
28,36010,5.29,"1",241080
29,36010,5.43,"1",241080
30,36010,5.43,"1",241080
31,36010,4.43,"1",241080
32,36010,4.86,"1",241080
33,36010,3.43,"1",241080
34,36010,2.86,"1",241080
35,36010,1.86,"1",241080
36,36010,1.71,"1",241080
37,36010,2,"1",241080
38,36010,1,"1",241080
39,36010,1.43,"1",241080
40,36010,1.29,"1",241080
41,36010,1.71,"1",241080
42,36010,1.86,"1",241080
43,36010,1.29,"1",241080
44,36010,1.43,"1",241080
45,36010,0.71,"1",241080
46,36010,1.14,"1",241080
47,36010,1.71,"1",241080
48,36010,0.86,"1",241080
49,36010,1,"1",241080
50,36010,1.71,"1",241080
51,36010,1.71,"1",241080
52,36010,1.29,"1",241080
0,36652,0.86,"1",245721
1,36652,1.14,"1",245721
2,36652,2,"1",245721
3,36652,1.57,"1",245721
4,36652,2.43,"1",245721
5,36652,3.29,"1",245721
6,36652,4.86,"1",245721
7,36652,7.57,"1",245721
8,36652,8,"1",245721
9,36652,6.71,"1",245721
10,36652,6,"1",245721
11,36652,5.86,"1",245721
12,36652,7.29,"1",245721
13,36652,7.14,"1",245721
14,36652,7.29,"1",245721
15,36652,7.71,"1",245721
16,36652,8,"1",245721
17,36652,6.14,"1",245721
18,36652,7.57,"1",245721
19,36652,6.57,"1",245721
20,36652,5.71,"1",245721
21,36652,7.86,"1",245721
22,36652,5.57,"1",245721
23,36652,4.86,"1",245721
24,36652,4.71,"1",245721
25,36652,2.86,"1",245721
26,36652,3.71,"1",245721
27,36652,3,"1",245721
28,36652,3.14,"1",245721
29,36652,2.14,"1",245721
30,36652,1.86,"1",245721
31,36652,2.14,"1",245721
32,36652,1.29,"1",245721
33,36652,0.86,"1",245721
34,36652,0.29,"1",245721
35,36652,0.29,"1",245721
36,36652,0.86,"1",245721
37,36652,0.86,"1",245721
38,36652,0.71,"1",245721
39,36652,0.71,"1",245721
40,36652,1.57,"1",245721
41,36652,1.14,"1",245721
42,36652,1.29,"1",245721
43,36652,1.57,"1",245721
44,36652,1.14,"1",245721
45,36652,0.43,"1",245721
46,36652,0.86,"1",245721
47,36652,0.57,"1",245721
48,36652,0.71,"1",245721
49,36652,0.57,"1",245721
50,36652,0.57,"1",245721
51,36652,0,"1",245721
52,36652,0.29,"1",245721
0,37303,0.86,"1",250286
1,37303,0.57,"1",250286
2,37303,1.71,"1",250286
3,37303,1.43,"1",250286
4,37303,0.71,"1",250286
5,37303,0.57,"1",250286
6,37303,0.71,"1",250286
7,37303,1,"1",250286
8,37303,0.57,"1",250286
9,37303,0.71,"1",250286
10,37303,0.14,"1",250286
11,37303,0,"1",250286
12,37303,0,"1",250286
13,37303,0,"1",250286
14,37303,0,"1",250286
15,37303,0,"1",250286
16,37303,0,"1",250286
17,37303,0,"1",250286
18,37303,0,"1",250286
19,37303,0,"1",250286
20,37303,0,"1",250286
21,37303,0,"1",250286
22,37303,0,"1",250286
23,37303,0,"1",250286
24,37303,0,"1",250286
25,37303,0,"1",250286
26,37303,0.14,"1",250286
27,37303,0.14,"1",250286
28,37303,0,"1",250286
29,37303,0,"1",250286
30,37303,0,"1",250286
31,37303,0,"1",250286
32,37303,0,"1",250286
33,37303,0.14,"1",250286
34,37303,0.14,"1",250286
35,37303,0,"1",250286
36,37303,0,"1",250286
37,37303,0,"1",250286
38,37303,0,"1",250286
39,37303,0,"1",250286
40,37303,0,"1",250286
41,37303,0,"1",250286
42,37303,0.14,"1",250286
43,37303,0,"1",250286
44,37303,0.14,"1",250286
45,37303,0,"1",250286
46,37303,0,"1",250286
47,37303,0.29,"1",250286
48,37303,0.43,"1",250286
49,37303,0.14,"1",250286
50,37303,0.29,"1",250286
51,37303,0,"1",250286
52,37303,0.43,"1",250286
0,37954,0.86,"1",254413
1,37954,1.43,"1",254413
2,37954,1.57,"1",254413
3,37954,0.71,"1",254413
4,37954,1.86,"1",254413
5,37954,2.43,"1",254413
6,37954,3.14,"1",254413
7,37954,3.71,"1",254413
8,37954,4.14,"1",254413
9,37954,4,"1",254413
10,37954,6,"1",254413
11,37954,4.86,"1",254413
12,37954,4.43,"1",254413
13,37954,5.29,"1",254413
14,37954,5.14,"1",254413
15,37954,5.86,"1",254413
16,37954,7.71,"1",254413
17,37954,7.29,"1",254413
18,37954,8.29,"1",254413
19,37954,8.43,"1",254413
20,37954,7.43,"1",254413
21,37954,6.14,"1",254413
22,37954,5.86,"1",254413
23,37954,6.57,"1",254413
24,37954,6.57,"1",254413
25,37954,9,"1",254413
26,37954,7.71,"1",254413
27,37954,5.57,"1",254413
28,37954,6.29,"1",254413
29,37954,4.29,"1",254413
30,37954,4.14,"1",254413
31,37954,4.86,"1",254413
32,37954,2.86,"1",254413
33,37954,3.14,"1",254413
34,37954,2.86,"1",254413
35,37954,1.86,"1",254413
36,37954,0.71,"1",254413
37,37954,0.43,"1",254413
38,37954,1,"1",254413
39,37954,0.86,"1",254413
40,37954,1.43,"1",254413
41,37954,1.57,"1",254413
42,37954,1.57,"1",254413
43,37954,2.71,"1",254413
44,37954,1.71,"1",254413
45,37954,1.71,"1",254413
46,37954,2.29,"1",254413
47,37954,1.43,"1",254413
48,37954,1.29,"1",254413
49,37954,1.43,"1",254413
50,37954,1.71,"1",254413
51,37954,1.71,"1",254413
52,37954,1.14,"1",254413
0,38603,0.86,"1",258417
1,38603,1.71,"1",258417
2,38603,2.29,"1",258417
3,38603,1.86,"1",258417
4,38603,2.14,"1",258417
5,38603,3,"1",258417
6,38603,2.29,"1",258417
7,38603,3.71,"1",258417
8,38603,3.43,"1",258417
9,38603,4,"1",258417
10,38603,6,"1",258417
11,38603,7.43,"1",258417
12,38603,9.71,"1",258417
13,38603,8.14,"1",258417
14,38603,7.29,"1",258417
15,38603,8.14,"1",258417
16,38603,7.29,"1",258417
17,38603,8,"1",258417
18,38603,9.29,"1",258417
19,38603,8.29,"1",258417
20,38603,9.29,"1",258417
21,38603,7.86,"1",258417
22,38603,7.29,"1",258417
23,38603,7.29,"1",258417
24,38603,7,"1",258417
25,38603,5.57,"1",258417
26,38603,5.14,"1",258417
27,38603,3.86,"1",258417
28,38603,5,"1",258417
29,38603,3.57,"1",258417
30,38603,4.43,"1",258417
31,38603,4.57,"1",258417
32,38603,4.14,"1",258417
33,38603,5.57,"1",258417
34,38603,4.86,"1",258417
35,38603,3.71,"1",258417
36,38603,2.86,"1",258417
37,38603,3,"1",258417
38,38603,2.86,"1",258417
39,38603,3,"1",258417
40,38603,3.29,"1",258417
41,38603,3,"1",258417
42,38603,4,"1",258417
43,38603,4.14,"1",258417
44,38603,3,"1",258417
45,38603,3.71,"1",258417
46,38603,3.57,"1",258417
47,38603,3.14,"1",258417
48,38603,2.71,"1",258417
49,38603,2.86,"1",258417
50,38603,2.43,"1",258417
51,38603,2.29,"1",258417
52,38603,1.43,"1",258417
0,39248,1,"1",262620
1,39248,1.29,"1",262620
2,39248,2.43,"1",262620
3,39248,1.86,"1",262620
4,39248,2.29,"1",262620
5,39248,3.29,"1",262620
6,39248,4.43,"1",262620
7,39248,3.57,"1",262620
8,39248,5.14,"1",262620
9,39248,6.57,"1",262620
10,39248,6.86,"1",262620
11,39248,8.86,"1",262620
12,39248,7.71,"1",262620
13,39248,8,"1",262620
14,39248,9.14,"1",262620
15,39248,9.29,"1",262620
16,39248,10,"1",262620
17,39248,7.14,"1",262620
18,39248,7.86,"1",262620
19,39248,6,"1",262620
20,39248,5.71,"1",262620
21,39248,6.29,"1",262620
22,39248,6,"1",262620
23,39248,4.57,"1",262620
24,39248,2.71,"1",262620
25,39248,4.14,"1",262620
26,39248,3,"1",262620
27,39248,3,"1",262620
28,39248,3.71,"1",262620
29,39248,3,"1",262620
30,39248,3.57,"1",262620
31,39248,3.71,"1",262620
32,39248,3.14,"1",262620
33,39248,2.71,"1",262620
34,39248,4.29,"1",262620
35,39248,2.43,"1",262620
36,39248,1.86,"1",262620
37,39248,1.43,"1",262620
38,39248,1.86,"1",262620
39,39248,2.43,"1",262620
40,39248,2,"1",262620
41,39248,1.43,"1",262620
42,39248,1.71,"1",262620
43,39248,0.86,"1",262620
44,39248,1,"1",262620
45,39248,0.14,"1",262620
46,39248,1,"1",262620
47,39248,0.43,"1",262620
48,39248,0.57,"1",262620
49,39248,1,"1",262620
50,39248,1.86,"1",262620
51,39248,1.43,"1",262620
52,39248,2,"1",262620
0,39895,0.86,"1",266960
1,39895,1.71,"1",266960
2,39895,2.71,"1",266960
3,39895,2.43,"1",266960
4,39895,4.57,"1",266960
5,39895,5,"1",266960
6,39895,7,"1",266960
7,39895,6.29,"1",266960
8,39895,5.86,"1",266960
9,39895,5.43,"1",266960
10,39895,6.29,"1",266960
11,39895,5.71,"1",266960
12,39895,6.43,"1",266960
13,39895,6.29,"1",266960
14,39895,6,"1",266960
15,39895,6.71,"1",266960
16,39895,5,"1",266960
17,39895,6,"1",266960
18,39895,8.57,"1",266960
19,39895,6.57,"1",266960
20,39895,7.57,"1",266960
21,39895,4.86,"1",266960
22,39895,4,"1",266960
23,39895,4.71,"1",266960
24,39895,3.86,"1",266960
25,39895,2.14,"1",266960
26,39895,1.14,"1",266960
27,39895,2.57,"1",266960
28,39895,2.71,"1",266960
29,39895,0.86,"1",266960
30,39895,1.14,"1",266960
31,39895,1.43,"1",266960
32,39895,1.14,"1",266960
33,39895,0.86,"1",266960
34,39895,0.71,"1",266960
35,39895,0.29,"1",266960
36,39895,0.43,"1",266960
37,39895,0,"1",266960
38,39895,0,"1",266960
39,39895,0,"1",266960
40,39895,0.57,"1",266960
41,39895,0.43,"1",266960
42,39895,0.86,"1",266960
43,39895,0.29,"1",266960
44,39895,0.71,"1",266960
45,39895,0.14,"1",266960
46,39895,1,"1",266960
47,39895,1,"1",266960
48,39895,0.43,"1",266960
49,39895,0.29,"1",266960
50,39895,0.71,"1",266960
51,39895,0.57,"1",266960
52,39895,1,"1",266960
0,40548,0.86,"1",271102
1,40548,0.57,"1",271102
2,40548,1.29,"1",271102
3,40548,1,"1",271102
4,40548,2.43,"1",271102
5,40548,2.29,"1",271102
6,40548,2.14,"1",271102
7,40548,2.14,"1",271102
8,40548,2,"1",271102
9,40548,1.86,"1",271102
10,40548,0.86,"1",271102
11,40548,1.57,"1",271102
12,40548,1.29,"1",271102
13,40548,1.86,"1",271102
14,40548,1.86,"1",271102
15,40548,1.71,"1",271102
16,40548,1,"1",271102
17,40548,2,"1",271102
18,40548,2.57,"1",271102
19,40548,3.14,"1",271102
20,40548,4.14,"1",271102
21,40548,4.14,"1",271102
22,40548,3.71,"1",271102
23,40548,3.43,"1",271102
24,40548,4,"1",271102
25,40548,4,"1",271102
26,40548,4.14,"1",271102
27,40548,4.86,"1",271102
28,40548,3.71,"1",271102
29,40548,4.71,"1",271102
30,40548,5.29,"1",271102
31,40548,4.29,"1",271102
32,40548,4.86,"1",271102
33,40548,3.86,"1",271102
34,40548,2.86,"1",271102
35,40548,1.71,"1",271102
36,40548,1.86,"1",271102
37,40548,1.57,"1",271102
38,40548,0.86,"1",271102
39,40548,1.71,"1",271102
40,40548,1.71,"1",271102
41,40548,2.14,"1",271102
42,40548,2.71,"1",271102
43,40548,1.71,"1",271102
44,40548,1.86,"1",271102
45,40548,1.86,"1",271102
46,40548,2.14,"1",271102
47,40548,2,"1",271102
48,40548,2.29,"1",271102
49,40548,2.14,"1",271102
50,40548,1.71,"1",271102
51,40548,1.57,"1",271102
52,40548,1.29,"1",271102
0,41191,0.86,"1",275258
1,41191,1.14,"1",275258
2,41191,1.43,"1",275258
3,41191,2.57,"1",275258
4,41191,3.14,"1",275258
5,41191,5.14,"1",275258
6,41191,5.71,"1",275258
7,41191,6.14,"1",275258
8,41191,5.29,"1",275258
9,41191,7,"1",275258
10,41191,9.29,"1",275258
11,41191,11,"1",275258
12,41191,6.71,"1",275258
13,41191,7.43,"1",275258
14,41191,7.14,"1",275258
15,41191,5.43,"1",275258
16,41191,7,"1",275258
17,41191,8.57,"1",275258
18,41191,7,"1",275258
19,41191,6.29,"1",275258
20,41191,5.43,"1",275258
21,41191,4.57,"1",275258
22,41191,5.14,"1",275258
23,41191,2.57,"1",275258
24,41191,2.86,"1",275258
25,41191,2.43,"1",275258
26,41191,1.71,"1",275258
27,41191,2.57,"1",275258
28,41191,2.43,"1",275258
29,41191,3.14,"1",275258
30,41191,2.14,"1",275258
31,41191,2.14,"1",275258
32,41191,2.29,"1",275258
33,41191,1.86,"1",275258
34,41191,1.57,"1",275258
35,41191,1.29,"1",275258
36,41191,0.57,"1",275258
37,41191,0.86,"1",275258
38,41191,2.43,"1",275258
39,41191,2,"1",275258
40,41191,3.29,"1",275258
41,41191,4.14,"1",275258
42,41191,3.86,"1",275258
43,41191,3.57,"1",275258
44,41191,2.71,"1",275258
45,41191,2.29,"1",275258
46,41191,2.14,"1",275258
47,41191,1,"1",275258
48,41191,2.43,"1",275258
49,41191,2,"1",275258
50,41191,3.86,"1",275258
51,41191,4.14,"1",275258
52,41191,3.86,"1",275258
0,41838,0.86,"1",279442
1,41838,1.57,"1",279442
2,41838,1.43,"1",279442
3,41838,2.14,"1",279442
4,41838,3.43,"1",279442
5,41838,1.86,"1",279442
6,41838,1.71,"1",279442
7,41838,2.14,"1",279442
8,41838,2.86,"1",279442
9,41838,2.29,"1",279442
10,41838,4.57,"1",279442
11,41838,4.43,"1",279442
12,41838,4.71,"1",279442
13,41838,5.57,"1",279442
14,41838,6.71,"1",279442
15,41838,6.86,"1",279442
16,41838,6.57,"1",279442
17,41838,7.86,"1",279442
18,41838,8.29,"1",279442
19,41838,9.43,"1",279442
20,41838,7.29,"1",279442
21,41838,8.29,"1",279442
22,41838,8.71,"1",279442
23,41838,8.57,"1",279442
24,41838,6.43,"1",279442
25,41838,5.71,"1",279442
26,41838,6,"1",279442
27,41838,2.57,"1",279442
28,41838,4.29,"1",279442
29,41838,3,"1",279442
30,41838,2.43,"1",279442
31,41838,2.29,"1",279442
32,41838,1,"1",279442
33,41838,1.43,"1",279442
34,41838,1.29,"1",279442
35,41838,0.86,"1",279442
36,41838,1.14,"1",279442
37,41838,1.43,"1",279442
38,41838,0.57,"1",279442
39,41838,0.29,"1",279442
40,41838,0.29,"1",279442
41,41838,0.14,"1",279442
42,41838,0.43,"1",279442
43,41838,0.57,"1",279442
44,41838,0.71,"1",279442
45,41838,0.71,"1",279442
46,41838,0.43,"1",279442
47,41838,0.57,"1",279442
48,41838,0.29,"1",279442
49,41838,0.29,"1",279442
50,41838,0.14,"1",279442
51,41838,0.14,"1",279442
52,41838,0.14,"1",279442
0,42488,1,"1",284028
1,42488,1.57,"1",284028
2,42488,1.71,"1",284028
3,42488,1.57,"1",284028
4,42488,3,"1",284028
5,42488,3.14,"1",284028
6,42488,2.86,"1",284028
7,42488,4.29,"1",284028
8,42488,4.86,"1",284028
9,42488,3.57,"1",284028
10,42488,3.29,"1",284028
11,42488,3.57,"1",284028
12,42488,4.29,"1",284028
13,42488,4,"1",284028
14,42488,2.86,"1",284028
15,42488,2.14,"1",284028
16,42488,2.29,"1",284028
17,42488,2,"1",284028
18,42488,2.43,"1",284028
19,42488,2,"1",284028
20,42488,2.57,"1",284028
21,42488,2.43,"1",284028
22,42488,4.86,"1",284028
23,42488,3.57,"1",284028
24,42488,4.43,"1",284028
25,42488,3.14,"1",284028
26,42488,2.43,"1",284028
27,42488,3.14,"1",284028
28,42488,2.43,"1",284028
29,42488,3,"1",284028
30,42488,2.14,"1",284028
31,42488,2.14,"1",284028
32,42488,1.57,"1",284028
33,42488,2.57,"1",284028
34,42488,2.14,"1",284028
35,42488,1,"1",284028
36,42488,1.29,"1",284028
37,42488,0.71,"1",284028
38,42488,0.57,"1",284028
39,42488,0.14,"1",284028
40,42488,0.29,"1",284028
41,42488,0,"1",284028
42,42488,0.43,"1",284028
43,42488,0.29,"1",284028
44,42488,0.29,"1",284028
45,42488,0.57,"1",284028
46,42488,0.86,"1",284028
47,42488,0.71,"1",284028
48,42488,0.86,"1",284028
49,42488,0.86,"1",284028
50,42488,0.57,"1",284028
51,42488,0.14,"1",284028
52,42488,0.57,"1",284028
0,43137,0.86,"1",288489
1,43137,1.29,"1",288489
2,43137,1.29,"1",288489
3,43137,1.14,"1",288489
4,43137,1,"1",288489
5,43137,2.43,"1",288489
6,43137,3.14,"1",288489
7,43137,5.29,"1",288489
8,43137,3.43,"1",288489
9,43137,4.29,"1",288489
10,43137,5,"1",288489
11,43137,6.86,"1",288489
12,43137,4.71,"1",288489
13,43137,5,"1",288489
14,43137,4.71,"1",288489
15,43137,5.86,"1",288489
16,43137,5,"1",288489
17,43137,3.86,"1",288489
18,43137,3.14,"1",288489
19,43137,2.29,"1",288489
20,43137,1,"1",288489
21,43137,1.14,"1",288489
22,43137,0.86,"1",288489
23,43137,1,"1",288489
24,43137,1.43,"1",288489
25,43137,1.43,"1",288489
26,43137,1,"1",288489
27,43137,1.57,"1",288489
28,43137,1,"1",288489
29,43137,0.71,"1",288489
30,43137,1.29,"1",288489
31,43137,0.43,"1",288489
32,43137,0.43,"1",288489
33,43137,0.43,"1",288489
34,43137,0.29,"1",288489
35,43137,0.43,"1",288489
36,43137,0.71,"1",288489
37,43137,0.29,"1",288489
38,43137,0.14,"1",288489
39,43137,0.29,"1",288489
40,43137,2.14,"1",288489
41,43137,2,"1",288489
42,43137,2.86,"1",288489
43,43137,1.86,"1",288489
44,43137,2.71,"1",288489
45,43137,3.14,"1",288489
46,43137,2.71,"1",288489
47,43137,1.86,"1",288489
48,43137,1.71,"1",288489
49,43137,3.43,"1",288489
50,43137,1.29,"1",288489
51,43137,0.86,"1",288489
52,43137,0.29,"1",288489
0,43783,0.86,"1",292813
1,43783,0.71,"1",292813
2,43783,0.71,"1",292813
3,43783,0.86,"1",292813
4,43783,0.86,"1",292813
5,43783,1.29,"1",292813
6,43783,0.86,"1",292813
7,43783,1.14,"1",292813
8,43783,1.29,"1",292813
9,43783,2.43,"1",292813
10,43783,1.14,"1",292813
11,43783,1.29,"1",292813
12,43783,1.57,"1",292813
13,43783,3.29,"1",292813
14,43783,4.43,"1",292813
15,43783,4.14,"1",292813
16,43783,4.57,"1",292813
17,43783,3.57,"1",292813
18,43783,4.71,"1",292813
19,43783,7.57,"1",292813
20,43783,5.86,"1",292813
21,43783,6.29,"1",292813
22,43783,3.86,"1",292813
23,43783,6,"1",292813
24,43783,5.29,"1",292813
25,43783,5.71,"1",292813
26,43783,3.71,"1",292813
27,43783,4.71,"1",292813
28,43783,3.71,"1",292813
29,43783,3,"1",292813
30,43783,2,"1",292813
31,43783,2.14,"1",292813
32,43783,1.86,"1",292813
33,43783,2.43,"1",292813
34,43783,2,"1",292813
35,43783,1.86,"1",292813
36,43783,1.86,"1",292813
37,43783,1.14,"1",292813
38,43783,0.43,"1",292813
39,43783,1,"1",292813
40,43783,1.43,"1",292813
41,43783,1.86,"1",292813
42,43783,1.43,"1",292813
43,43783,0.57,"1",292813
44,43783,0.29,"1",292813
45,43783,1,"1",292813
46,43783,0.57,"1",292813
47,43783,0.29,"1",292813
48,43783,0.57,"1",292813
49,43783,0.29,"1",292813
50,43783,0,"1",292813
51,43783,0,"1",292813
52,43783,0,"1",292813
0,44432,0.86,"1",297017
1,44432,0.86,"1",297017
2,44432,1.14,"1",297017
3,44432,2.43,"1",297017
4,44432,2.14,"1",297017
5,44432,2,"1",297017
6,44432,2,"1",297017
7,44432,3.57,"1",297017
8,44432,4.86,"1",297017
9,44432,5.14,"1",297017
10,44432,5.86,"1",297017
11,44432,6.71,"1",297017
12,44432,6.57,"1",297017
13,44432,5.14,"1",297017
14,44432,8.14,"1",297017
15,44432,6.86,"1",297017
16,44432,7,"1",297017
17,44432,9.14,"1",297017
18,44432,10.14,"1",297017
19,44432,8.43,"1",297017
20,44432,7.57,"1",297017
21,44432,8,"1",297017
22,44432,9,"1",297017
23,44432,9,"1",297017
24,44432,8,"1",297017
25,44432,6,"1",297017
26,44432,4,"1",297017
27,44432,3.29,"1",297017
28,44432,3.29,"1",297017
29,44432,1.71,"1",297017
30,44432,1.71,"1",297017
31,44432,1.43,"1",297017
32,44432,1.29,"1",297017
33,44432,0.71,"1",297017
34,44432,1.71,"1",297017
35,44432,1.43,"1",297017
36,44432,1.29,"1",297017
37,44432,0.71,"1",297017
38,44432,1,"1",297017
39,44432,1.29,"1",297017
40,44432,1.71,"1",297017
41,44432,1.71,"1",297017
42,44432,1.57,"1",297017
43,44432,1,"1",297017
44,44432,1,"1",297017
45,44432,0.71,"1",297017
46,44432,1.14,"1",297017
47,44432,1.14,"1",297017
48,44432,1.14,"1",297017
49,44432,0.57,"1",297017
50,44432,0.43,"1",297017
51,44432,0,"1",297017
52,44432,1,"1",297017
0,45079,0.86,"1",300836
1,45079,0.71,"1",300836
2,45079,1.29,"1",300836
3,45079,1.71,"1",300836
4,45079,1.86,"1",300836
5,45079,2,"1",300836
6,45079,1.71,"1",300836
7,45079,3.14,"1",300836
8,45079,4.29,"1",300836
9,45079,3.43,"1",300836
10,45079,3.86,"1",300836
11,45079,6.14,"1",300836
12,45079,6.43,"1",300836
13,45079,5.86,"1",300836
14,45079,5.57,"1",300836
15,45079,8,"1",300836
16,45079,8.57,"1",300836
17,45079,10.71,"1",300836
18,45079,8.14,"1",300836
19,45079,8.43,"1",300836
20,45079,7.86,"1",300836
21,45079,7.14,"1",300836
22,45079,7.14,"1",300836
23,45079,5.71,"1",300836
24,45079,3.86,"1",300836
25,45079,4.43,"1",300836
26,45079,4.29,"1",300836
27,45079,2.29,"1",300836
28,45079,2.29,"1",300836
29,45079,1.43,"1",300836
30,45079,2.43,"1",300836
31,45079,1.14,"1",300836
32,45079,1.29,"1",300836
33,45079,1,"1",300836
34,45079,1,"1",300836
35,45079,1,"1",300836
36,45079,0.57,"1",300836
37,45079,0.86,"1",300836
38,45079,0.86,"1",300836
39,45079,0.71,"1",300836
40,45079,1.43,"1",300836
41,45079,1.86,"1",300836
42,45079,2.57,"1",300836
43,45079,1.29,"1",300836
44,45079,0.71,"1",300836
45,45079,1.14,"1",300836
46,45079,1.29,"1",300836
47,45079,1.86,"1",300836
48,45079,1.43,"1",300836
49,45079,2.14,"1",300836
50,45079,2.29,"1",300836
51,45079,2.43,"1",300836
52,45079,0.86,"1",300836
0,45728,0.86,"1",305234
1,45728,1,"1",305234
2,45728,2.43,"1",305234
3,45728,3.57,"1",305234
4,45728,3.14,"1",305234
5,45728,3.57,"1",305234
6,45728,4.14,"1",305234
7,45728,4.29,"1",305234
8,45728,4.71,"1",305234
9,45728,5.57,"1",305234
10,45728,5.43,"1",305234
11,45728,5.14,"1",305234
12,45728,6.71,"1",305234
13,45728,6,"1",305234
14,45728,5.57,"1",305234
15,45728,3.29,"1",305234
16,45728,1.71,"1",305234
17,45728,1,"1",305234
18,45728,1.29,"1",305234
19,45728,1.29,"1",305234
20,45728,1.14,"1",305234
21,45728,2.29,"1",305234
22,45728,1.86,"1",305234
23,45728,2.29,"1",305234
24,45728,2.57,"1",305234
25,45728,2.57,"1",305234
26,45728,1.86,"1",305234
27,45728,3.43,"1",305234
28,45728,2.29,"1",305234
29,45728,2.71,"1",305234
30,45728,4.29,"1",305234
31,45728,3.29,"1",305234
32,45728,3.43,"1",305234
33,45728,3.14,"1",305234
34,45728,3.29,"1",305234
35,45728,2.71,"1",305234
36,45728,1.29,"1",305234
37,45728,1.43,"1",305234
38,45728,3.71,"1",305234
39,45728,1.86,"1",305234
40,45728,2.43,"1",305234
41,45728,1.43,"1",305234
42,45728,1.43,"1",305234
43,45728,1.29,"1",305234
44,45728,1.14,"1",305234
45,45728,2.14,"1",305234
46,45728,3,"1",305234
47,45728,2.43,"1",305234
48,45728,2.57,"1",305234
49,45728,2.14,"1",305234
50,45728,2,"1",305234
51,45728,1.71,"1",305234
52,45728,1.57,"1",305234
0,46375,0.86,"1",309258
1,46375,1.14,"1",309258
2,46375,1.71,"1",309258
3,46375,3.43,"1",309258
4,46375,1.57,"1",309258
5,46375,2.43,"1",309258
6,46375,2.29,"1",309258
7,46375,1,"1",309258
8,46375,1.57,"1",309258
9,46375,2.57,"1",309258
10,46375,3.14,"1",309258
11,46375,3,"1",309258
12,46375,3.14,"1",309258
13,46375,5.86,"1",309258
14,46375,4.57,"1",309258
15,46375,4.86,"1",309258
16,46375,3.57,"1",309258
17,46375,4.71,"1",309258
18,46375,4,"1",309258
19,46375,4.71,"1",309258
20,46375,3.43,"1",309258
21,46375,2.29,"1",309258
22,46375,2,"1",309258
23,46375,3.43,"1",309258
24,46375,3.14,"1",309258
25,46375,3.57,"1",309258
26,46375,3.57,"1",309258
27,46375,5,"1",309258
28,46375,2.43,"1",309258
29,46375,1.29,"1",309258
30,46375,1,"1",309258
31,46375,1.43,"1",309258
32,46375,0.57,"1",309258
33,46375,1.14,"1",309258
34,46375,0.71,"1",309258
35,46375,0.86,"1",309258
36,46375,1.14,"1",309258
37,46375,0.57,"1",309258
38,46375,0.71,"1",309258
39,46375,1.29,"1",309258
40,46375,2.43,"1",309258
41,46375,1,"1",309258
42,46375,0.86,"1",309258
43,46375,1,"1",309258
44,46375,2.29,"1",309258
45,46375,2.57,"1",309258
46,46375,2.43,"1",309258
47,46375,1.57,"1",309258
48,46375,2,"1",309258
49,46375,1.57,"1",309258
50,46375,2.86,"1",309258
51,46375,1.57,"1",309258
52,46375,1.57,"1",309258
0,47024,0.86,"1",313296
1,47024,1.14,"1",313296
2,47024,2.57,"1",313296
3,47024,1.57,"1",313296
4,47024,2,"1",313296
5,47024,2.14,"1",313296
6,47024,3.29,"1",313296
7,47024,4.43,"1",313296
8,47024,2.86,"1",313296
9,47024,4.43,"1",313296
10,47024,5.57,"1",313296
11,47024,5.57,"1",313296
12,47024,4.43,"1",313296
13,47024,6.57,"1",313296
14,47024,7.29,"1",313296
15,47024,6.57,"1",313296
16,47024,6.29,"1",313296
17,47024,8.57,"1",313296
18,47024,8.43,"1",313296
19,47024,6.29,"1",313296
20,47024,7.43,"1",313296
21,47024,5.14,"1",313296
22,47024,4.57,"1",313296
23,47024,4.14,"1",313296
24,47024,5.57,"1",313296
25,47024,2.86,"1",313296
26,47024,2.71,"1",313296
27,47024,2.57,"1",313296
28,47024,2.57,"1",313296
29,47024,1.57,"1",313296
30,47024,1.57,"1",313296
31,47024,0.71,"1",313296
32,47024,0.57,"1",313296
33,47024,1.14,"1",313296
34,47024,1,"1",313296
35,47024,1.29,"1",313296
36,47024,1.43,"1",313296
37,47024,0.71,"1",313296
38,47024,0.71,"1",313296
39,47024,0.71,"1",313296
40,47024,1.29,"1",313296
41,47024,1.43,"1",313296
42,47024,1.57,"1",313296
43,47024,2.57,"1",313296
44,47024,4,"1",313296
45,47024,3.71,"1",313296
46,47024,2.14,"1",313296
47,47024,3.71,"1",313296
48,47024,4.29,"1",313296
49,47024,3.71,"1",313296
50,47024,3.14,"1",313296
51,47024,2.71,"1",313296
52,47024,2.14,"1",313296
0,47672,0.86,"1",317561
1,47672,0.29,"1",317561
2,47672,0.71,"1",317561
3,47672,0.29,"1",317561
4,47672,0.14,"1",317561
5,47672,0,"1",317561
6,47672,0,"1",317561
7,47672,0.14,"1",317561
8,47672,0.14,"1",317561
9,47672,0.14,"1",317561
10,47672,0,"1",317561
11,47672,0.57,"1",317561
12,47672,0,"1",317561
13,47672,0,"1",317561
14,47672,0,"1",317561
15,47672,0,"1",317561
16,47672,0,"1",317561
17,47672,0,"1",317561
18,47672,0,"1",317561
19,47672,0,"1",317561
20,47672,0,"1",317561
21,47672,0,"1",317561
22,47672,0.14,"1",317561
23,47672,0.29,"1",317561
24,47672,0.29,"1",317561
25,47672,0,"1",317561
26,47672,0,"1",317561
27,47672,0,"1",317561
28,47672,0,"1",317561
29,47672,0.14,"1",317561
30,47672,0,"1",317561
31,47672,0,"1",317561
32,47672,0,"1",317561
33,47672,0,"1",317561
34,47672,0,"1",317561
35,47672,0,"1",317561
36,47672,0,"1",317561
37,47672,0,"1",317561
38,47672,0,"1",317561
39,47672,0,"1",317561
40,47672,0.14,"1",317561
41,47672,0.29,"1",317561
42,47672,0.86,"1",317561
43,47672,0.14,"1",317561
44,47672,0,"1",317561
45,47672,0.14,"1",317561
46,47672,0,"1",317561
47,47672,0,"1",317561
48,47672,0.14,"1",317561
49,47672,0.14,"1",317561
50,47672,0,"1",317561
51,47672,0.14,"1",317561
52,47672,0.43,"1",317561
0,48318,0.86,"1",321632
1,48318,2,"1",321632
2,48318,2.29,"1",321632
3,48318,1.43,"1",321632
4,48318,1.71,"1",321632
5,48318,2.71,"1",321632
6,48318,2,"1",321632
7,48318,2.43,"1",321632
8,48318,2.43,"1",321632
9,48318,2.43,"1",321632
10,48318,1.57,"1",321632
11,48318,3.71,"1",321632
12,48318,4.14,"1",321632
13,48318,3.14,"1",321632
14,48318,3.71,"1",321632
15,48318,1.86,"1",321632
16,48318,3.14,"1",321632
17,48318,4.14,"1",321632
18,48318,4.14,"1",321632
19,48318,3.86,"1",321632
20,48318,3,"1",321632
21,48318,4.71,"1",321632
22,48318,3.71,"1",321632
23,48318,3,"1",321632
24,48318,3,"1",321632
25,48318,2,"1",321632
26,48318,2.29,"1",321632
27,48318,1.29,"1",321632
28,48318,2.29,"1",321632
29,48318,0.86,"1",321632
30,48318,0.57,"1",321632
31,48318,0.86,"1",321632
32,48318,0.71,"1",321632
33,48318,0.71,"1",321632
34,48318,0.86,"1",321632
35,48318,1.71,"1",321632
36,48318,2.14,"1",321632
37,48318,1.57,"1",321632
38,48318,1.14,"1",321632
39,48318,2.86,"1",321632
40,48318,1.14,"1",321632
41,48318,2,"1",321632
42,48318,1.71,"1",321632
43,48318,2.14,"1",321632
44,48318,3.86,"1",321632
45,48318,3.29,"1",321632
46,48318,1.71,"1",321632
47,48318,3.43,"1",321632
48,48318,1.43,"1",321632
49,48318,1.57,"1",321632
50,48318,1.71,"1",321632
51,48318,1.86,"1",321632
52,48318,2.14,"1",321632
0,48967,1,"1",326210
1,48967,0.57,"1",326210
2,48967,1.14,"1",326210
3,48967,0.14,"1",326210
4,48967,0.71,"1",326210
5,48967,0.43,"1",326210
6,48967,0.43,"1",326210
7,48967,0.43,"1",326210
8,48967,0.43,"1",326210
9,48967,0.57,"1",326210
10,48967,0.71,"1",326210
11,48967,1,"1",326210
12,48967,2.29,"1",326210
13,48967,2.57,"1",326210
14,48967,4.14,"1",326210
15,48967,4,"1",326210
16,48967,4,"1",326210
17,48967,3.71,"1",326210
18,48967,2.86,"1",326210
19,48967,2.43,"1",326210
20,48967,1.71,"1",326210
21,48967,2.86,"1",326210
22,48967,3.14,"1",326210
23,48967,3.43,"1",326210
24,48967,4.14,"1",326210
25,48967,3.29,"1",326210
26,48967,3,"1",326210
27,48967,3.43,"1",326210
28,48967,2.71,"1",326210
29,48967,3.14,"1",326210
30,48967,2.57,"1",326210
31,48967,1.71,"1",326210
32,48967,1.86,"1",326210
33,48967,1.57,"1",326210
34,48967,1,"1",326210
35,48967,0.43,"1",326210
36,48967,1.14,"1",326210
37,48967,0.71,"1",326210
38,48967,0.43,"1",326210
39,48967,1.29,"1",326210
40,48967,0.71,"1",326210
41,48967,1.57,"1",326210
42,48967,1.57,"1",326210
43,48967,1.29,"1",326210
44,48967,1.43,"1",326210
45,48967,0.57,"1",326210
46,48967,0.57,"1",326210
47,48967,0.57,"1",326210
48,48967,1,"1",326210
49,48967,0.86,"1",326210
50,48967,0.86,"1",326210
51,48967,0.71,"1",326210
52,48967,1.71,"1",326210
0,49614,0.86,"1",330682
1,49614,1,"1",330682
2,49614,2.57,"1",330682
3,49614,3.86,"1",330682
4,49614,3.14,"1",330682
5,49614,4.14,"1",330682
6,49614,4,"1",330682
7,49614,5.43,"1",330682
8,49614,6.71,"1",330682
9,49614,7.43,"1",330682
10,49614,7.57,"1",330682
11,49614,7.86,"1",330682
12,49614,7,"1",330682
13,49614,10.14,"1",330682
14,49614,10.14,"1",330682
15,49614,12.43,"1",330682
16,49614,12.14,"1",330682
17,49614,16.86,"1",330682
18,49614,17.14,"1",330682
18,49614,17.14,"1b",330683
19,49614,20,"1b",330683
20,49614,20.57,"1b",330683
21,49614,20,"1b",330683
22,49614,17.14,"1b",330683
23,49614,17.71,"1b",330683
24,49614,16.57,"1b",330683
25,49614,18.29,"1b",330683
26,49614,17.14,"1b",330683
27,49614,16.57,"1b",330683
28,49614,20.57,"1b",330683
29,49614,17.71,"1b",330683
30,49614,19.43,"1b",330683
31,49614,14.29,"1b",330683
32,49614,14.86,"1b",330683
33,49614,13.14,"1b",330683
34,49614,3.57,"1b",330683
35,49614,2.71,"1b",330683
36,49614,3,"1b",330683
36,49614,3,"1",330684
37,49614,3.29,"1",330684
38,49614,2.14,"1",330684
39,49614,2.43,"1",330684
40,49614,3.86,"1",330684
41,49614,3.71,"1",330684
42,49614,4.57,"1",330684
43,49614,3.71,"1",330684
44,49614,2.86,"1",330684
45,49614,2.57,"1",330684
46,49614,2.57,"1",330684
47,49614,2.86,"1",330684
48,49614,2.57,"1",330684
49,49614,1.29,"1",330684
50,49614,2.29,"1",330684
51,49614,4,"1",330684
52,49614,3.29,"1",330684
0,50264,0.86,"1",335195
1,50264,1,"1",335195
2,50264,1.29,"1",335195
3,50264,0.86,"1",335195
4,50264,1.57,"1",335195
5,50264,1,"1",335195
6,50264,0.86,"1",335195
7,50264,1,"1",335195
8,50264,0.71,"1",335195
9,50264,0.43,"1",335195
10,50264,0.29,"1",335195
11,50264,0.14,"1",335195
12,50264,0.14,"1",335195
13,50264,0.57,"1",335195
14,50264,0.43,"1",335195
15,50264,0.86,"1",335195
16,50264,1.57,"1",335195
17,50264,1.57,"1",335195
18,50264,0.86,"1",335195
19,50264,1,"1",335195
20,50264,1.86,"1",335195
21,50264,1.29,"1",335195
22,50264,0.71,"1",335195
23,50264,1.14,"1",335195
24,50264,0.43,"1",335195
25,50264,0.57,"1",335195
26,50264,0.86,"1",335195
27,50264,0,"1",335195
28,50264,0.57,"1",335195
29,50264,1.86,"1",335195
30,50264,2,"1",335195
31,50264,2.71,"1",335195
32,50264,2.71,"1",335195
33,50264,2.57,"1",335195
34,50264,3.86,"1",335195
35,50264,2.29,"1",335195
36,50264,2.57,"1",335195
37,50264,2.43,"1",335195
38,50264,2,"1",335195
39,50264,2.57,"1",335195
40,50264,2.43,"1",335195
41,50264,3.57,"1",335195
42,50264,5.14,"1",335195
43,50264,6.43,"1",335195
44,50264,5.57,"1",335195
45,50264,5,"1",335195
46,50264,4.43,"1",335195
47,50264,5.14,"1",335195
48,50264,5,"1",335195
49,50264,4.86,"1",335195
50,50264,5,"1",335195
51,50264,3.86,"1",335195
52,50264,3.71,"1",335195
0,50913,0.86,"1",339387
1,50913,1.14,"1",339387
2,50913,1.71,"1",339387
3,50913,1,"1",339387
4,50913,2.57,"1",339387
5,50913,1.71,"1",339387
6,50913,2.14,"1",339387
7,50913,3.86,"1",339387
8,50913,3.71,"1",339387
9,50913,4.71,"1",339387
10,50913,5.14,"1",339387
11,50913,3.71,"1",339387
12,50913,6.43,"1",339387
13,50913,6.14,"1",339387
14,50913,4.71,"1",339387
15,50913,4.29,"1",339387
16,50913,7.43,"1",339387
17,50913,7.43,"1",339387
18,50913,6.29,"1",339387
19,50913,8.14,"1",339387
20,50913,6.43,"1",339387
21,50913,5.43,"1",339387
22,50913,7.86,"1",339387
23,50913,5.57,"1",339387
24,50913,4.29,"1",339387
25,50913,3.29,"1",339387
26,50913,1.71,"1",339387
27,50913,2.14,"1",339387
28,50913,1.86,"1",339387
29,50913,1.71,"1",339387
30,50913,0.57,"1",339387
31,50913,0.29,"1",339387
32,50913,0.57,"1",339387
33,50913,0.29,"1",339387
34,50913,0.57,"1",339387
35,50913,0.43,"1",339387
36,50913,0.57,"1",339387
37,50913,0.43,"1",339387
38,50913,0.57,"1",339387
39,50913,0.29,"1",339387
40,50913,0.57,"1",339387
41,50913,1,"1",339387
42,50913,1.57,"1",339387
43,50913,1.43,"1",339387
44,50913,1,"1",339387
45,50913,1.71,"1",339387
46,50913,2,"1",339387
47,50913,1.86,"1",339387
48,50913,1,"1",339387
49,50913,2.14,"1",339387
50,50913,3.29,"1",339387
51,50913,3,"1",339387
52,50913,2.43,"1",339387
0,51559,0.86,"1",343399
1,51559,1.29,"1",343399
2,51559,2.43,"1",343399
3,51559,3.14,"1",343399
4,51559,2.86,"1",343399
5,51559,3.86,"1",343399
6,51559,4.57,"1",343399
7,51559,5,"1",343399
8,51559,5.57,"1",343399
9,51559,6,"1",343399
10,51559,8.14,"1",343399
11,51559,9.57,"1",343399
12,51559,10.14,"1",343399
13,51559,13.71,"1",343399
14,51559,16.71,"1",343399
15,51559,9.14,"1",343399
15,51559,9.14,"1b",343400
16,51559,10.29,"1b",343400
17,51559,8.43,"1b",343400
18,51559,8.14,"1b",343400
19,51559,8.14,"1b",343400
19,51559,8.14,"1",343401
20,51559,8.14,"1",343401
21,51559,11,"1",343401
22,51559,11.57,"1",343401
23,51559,9.14,"1",343401
24,51559,10,"1",343401
25,51559,12.86,"1",343401
26,51559,11.86,"1",343401
27,51559,10.71,"1",343401
28,51559,10.57,"1",343401
29,51559,5.57,"1",343401
30,51559,7.86,"1",343401
31,51559,7.43,"1",343401
32,51559,5,"1",343401
33,51559,4.29,"1",343401
34,51559,2.14,"1",343401
35,51559,2.29,"1",343401
36,51559,1.43,"1",343401
37,51559,0.86,"1",343401
38,51559,1,"1",343401
39,51559,1.43,"1",343401
40,51559,2.86,"1",343401
41,51559,3.86,"1",343401
42,51559,4.14,"1",343401
43,51559,3,"1",343401
44,51559,2.57,"1",343401
45,51559,2.57,"1",343401
46,51559,2.29,"1",343401
47,51559,2.14,"1",343401
48,51559,1.57,"1",343401
49,51559,1.43,"1",343401
50,51559,1,"1",343401
51,51559,2.29,"1",343401
52,51559,2,"1",343401
0,52208,0.86,"1",347762
1,52208,1.14,"1",347762
2,52208,2,"1",347762
3,52208,1.43,"1",347762
4,52208,1.71,"1",347762
5,52208,1.43,"1",347762
6,52208,3,"1",347762
7,52208,2.86,"1",347762
8,52208,2.71,"1",347762
9,52208,5,"1",347762
10,52208,5.43,"1",347762
11,52208,3.71,"1",347762
12,52208,4.14,"1",347762
13,52208,3.71,"1",347762
14,52208,4.29,"1",347762
15,52208,5.14,"1",347762
16,52208,5.86,"1",347762
17,52208,5.86,"1",347762
18,52208,7,"1",347762
19,52208,6.86,"1",347762
20,52208,7,"1",347762
21,52208,3.71,"1",347762
22,52208,4.86,"1",347762
23,52208,6.57,"1",347762
24,52208,5,"1",347762
25,52208,3.14,"1",347762
26,52208,5.43,"1",347762
27,52208,4,"1",347762
28,52208,4,"1",347762
29,52208,4.29,"1",347762
30,52208,4.43,"1",347762
31,52208,4.57,"1",347762
32,52208,4.14,"1",347762
33,52208,3.14,"1",347762
34,52208,2.57,"1",347762
35,52208,1.29,"1",347762
36,52208,1,"1",347762
37,52208,1.57,"1",347762
38,52208,2.14,"1",347762
39,52208,2.43,"1",347762
40,52208,2.86,"1",347762
41,52208,4.43,"1",347762
42,52208,4,"1",347762
43,52208,5.57,"1",347762
44,52208,5.86,"1",347762
45,52208,4.86,"1",347762
46,52208,3,"1",347762
47,52208,2.86,"1",347762
48,52208,3,"1",347762
49,52208,2.71,"1",347762
50,52208,2.43,"1",347762
51,52208,2.43,"1",347762
52,52208,2.14,"1",347762
0,52856,0.86,"1",352404
1,52856,0.86,"1",352404
2,52856,0.86,"1",352404
3,52856,1.14,"1",352404
4,52856,1.43,"1",352404
5,52856,1.14,"1",352404
6,52856,1.71,"1",352404
7,52856,2.14,"1",352404
8,52856,2.57,"1",352404
9,52856,2,"1",352404
10,52856,3.57,"1",352404
11,52856,3.86,"1",352404
12,52856,4.71,"1",352404
13,52856,5.14,"1",352404
14,52856,7.57,"1",352404
15,52856,7,"1",352404
16,52856,7.57,"1",352404
17,52856,8.14,"1",352404
18,52856,6.86,"1",352404
19,52856,6.43,"1",352404
20,52856,5.14,"1",352404
21,52856,4,"1",352404
22,52856,2.29,"1",352404
23,52856,2.71,"1",352404
24,52856,3.29,"1",352404
25,52856,2.14,"1",352404
26,52856,2.57,"1",352404
27,52856,1.29,"1",352404
28,52856,3.14,"1",352404
29,52856,2,"1",352404
30,52856,2.14,"1",352404
31,52856,2.14,"1",352404
32,52856,2.43,"1",352404
33,52856,3.43,"1",352404
34,52856,2.14,"1",352404
35,52856,1.57,"1",352404
36,52856,1.86,"1",352404
37,52856,1.43,"1",352404
38,52856,1.14,"1",352404
39,52856,1.57,"1",352404
40,52856,1.86,"1",352404
41,52856,2.14,"1",352404
42,52856,2,"1",352404
43,52856,2.86,"1",352404
44,52856,2.43,"1",352404
45,52856,1.71,"1",352404
46,52856,2.14,"1",352404
47,52856,2,"1",352404
48,52856,1.14,"1",352404
49,52856,1.43,"1",352404
50,52856,1.57,"1",352404
51,52856,0.86,"1",352404
52,52856,1,"1",352404
0,53503,0.86,"1",357084
1,53503,1.14,"1",357084
2,53503,1.86,"1",357084
3,53503,2.29,"1",357084
4,53503,3,"1",357084
5,53503,3.86,"1",357084
6,53503,3.86,"1",357084
7,53503,3.57,"1",357084
8,53503,5.43,"1",357084
9,53503,5.43,"1",357084
10,53503,3.71,"1",357084
11,53503,5.29,"1",357084
12,53503,5.29,"1",357084
13,53503,5.43,"1",357084
14,53503,6.43,"1",357084
15,53503,6,"1",357084
16,53503,7.29,"1",357084
17,53503,6,"1",357084
18,53503,7.86,"1",357084
19,53503,5.86,"1",357084
20,53503,5.57,"1",357084
21,53503,6.29,"1",357084
22,53503,5.14,"1",357084
23,53503,5,"1",357084
24,53503,4,"1",357084
25,53503,2.14,"1",357084
26,53503,3,"1",357084
27,53503,1.86,"1",357084
28,53503,1.29,"1",357084
29,53503,0.86,"1",357084
30,53503,1.14,"1",357084
31,53503,1.29,"1",357084
32,53503,0.71,"1",357084
33,53503,1,"1",357084
34,53503,1.29,"1",357084
35,53503,0.43,"1",357084
36,53503,0.57,"1",357084
37,53503,0,"1",357084
38,53503,0.29,"1",357084
39,53503,0.14,"1",357084
40,53503,0.43,"1",357084
41,53503,0.57,"1",357084
42,53503,0.29,"1",357084
43,53503,0.29,"1",357084
44,53503,1.14,"1",357084
45,53503,0.86,"1",357084
46,53503,0.43,"1",357084
47,53503,0.71,"1",357084
48,53503,1.57,"1",357084
49,53503,0.71,"1",357084
50,53503,0.57,"1",357084
51,53503,0.29,"1",357084
52,53503,0.43,"1",357084
0,54155,0.86,"1",361272
1,54155,0.71,"1",361272
2,54155,0.86,"1",361272
3,54155,0.43,"1",361272
4,54155,1,"1",361272
5,54155,1,"1",361272
6,54155,1,"1",361272
7,54155,1.14,"1",361272
8,54155,1.14,"1",361272
9,54155,0.57,"1",361272
10,54155,0.71,"1",361272
11,54155,0.71,"1",361272
12,54155,1.57,"1",361272
13,54155,1.43,"1",361272
14,54155,1.86,"1",361272
15,54155,1.57,"1",361272
16,54155,1.14,"1",361272
17,54155,1.57,"1",361272
18,54155,1.43,"1",361272
19,54155,1.29,"1",361272
20,54155,1.71,"1",361272
21,54155,1.86,"1",361272
22,54155,2.29,"1",361272
23,54155,0.71,"1",361272
24,54155,0.43,"1",361272
25,54155,0.71,"1",361272
26,54155,0.86,"1",361272
27,54155,0.71,"1",361272
28,54155,0.57,"1",361272
29,54155,0.57,"1",361272
30,54155,0.71,"1",361272
31,54155,1.29,"1",361272
32,54155,0.71,"1",361272
33,54155,1.29,"1",361272
34,54155,0.86,"1",361272
35,54155,0.43,"1",361272
36,54155,1.29,"1",361272
37,54155,0.86,"1",361272
38,54155,1.14,"1",361272
39,54155,1.57,"1",361272
40,54155,3.29,"1",361272
41,54155,3.71,"1",361272
42,54155,2.71,"1",361272
43,54155,2.86,"1",361272
44,54155,2.57,"1",361272
45,54155,1.71,"1",361272
46,54155,1.57,"1",361272
47,54155,2.57,"1",361272
48,54155,1.14,"1",361272
49,54155,2.43,"1",361272
50,54155,2.29,"1",361272
51,54155,2.86,"1",361272
52,54155,1.71,"1",361272
0,54802,1,"1",365753
1,54802,0.43,"1",365753
2,54802,0.57,"1",365753
3,54802,1.71,"1",365753
4,54802,1.71,"1",365753
5,54802,1.86,"1",365753
6,54802,2.14,"1",365753
7,54802,3.29,"1",365753
8,54802,1.86,"1",365753
9,54802,3.14,"1",365753
10,54802,3,"1",365753
11,54802,4.29,"1",365753
12,54802,5.29,"1",365753
13,54802,6.43,"1",365753
14,54802,7,"1",365753
15,54802,6,"1",365753
16,54802,6.86,"1",365753
17,54802,6.14,"1",365753
18,54802,6.29,"1",365753
19,54802,6.29,"1",365753
20,54802,6.57,"1",365753
21,54802,5.43,"1",365753
22,54802,3.57,"1",365753
23,54802,2.14,"1",365753
24,54802,1.57,"1",365753
25,54802,1.86,"1",365753
26,54802,1.57,"1",365753
27,54802,0.43,"1",365753
28,54802,0.71,"1",365753
29,54802,0.86,"1",365753
30,54802,0.57,"1",365753
31,54802,0.86,"1",365753
32,54802,1,"1",365753
33,54802,0.71,"1",365753
34,54802,0.14,"1",365753
35,54802,0.29,"1",365753
36,54802,0.14,"1",365753
37,54802,0.86,"1",365753
38,54802,0.43,"1",365753
39,54802,1.14,"1",365753
40,54802,1.29,"1",365753
41,54802,1.43,"1",365753
42,54802,1.43,"1",365753
43,54802,1.71,"1",365753
44,54802,2.43,"1",365753
45,54802,2.14,"1",365753
46,54802,1.29,"1",365753
47,54802,2,"1",365753
48,54802,1.43,"1",365753
49,54802,1.57,"1",365753
50,54802,1.57,"1",365753
51,54802,2,"1",365753
52,54802,1.14,"1",365753
0,55448,0.86,"1",369739
1,55448,1.86,"1",369739
2,55448,2.43,"1",369739
3,55448,2.14,"1",369739
4,55448,2.57,"1",369739
5,55448,1.86,"1",369739
6,55448,2,"1",369739
7,55448,3.86,"1",369739
8,55448,4.43,"1",369739
9,55448,5.71,"1",369739
10,55448,6.14,"1",369739
11,55448,5.86,"1",369739
12,55448,9.86,"1",369739
13,55448,8.57,"1",369739
14,55448,10.71,"1",369739
15,55448,12.57,"1",369739
16,55448,9.57,"1",369739
17,55448,9.86,"1",369739
18,55448,10.57,"1",369739
19,55448,9,"1",369739
20,55448,10.14,"1",369739
21,55448,8.71,"1",369739
22,55448,8.71,"1",369739
23,55448,8,"1",369739
24,55448,8.14,"1",369739
25,55448,8.29,"1",369739
26,55448,7.14,"1",369739
27,55448,3.57,"1",369739
28,55448,4.29,"1",369739
29,55448,3.29,"1",369739
30,55448,4,"1",369739
31,55448,3.29,"1",369739
32,55448,2.43,"1",369739
33,55448,2.14,"1",369739
34,55448,1.57,"1",369739
35,55448,0.86,"1",369739
36,55448,0.71,"1",369739
37,55448,0.86,"1",369739
38,55448,0.86,"1",369739
39,55448,1.14,"1",369739
40,55448,1.29,"1",369739
41,55448,1.43,"1",369739
42,55448,1.29,"1",369739
43,55448,1.86,"1",369739
44,55448,0.86,"1",369739
45,55448,1.71,"1",369739
46,55448,1.43,"1",369739
47,55448,2.29,"1",369739
48,55448,3,"1",369739
49,55448,3.14,"1",369739
50,55448,1.86,"1",369739
51,55448,1.71,"1",369739
52,55448,1.43,"1",369739
0,56094,0.86,"1",374301
1,56094,1.29,"1",374301
2,56094,1,"1",374301
3,56094,0.57,"1",374301
4,56094,1,"1",374301
5,56094,1,"1",374301
6,56094,0.57,"1",374301
7,56094,0.43,"1",374301
8,56094,0.57,"1",374301
9,56094,0.71,"1",374301
10,56094,0.43,"1",374301
11,56094,1.14,"1",374301
12,56094,1,"1",374301
13,56094,1.43,"1",374301
14,56094,1,"1",374301
15,56094,0.71,"1",374301
16,56094,0.57,"1",374301
17,56094,0.86,"1",374301
18,56094,0.71,"1",374301
19,56094,0.86,"1",374301
20,56094,1.57,"1",374301
21,56094,1.29,"1",374301
22,56094,2.14,"1",374301
23,56094,1.71,"1",374301
24,56094,2.71,"1",374301
25,56094,2.43,"1",374301
26,56094,2.43,"1",374301
27,56094,2.14,"1",374301
28,56094,2.71,"1",374301
29,56094,1.57,"1",374301
30,56094,1.71,"1",374301
31,56094,2.71,"1",374301
32,56094,2.14,"1",374301
33,56094,2.43,"1",374301
34,56094,1.14,"1",374301
35,56094,0.86,"1",374301
36,56094,1.57,"1",374301
37,56094,1.43,"1",374301
38,56094,1.86,"1",374301
39,56094,1.14,"1",374301
40,56094,1.71,"1",374301
41,56094,0.71,"1",374301
42,56094,0.29,"1",374301
43,56094,0.29,"1",374301
44,56094,0.43,"1",374301
45,56094,0.29,"1",374301
46,56094,0,"1",374301
47,56094,0.57,"1",374301
48,56094,0.57,"1",374301
49,56094,0.57,"1",374301
50,56094,0.29,"1",374301
51,56094,0.57,"1",374301
52,56094,0.71,"1",374301
0,56742,0.86,"1",378373
1,56742,1.57,"1",378373
2,56742,0.71,"1",378373
3,56742,1.43,"1",378373
4,56742,1.57,"1",378373
5,56742,1.86,"1",378373
6,56742,1.86,"1",378373
7,56742,0.57,"1",378373
8,56742,1,"1",378373
9,56742,1.57,"1",378373
10,56742,1.86,"1",378373
11,56742,2.57,"1",378373
12,56742,3.29,"1",378373
13,56742,3,"1",378373
14,56742,3.43,"1",378373
15,56742,3.71,"1",378373
16,56742,2.43,"1",378373
17,56742,4.86,"1",378373
18,56742,3.29,"1",378373
19,56742,2.14,"1",378373
20,56742,2.29,"1",378373
21,56742,2,"1",378373
22,56742,1.29,"1",378373
23,56742,1.43,"1",378373
24,56742,2,"1",378373
25,56742,0.71,"1",378373
26,56742,0.57,"1",378373
27,56742,0.14,"1",378373
28,56742,0.71,"1",378373
29,56742,0.86,"1",378373
30,56742,1,"1",378373
31,56742,0.57,"1",378373
32,56742,1.57,"1",378373
33,56742,2.57,"1",378373
34,56742,2.43,"1",378373
35,56742,3.43,"1",378373
36,56742,1.86,"1",378373
37,56742,2.86,"1",378373
38,56742,1.43,"1",378373
39,56742,1.43,"1",378373
40,56742,2,"1",378373
41,56742,2.43,"1",378373
42,56742,1.14,"1",378373
43,56742,2.29,"1",378373
44,56742,1.14,"1",378373
45,56742,0.71,"1",378373
46,56742,0.86,"1",378373
47,56742,1.29,"1",378373
48,56742,1.14,"1",378373
49,56742,2.14,"1",378373
50,56742,1.71,"1",378373
51,56742,2.71,"1",378373
52,56742,1.86,"1",378373
0,57391,0.86,"1",382809
1,57391,1.71,"1",382809
2,57391,2.29,"1",382809
3,57391,2,"1",382809
4,57391,2.43,"1",382809
5,57391,2.86,"1",382809
6,57391,4.29,"1",382809
7,57391,4.86,"1",382809
8,57391,6.43,"1",382809
9,57391,6,"1",382809
10,57391,6,"1",382809
11,57391,8.14,"1",382809
12,57391,8.43,"1",382809
13,57391,9.14,"1",382809
14,57391,8.57,"1",382809
15,57391,7.14,"1",382809
16,57391,7,"1",382809
17,57391,5.86,"1",382809
18,57391,5.43,"1",382809
19,57391,5.71,"1",382809
20,57391,7.43,"1",382809
21,57391,6.43,"1",382809
22,57391,5.71,"1",382809
23,57391,4.71,"1",382809
24,57391,3.29,"1",382809
25,57391,2.43,"1",382809
26,57391,3.29,"1",382809
27,57391,2,"1",382809
28,57391,4.29,"1",382809
29,57391,5.14,"1",382809
30,57391,4,"1",382809
31,57391,4,"1",382809
32,57391,2.86,"1",382809
33,57391,3.29,"1",382809
34,57391,2.86,"1",382809
35,57391,0.86,"1",382809
36,57391,1.43,"1",382809
37,57391,0.71,"1",382809
38,57391,0.71,"1",382809
39,57391,0.57,"1",382809
40,57391,1,"1",382809
41,57391,0.71,"1",382809
42,57391,1.29,"1",382809
43,57391,0.71,"1",382809
44,57391,0.71,"1",382809
45,57391,0.57,"1",382809
46,57391,0.86,"1",382809
47,57391,0.71,"1",382809
48,57391,0.86,"1",382809
49,57391,0.86,"1",382809
50,57391,1.29,"1",382809
51,57391,1.57,"1",382809
52,57391,1,"1",382809
0,58039,0.86,"1",386998
1,58039,0.29,"1",386998
2,58039,1.29,"1",386998
3,58039,1.14,"1",386998
4,58039,1.71,"1",386998
5,58039,2.71,"1",386998
6,58039,4.14,"1",386998
7,58039,4.86,"1",386998
8,58039,4,"1",386998
9,58039,4.71,"1",386998
10,58039,3.86,"1",386998
11,58039,4.43,"1",386998
12,58039,3.29,"1",386998
13,58039,5.14,"1",386998
14,58039,4.43,"1",386998
15,58039,5.29,"1",386998
16,58039,4.43,"1",386998
17,58039,6.14,"1",386998
18,58039,6.71,"1",386998
19,58039,5,"1",386998
20,58039,6,"1",386998
21,58039,7.71,"1",386998
22,58039,6.43,"1",386998
23,58039,6.43,"1",386998
24,58039,5.71,"1",386998
25,58039,5.14,"1",386998
26,58039,4,"1",386998
27,58039,3.86,"1",386998
28,58039,3.57,"1",386998
29,58039,3.43,"1",386998
30,58039,4.29,"1",386998
31,58039,3.57,"1",386998
32,58039,2.57,"1",386998
33,58039,3.71,"1",386998
34,58039,3.43,"1",386998
35,58039,2.43,"1",386998
36,58039,2.57,"1",386998
37,58039,2.57,"1",386998
38,58039,2.43,"1",386998
39,58039,2.29,"1",386998
40,58039,5.57,"1",386998
41,58039,4.57,"1",386998
42,58039,3.86,"1",386998
43,58039,1.43,"1",386998
44,58039,1.71,"1",386998
45,58039,1.57,"1",386998
46,58039,1,"1",386998
47,58039,1.29,"1",386998
48,58039,1.86,"1",386998
49,58039,1,"1",386998
50,58039,2,"1",386998
51,58039,2.29,"1",386998
52,58039,1.86,"1",386998
0,58687,0.86,"1",391447
1,58687,1.57,"1",391447
2,58687,2.43,"1",391447
3,58687,2.29,"1",391447
4,58687,2.57,"1",391447
5,58687,3.71,"1",391447
6,58687,3.29,"1",391447
7,58687,3.71,"1",391447
8,58687,4.14,"1",391447
9,58687,4.43,"1",391447
10,58687,3.57,"1",391447
11,58687,3.71,"1",391447
12,58687,2.29,"1",391447
13,58687,5.14,"1",391447
14,58687,5.43,"1",391447
15,58687,6.14,"1",391447
16,58687,5.71,"1",391447
17,58687,6.86,"1",391447
18,58687,6,"1",391447
19,58687,6.86,"1",391447
20,58687,5.71,"1",391447
21,58687,7.29,"1",391447
22,58687,5,"1",391447
23,58687,4.86,"1",391447
24,58687,4.14,"1",391447
25,58687,2.86,"1",391447
26,58687,3,"1",391447
27,58687,3.43,"1",391447
28,58687,1.71,"1",391447
29,58687,1.57,"1",391447
30,58687,1.57,"1",391447
31,58687,1,"1",391447
32,58687,1.43,"1",391447
33,58687,0.57,"1",391447
34,58687,0.86,"1",391447
35,58687,0.86,"1",391447
36,58687,1.14,"1",391447
37,58687,1,"1",391447
38,58687,0.43,"1",391447
39,58687,0.14,"1",391447
40,58687,0.29,"1",391447
41,58687,0.43,"1",391447
42,58687,0.86,"1",391447
43,58687,0.86,"1",391447
44,58687,1.43,"1",391447
45,58687,1.29,"1",391447
46,58687,2.14,"1",391447
47,58687,1.14,"1",391447
48,58687,1.43,"1",391447
49,58687,0.86,"1",391447
50,58687,1.14,"1",391447
51,58687,0.57,"1",391447
52,58687,0.43,"1",391447
0,59337,0.86,"1",395997
1,59337,1.71,"1",395997
2,59337,2.29,"1",395997
3,59337,1.57,"1",395997
4,59337,2.29,"1",395997
5,59337,2.43,"1",395997
6,59337,3,"1",395997
7,59337,3.29,"1",395997
8,59337,4,"1",395997
9,59337,4,"1",395997
10,59337,5.86,"1",395997
11,59337,4.57,"1",395997
12,59337,7.71,"1",395997
13,59337,8.57,"1",395997
14,59337,10.57,"1",395997
15,59337,9.43,"1",395997
16,59337,9.43,"1",395997
17,59337,7.29,"1",395997
18,59337,7.86,"1",395997
19,59337,7.71,"1",395997
20,59337,8.71,"1",395997
21,59337,5.57,"1",395997
22,59337,4.57,"1",395997
23,59337,4,"1",395997
24,59337,2.57,"1",395997
25,59337,3.71,"1",395997
26,59337,4,"1",395997
27,59337,3.57,"1",395997
28,59337,1.71,"1",395997
29,59337,2,"1",395997
30,59337,3,"1",395997
31,59337,2.43,"1",395997
32,59337,3,"1",395997
33,59337,2,"1",395997
34,59337,1.14,"1",395997
35,59337,0.86,"1",395997
36,59337,1.14,"1",395997
37,59337,0.43,"1",395997
38,59337,0.57,"1",395997
39,59337,0.57,"1",395997
40,59337,1.29,"1",395997
41,59337,2.86,"1",395997
42,59337,3.57,"1",395997
43,59337,1.57,"1",395997
44,59337,1.86,"1",395997
45,59337,1.57,"1",395997
46,59337,1.86,"1",395997
47,59337,1.86,"1",395997
48,59337,1.29,"1",395997
49,59337,2.14,"1",395997
50,59337,1.29,"1",395997
51,59337,0.71,"1",395997
52,59337,0.29,"1",395997
0,59984,0.86,"1",400404
1,59984,1.57,"1",400404
2,59984,2.86,"1",400404
3,59984,3.71,"1",400404
4,59984,4.14,"1",400404
5,59984,4.14,"1",400404
6,59984,6.43,"1",400404
7,59984,4.71,"1",400404
8,59984,5.29,"1",400404
9,59984,3.71,"1",400404
10,59984,4.43,"1",400404
11,59984,5,"1",400404
12,59984,5.29,"1",400404
13,59984,7,"1",400404
14,59984,8.29,"1",400404
15,59984,7,"1",400404
16,59984,6.57,"1",400404
17,59984,5.29,"1",400404
18,59984,5.29,"1",400404
19,59984,5.57,"1",400404
20,59984,5.14,"1",400404
21,59984,5.71,"1",400404
22,59984,6.14,"1",400404
23,59984,5.57,"1",400404
24,59984,5.29,"1",400404
25,59984,5.14,"1",400404
26,59984,4.14,"1",400404
27,59984,3.86,"1",400404
28,59984,5,"1",400404
29,59984,4.57,"1",400404
30,59984,4.57,"1",400404
31,59984,3.57,"1",400404
32,59984,3.57,"1",400404
33,59984,2.43,"1",400404
34,59984,1.71,"1",400404
35,59984,1.43,"1",400404
36,59984,1,"1",400404
37,59984,1,"1",400404
38,59984,1.71,"1",400404
39,59984,1.29,"1",400404
40,59984,1.43,"1",400404
41,59984,2.14,"1",400404
42,59984,2.14,"1",400404
43,59984,3.29,"1",400404
44,59984,2.86,"1",400404
45,59984,2.71,"1",400404
46,59984,3.29,"1",400404
47,59984,2.57,"1",400404
48,59984,2.57,"1",400404
49,59984,1.86,"1",400404
50,59984,2,"1",400404
51,59984,1.57,"1",400404
52,59984,1.86,"1",400404
0,60632,0.86,"1",404808
1,60632,1.14,"1",404808
2,60632,1.29,"1",404808
3,60632,2.43,"1",404808
4,60632,2.86,"1",404808
5,60632,3,"1",404808
6,60632,2.57,"1",404808
7,60632,2.86,"1",404808
8,60632,5.29,"1",404808
9,60632,6.57,"1",404808
10,60632,5.86,"1",404808
11,60632,3.86,"1",404808
12,60632,4.29,"1",404808
13,60632,4.29,"1",404808
14,60632,6,"1",404808
15,60632,4.86,"1",404808
16,60632,5.43,"1",404808
17,60632,5.14,"1",404808
18,60632,3.71,"1",404808
19,60632,5.57,"1",404808
20,60632,3.71,"1",404808
21,60632,3.14,"1",404808
22,60632,4.57,"1",404808
23,60632,3.29,"1",404808
24,60632,3.14,"1",404808
25,60632,3.14,"1",404808
26,60632,1.86,"1",404808
27,60632,1.57,"1",404808
28,60632,0.29,"1",404808
29,60632,0.29,"1",404808
30,60632,0.43,"1",404808
31,60632,0.71,"1",404808
32,60632,1.14,"1",404808
33,60632,1.14,"1",404808
34,60632,0.71,"1",404808
35,60632,0.86,"1",404808
36,60632,0.29,"1",404808
37,60632,0.57,"1",404808
38,60632,1,"1",404808
39,60632,1,"1",404808
40,60632,1.43,"1",404808
41,60632,2,"1",404808
42,60632,1.86,"1",404808
43,60632,2.86,"1",404808
44,60632,3.71,"1",404808
45,60632,3,"1",404808
46,60632,2.71,"1",404808
47,60632,2.29,"1",404808
48,60632,1.71,"1",404808
49,60632,2.43,"1",404808
50,60632,2.43,"1",404808
51,60632,2,"1",404808
52,60632,2,"1",404808
0,61279,0.86,"1",408554
1,61279,2.43,"1",408554
2,61279,1.57,"1",408554
3,61279,2,"1",408554
4,61279,3,"1",408554
5,61279,2.71,"1",408554
6,61279,4.14,"1",408554
7,61279,5.43,"1",408554
8,61279,6.57,"1",408554
9,61279,7.86,"1",408554
10,61279,8.43,"1",408554
11,61279,10.14,"1",408554
12,61279,12.14,"1",408554
13,61279,10.29,"1",408554
14,61279,14.57,"1",408554
15,61279,11.43,"1",408554
16,61279,15.43,"1",408554
17,61279,17.14,"1",408554
18,61279,16.57,"1",408554
18,61279,16.57,"1b",408555
19,61279,20.57,"1b",408555
20,61279,21.71,"1b",408555
21,61279,26.86,"1b",408555
22,61279,15.43,"1b",408555
23,61279,14.29,"1b",408555
24,61279,13.14,"1b",408555
25,61279,7,"1b",408555
26,61279,3.86,"1b",408555
27,61279,4.29,"1b",408555
28,61279,2.29,"1b",408555
28,61279,2.29,"1",408556
29,61279,1.86,"1",408556
30,61279,2.43,"1",408556
31,61279,2.29,"1",408556
32,61279,1.43,"1",408556
33,61279,2.14,"1",408556
34,61279,2,"1",408556
35,61279,1.86,"1",408556
36,61279,1.29,"1",408556
37,61279,1.29,"1",408556
38,61279,1.14,"1",408556
39,61279,1.43,"1",408556
40,61279,1.86,"1",408556
41,61279,0.86,"1",408556
42,61279,1.71,"1",408556
43,61279,1,"1",408556
44,61279,1.14,"1",408556
45,61279,1.29,"1",408556
46,61279,0.86,"1",408556
47,61279,1.57,"1",408556
48,61279,1.71,"1",408556
49,61279,2,"1",408556
50,61279,2.57,"1",408556
51,61279,1.29,"1",408556
52,61279,1,"1",408556
0,61928,0.86,"1",412981
1,61928,0.29,"1",412981
2,61928,1.14,"1",412981
3,61928,0.57,"1",412981
4,61928,0.57,"1",412981
5,61928,0.71,"1",412981
6,61928,0.43,"1",412981
7,61928,0.86,"1",412981
8,61928,0.71,"1",412981
9,61928,1,"1",412981
10,61928,0.71,"1",412981
11,61928,1.43,"1",412981
12,61928,1.14,"1",412981
13,61928,0.71,"1",412981
14,61928,1.71,"1",412981
15,61928,2.29,"1",412981
16,61928,3.29,"1",412981
17,61928,2.71,"1",412981
18,61928,2.71,"1",412981
19,61928,2.43,"1",412981
20,61928,1.57,"1",412981
21,61928,2.71,"1",412981
22,61928,2.29,"1",412981
23,61928,1,"1",412981
24,61928,1.14,"1",412981
25,61928,1.57,"1",412981
26,61928,1,"1",412981
27,61928,1,"1",412981
28,61928,0.86,"1",412981
29,61928,1,"1",412981
30,61928,0.71,"1",412981
31,61928,0.57,"1",412981
32,61928,2,"1",412981
33,61928,0.86,"1",412981
34,61928,2.29,"1",412981
35,61928,3.14,"1",412981
36,61928,3.14,"1",412981
37,61928,3.43,"1",412981
38,61928,3.71,"1",412981
39,61928,5.43,"1",412981
40,61928,3.86,"1",412981
41,61928,4.29,"1",412981
42,61928,3.29,"1",412981
43,61928,1.57,"1",412981
44,61928,1.43,"1",412981
45,61928,3.57,"1",412981
46,61928,3,"1",412981
47,61928,2.86,"1",412981
48,61928,1.57,"1",412981
49,61928,2.14,"1",412981
50,61928,2.71,"1",412981
51,61928,2.43,"1",412981
52,61928,2.71,"1",412981
0,62579,0.86,"1",416899
1,62579,2.14,"1",416899
2,62579,4,"1",416899
3,62579,2.29,"1",416899
4,62579,1.43,"1",416899
5,62579,2.71,"1",416899
6,62579,2.29,"1",416899
7,62579,2.86,"1",416899
8,62579,3.29,"1",416899
9,62579,3.43,"1",416899
10,62579,4.57,"1",416899
11,62579,5.57,"1",416899
12,62579,5.43,"1",416899
13,62579,7.71,"1",416899
14,62579,9.43,"1",416899
15,62579,6.86,"1",416899
16,62579,7.14,"1",416899
17,62579,7.29,"1",416899
18,62579,9.86,"1",416899
19,62579,9.43,"1",416899
20,62579,9.29,"1",416899
21,62579,9,"1",416899
22,62579,8.57,"1",416899
23,62579,6.29,"1",416899
24,62579,6.86,"1",416899
25,62579,4.57,"1",416899
26,62579,4,"1",416899
27,62579,3.57,"1",416899
28,62579,2.43,"1",416899
29,62579,2.43,"1",416899
30,62579,3.29,"1",416899
31,62579,2.29,"1",416899
32,62579,1.29,"1",416899
33,62579,1.57,"1",416899
34,62579,2.14,"1",416899
35,62579,1.14,"1",416899
36,62579,1.71,"1",416899
37,62579,0.86,"1",416899
38,62579,0.86,"1",416899
39,62579,0.57,"1",416899
40,62579,0.86,"1",416899
41,62579,0.71,"1",416899
42,62579,1.57,"1",416899
43,62579,0.71,"1",416899
44,62579,1.43,"1",416899
45,62579,2.14,"1",416899
46,62579,2,"1",416899
47,62579,1.86,"1",416899
48,62579,1.14,"1",416899
49,62579,0.71,"1",416899
50,62579,0.43,"1",416899
51,62579,0.14,"1",416899
52,62579,0.14,"1",416899
0,63225,0.86,"1",421509
1,63225,1.29,"1",421509
2,63225,1.14,"1",421509
3,63225,1,"1",421509
4,63225,0.14,"1",421509
5,63225,0.29,"1",421509
6,63225,0.71,"1",421509
7,63225,0.43,"1",421509
8,63225,1.43,"1",421509
9,63225,1.86,"1",421509
10,63225,1.29,"1",421509
11,63225,2,"1",421509
12,63225,1,"1",421509
13,63225,0.43,"1",421509
14,63225,0.29,"1",421509
15,63225,0.71,"1",421509
16,63225,0.71,"1",421509
17,63225,2,"1",421509
18,63225,2,"1",421509
19,63225,2,"1",421509
20,63225,2.29,"1",421509
21,63225,1.86,"1",421509
22,63225,2.29,"1",421509
23,63225,2.43,"1",421509
24,63225,2.29,"1",421509
25,63225,3.43,"1",421509
26,63225,1.71,"1",421509
27,63225,4.14,"1",421509
28,63225,2.57,"1",421509
29,63225,2.14,"1",421509
30,63225,1.29,"1",421509
31,63225,1.14,"1",421509
32,63225,1.43,"1",421509
33,63225,0.86,"1",421509
34,63225,0.86,"1",421509
35,63225,0.43,"1",421509
36,63225,0.43,"1",421509
37,63225,0.14,"1",421509
38,63225,0,"1",421509
39,63225,0,"1",421509
40,63225,0.29,"1",421509
41,63225,0.57,"1",421509
42,63225,0.43,"1",421509
43,63225,0.57,"1",421509
44,63225,0.57,"1",421509
45,63225,1.14,"1",421509
46,63225,1.29,"1",421509
47,63225,1.43,"1",421509
48,63225,0.57,"1",421509
49,63225,1.86,"1",421509
50,63225,1.71,"1",421509
51,63225,1.57,"1",421509
52,63225,0.43,"1",421509
0,63871,0.86,"1",425863
1,63871,1.14,"1",425863
2,63871,1.29,"1",425863
3,63871,1.57,"1",425863
4,63871,1.71,"1",425863
5,63871,1.86,"1",425863
6,63871,1.29,"1",425863
7,63871,2.29,"1",425863
8,63871,3.14,"1",425863
9,63871,2.71,"1",425863
10,63871,3.57,"1",425863
11,63871,4,"1",425863
12,63871,4.29,"1",425863
13,63871,6.43,"1",425863
14,63871,4.14,"1",425863
15,63871,4.71,"1",425863
16,63871,3.57,"1",425863
17,63871,5,"1",425863
18,63871,4.29,"1",425863
19,63871,5.43,"1",425863
20,63871,4.57,"1",425863
21,63871,5.14,"1",425863
22,63871,2.14,"1",425863
23,63871,4.86,"1",425863
24,63871,3.14,"1",425863
25,63871,2.86,"1",425863
26,63871,2.14,"1",425863
27,63871,2.43,"1",425863
28,63871,1.57,"1",425863
29,63871,1.71,"1",425863
30,63871,1.43,"1",425863
31,63871,0.71,"1",425863
32,63871,0.86,"1",425863
33,63871,1.14,"1",425863
34,63871,0.29,"1",425863
35,63871,0.71,"1",425863
36,63871,0.57,"1",425863
37,63871,0.43,"1",425863
38,63871,0.14,"1",425863
39,63871,0.14,"1",425863
40,63871,0.29,"1",425863
41,63871,0.29,"1",425863
42,63871,1,"1",425863
43,63871,1.43,"1",425863
44,63871,0.57,"1",425863
45,63871,0.29,"1",425863
46,63871,0,"1",425863
47,63871,0.14,"1",425863
48,63871,0.14,"1",425863
49,63871,0.29,"1",425863
50,63871,0.14,"1",425863
51,63871,0.43,"1",425863
52,63871,0.29,"1",425863
0,64521,0.86,"1",430245
1,64521,1.43,"1",430245
2,64521,1.29,"1",430245
3,64521,1.71,"1",430245
4,64521,2.71,"1",430245
5,64521,4,"1",430245
6,64521,2.71,"1",430245
7,64521,4,"1",430245
8,64521,4.86,"1",430245
9,64521,4.14,"1",430245
10,64521,4.71,"1",430245
11,64521,4.71,"1",430245
12,64521,3.86,"1",430245
13,64521,3.86,"1",430245
14,64521,4,"1",430245
15,64521,2.43,"1",430245
16,64521,2.86,"1",430245
17,64521,3.14,"1",430245
18,64521,2.14,"1",430245
19,64521,1.43,"1",430245
20,64521,1.43,"1",430245
21,64521,1.43,"1",430245
22,64521,1.14,"1",430245
23,64521,1.57,"1",430245
24,64521,1.14,"1",430245
25,64521,0.43,"1",430245
26,64521,1.14,"1",430245
27,64521,1.43,"1",430245
28,64521,0.71,"1",430245
29,64521,1,"1",430245
30,64521,1.29,"1",430245
31,64521,1.57,"1",430245
32,64521,0.86,"1",430245
33,64521,1.43,"1",430245
34,64521,1,"1",430245
35,64521,1.14,"1",430245
36,64521,1,"1",430245
37,64521,1.14,"1",430245
38,64521,0.57,"1",430245
39,64521,0.43,"1",430245
40,64521,1.14,"1",430245
41,64521,2.57,"1",430245
42,64521,2.14,"1",430245
43,64521,1.86,"1",430245
44,64521,1.57,"1",430245
45,64521,1.86,"1",430245
46,64521,1.57,"1",430245
47,64521,2.14,"1",430245
48,64521,1.57,"1",430245
49,64521,2.57,"1",430245
50,64521,2.71,"1",430245
51,64521,2,"1",430245
52,64521,2.14,"1",430245
