"wk","tr","nc","stg","id"
0,"11571532991",0.0,"1",115715329911
1,"11571532991",0.0,"1",115715329911
2,"11571532991",0.0,"1",115715329911
3,"11571532991",0.0,"1",115715329911
4,"11571532991",0.0,"1",115715329911
5,"11571532991",0.0,"1",115715329911
6,"11571532991",0.0,"1",115715329911
7,"11571532991",0.0,"1",115715329911
8,"11571532991",0.0,"1",115715329911
9,"11571532991",0.29,"1",115715329911
10,"11571532991",0.29,"1",115715329911
10,"11571532991",0.29,"1b",115715329912
11,"11571532991",1.57,"1b",115715329912
12,"11571532991",1.0,"1b",115715329912
13,"11571532991",3.0,"1b",115715329912
13,"11571532991",3.0,"2",115715329913
14,"11571532991",3.71,"2",115715329913
15,"11571532991",4.86,"2",115715329913
16,"11571532991",2.43,"2",115715329913
17,"11571532991",2.0,"2",115715329913
18,"11571532991",1.29,"2",115715329913
19,"11571532991",2.0,"2",115715329913
20,"11571532991",2.0,"2",115715329913
21,"11571532991",0.86,"2",115715329913
21,"11571532991",0.86,"1b",115715329914
22,"11571532991",0.14,"1b",115715329914
23,"11571532991",0.14,"1b",115715329914
24,"11571532991",0.29,"1b",115715329914
25,"11571532991",0.0,"1b",115715329914
25,"11571532991",0.0,"1",115715329915
26,"11571532991",0.0,"1",115715329915
27,"11571532991",0.0,"1",115715329915
28,"11571532991",0.0,"1",115715329915
29,"11571532991",0.0,"1",115715329915
30,"11571532991",0.29,"1",115715329915
31,"11571532991",0.43,"1",115715329915
32,"11571532991",0.57,"1",115715329915
33,"11571532991",0.14,"1",115715329915
34,"11571532991",1.29,"1",115715329915
35,"11571532991",2.86,"1",115715329915
36,"11571532991",4.43,"1",115715329915
37,"11571532991",11.29,"1",115715329915
38,"11571532991",15.86,"1",115715329915
39,"11571532991",18.57,"1",115715329915
40,"11571532991",41.14,"1",115715329915
41,"11571532991",76.57,"1",115715329915
41,"11571532991",76.57,"1b",115715329916
42,"11571532991",82.29,"1b",115715329916
42,"11571532991",82.29,"3",115715329917
43,"11571532991",50.29,"3",115715329917
43,"11571532991",50.29,"4",115715329918
44,"11571532991",27.43,"4",115715329918
45,"11571532991",9.14,"4",115715329918
45,"11571532991",9.14,"3",115715329919
46,"11571532991",9.57,"3",115715329919
47,"11571532991",4.0,"3",115715329919
47,"11571532991",4.0,"2",1157153299110
48,"11571532991",2.71,"2",1157153299110
49,"11571532991",3.86,"2",1157153299110
49,"11571532991",3.86,"1b",1157153299111
50,"11571532991",4.0,"1b",1157153299111
51,"11571532991",3.71,"1b",1157153299111
51,"11571532991",3.71,"1",1157153299112
52,"11571532991",4.0,"1",1157153299112
53,"11571532991",5.71,"1",1157153299112
54,"11571532991",12.14,"1",1157153299112
55,"11571532991",17.29,"1",1157153299112
56,"11571532991",17.14,"1",1157153299112
57,"11571532991",40.0,"1",1157153299112
58,"11571532991",41.14,"1",1157153299112
59,"11571532991",74.29,"1",1157153299112
59,"11571532991",74.29,"2",1157153299113
60,"11571532991",70.86,"2",1157153299113
60,"11571532991",70.86,"4",1157153299114
61,"11571532991",34.29,"4",1157153299114
62,"11571532991",27.43,"4",1157153299114
62,"11571532991",27.43,"3",1157153299115
63,"11571532991",9.14,"3",1157153299115
63,"11571532991",9.14,"4",1157153299116
64,"11571532991",6.0,"4",1157153299116
65,"11571532991",2.57,"4",1157153299116
65,"11571532991",2.57,"3",1157153299117
66,"11571532991",0.57,"3",1157153299117
67,"11571532991",0.86,"3",1157153299117
67,"11571532991",0.86,"2",1157153299118
68,"11571532991",0.86,"2",1157153299118
69,"11571532991",0.71,"2",1157153299118
69,"11571532991",0.71,"1b",1157153299119
70,"11571532991",1.29,"1b",1157153299119
71,"11571532991",1.43,"1b",1157153299119
71,"11571532991",1.43,"1",1157153299120
72,"11571532991",1.14,"1",1157153299120
73,"11571532991",1.29,"1",1157153299120
74,"11571532991",0.57,"1",1157153299120
75,"11571532991",0.29,"1",1157153299120
76,"11571532991",0.57,"1",1157153299120
77,"11571532991",1.14,"1",1157153299120
78,"11571532991",0.57,"1",1157153299120
79,"11571532991",0.43,"1",1157153299120
80,"11571532991",0.71,"1",1157153299120
81,"11571532991",2.57,"1",1157153299120
81,"11571532991",2.57,"1",1157156215320
0,"11571562153",0.0,"1",1157156215320
1,"11571562153",0.0,"1",1157156215320
2,"11571562153",0.14,"1",1157156215320
3,"11571562153",0.0,"1",1157156215320
4,"11571562153",1.0,"1",1157156215320
4,"11571562153",1.0,"2",1157156215321
5,"11571562153",1.0,"2",1157156215321
6,"11571562153",0.86,"2",1157156215321
6,"11571562153",0.86,"1b",1157156215322
7,"11571562153",1.71,"1b",1157156215322
8,"11571562153",7.43,"1b",1157156215322
8,"11571562153",7.43,"2",1157156215323
9,"11571562153",7.43,"2",1157156215323
9,"11571562153",7.43,"3",1157156215324
10,"11571562153",6.71,"3",1157156215324
11,"11571562153",3.43,"3",1157156215324
11,"11571562153",3.43,"2",1157156215325
12,"11571562153",3.57,"2",1157156215325
13,"11571562153",5.43,"2",1157156215325
14,"11571562153",7.0,"2",1157156215325
15,"11571562153",4.43,"2",1157156215325
16,"11571562153",8.0,"2",1157156215325
17,"11571562153",8.57,"2",1157156215325
17,"11571562153",8.57,"3",1157156215326
18,"11571562153",4.14,"3",1157156215326
19,"11571562153",3.14,"3",1157156215326
19,"11571562153",3.14,"2",1157156215327
20,"11571562153",1.57,"2",1157156215327
21,"11571562153",1.57,"2",1157156215327
21,"11571562153",1.57,"1b",1157156215328
22,"11571562153",1.86,"1b",1157156215328
22,"11571562153",1.86,"2",1157156215329
23,"11571562153",0.57,"2",1157156215329
24,"11571562153",0.14,"2",1157156215329
24,"11571562153",0.14,"1b",1157156215330
25,"11571562153",0.57,"1b",1157156215330
26,"11571562153",0.14,"1b",1157156215330
26,"11571562153",0.14,"1",1157156215331
27,"11571562153",0.14,"1",1157156215331
28,"11571562153",0.0,"1",1157156215331
29,"11571562153",0.0,"1",1157156215331
30,"11571562153",0.0,"1",1157156215331
31,"11571562153",0.0,"1",1157156215331
32,"11571562153",1.0,"1",1157156215331
33,"11571562153",0.71,"1",1157156215331
34,"11571562153",2.43,"1",1157156215331
35,"11571562153",6.57,"1",1157156215331
36,"11571562153",7.57,"1",1157156215331
37,"11571562153",9.14,"1",1157156215331
38,"11571562153",13.29,"1",1157156215331
39,"11571562153",12.43,"1",1157156215331
40,"11571562153",9.71,"1",1157156215331
41,"11571562153",9.71,"1",1157156215331
42,"11571562153",10.29,"1",1157156215331
43,"11571562153",13.71,"1",1157156215331
44,"11571562153",29.14,"1",1157156215331
45,"11571562153",37.71,"1",1157156215331
46,"11571562153",57.71,"1",1157156215331
47,"11571562153",71.43,"1",1157156215331
47,"11571562153",71.43,"1b",1157156215332
48,"11571562153",57.14,"1b",1157156215332
48,"11571562153",57.14,"2",1157156215333
49,"11571562153",52.57,"2",1157156215333
49,"11571562153",52.57,"3",1157156215334
50,"11571562153",57.14,"3",1157156215334
51,"11571562153",18.29,"3",1157156215334
51,"11571562153",18.29,"2",1157156215335
52,"11571562153",10.86,"2",1157156215335
53,"11571562153",4.71,"2",1157156215335
53,"11571562153",4.71,"1b",1157156215336
54,"11571562153",1.14,"1b",1157156215336
55,"11571562153",1.0,"1b",1157156215336
55,"11571562153",1.0,"1",1157156215337
56,"11571562153",0.43,"1",1157156215337
57,"11571562153",0.29,"1",1157156215337
58,"11571562153",0.57,"1",1157156215337
59,"11571562153",1.0,"1",1157156215337
60,"11571562153",1.14,"1",1157156215337
61,"11571562153",1.29,"1",1157156215337
62,"11571562153",1.57,"1",1157156215337
63,"11571562153",2.57,"1",1157156215337
64,"11571562153",1.14,"1",1157156215337
65,"11571562153",3.71,"1",1157156215337
66,"11571562153",4.0,"1",1157156215337
67,"11571562153",7.71,"1",1157156215337
68,"11571562153",11.71,"1",1157156215337
69,"11571562153",12.14,"1",1157156215337
70,"11571562153",11.71,"1",1157156215337
71,"11571562153",11.43,"1",1157156215337
72,"11571562153",10.29,"1",1157156215337
73,"11571562153",14.29,"1",1157156215337
74,"11571562153",21.71,"1",1157156215337
75,"11571562153",38.86,"1",1157156215337
76,"11571562153",48.0,"1",1157156215337
77,"11571562153",68.57,"1",1157156215337
77,"11571562153",68.57,"2",1157156215338
78,"11571562153",64.0,"2",1157156215338
78,"11571562153",64.0,"4",1157156215339
79,"11571562153",20.57,"4",1157156215339
80,"11571562153",11.43,"4",1157156215339
81,"11571562153",8.0,"4",1157156215339
81,"11571562153",8.0,"1",1157196029740
0,"11571960297",0.0,"1",1157196029740
1,"11571960297",0.29,"1",1157196029740
2,"11571960297",1.43,"1",1157196029740
3,"11571960297",3.86,"1",1157196029740
4,"11571960297",7.29,"1",1157196029740
4,"11571960297",7.29,"2",1157196029741
5,"11571960297",10.0,"2",1157196029741
6,"11571960297",13.57,"2",1157196029741
6,"11571960297",13.57,"3",1157196029742
7,"11571960297",10.43,"3",1157196029742
8,"11571960297",9.71,"3",1157196029742
9,"11571960297",8.43,"3",1157196029742
9,"11571960297",8.43,"2",1157196029743
10,"11571960297",6.43,"2",1157196029743
10,"11571960297",6.43,"3",1157196029744
11,"11571960297",5.71,"3",1157196029744
12,"11571960297",4.29,"3",1157196029744
12,"11571960297",4.29,"2",1157196029745
13,"11571960297",4.57,"2",1157196029745
14,"11571960297",7.57,"2",1157196029745
14,"11571960297",7.57,"3",1157196029746
15,"11571960297",6.71,"3",1157196029746
16,"11571960297",5.29,"3",1157196029746
16,"11571960297",5.29,"2",1157196029747
17,"11571960297",6.43,"2",1157196029747
18,"11571960297",7.14,"2",1157196029747
19,"11571960297",7.86,"2",1157196029747
20,"11571960297",3.14,"2",1157196029747
21,"11571960297",4.14,"2",1157196029747
22,"11571960297",1.86,"2",1157196029747
22,"11571960297",1.86,"1b",1157196029748
23,"11571960297",2.0,"1b",1157196029748
23,"11571960297",2.0,"2",1157196029749
24,"11571960297",0.57,"2",1157196029749
25,"11571960297",0.29,"2",1157196029749
25,"11571960297",0.29,"1b",1157196029750
26,"11571960297",0.86,"1b",1157196029750
27,"11571960297",0.71,"1b",1157196029750
27,"11571960297",0.71,"1",1157196029751
28,"11571960297",0.86,"1",1157196029751
28,"11571960297",0.86,"2",1157196029752
29,"11571960297",0.43,"2",1157196029752
30,"11571960297",0.29,"2",1157196029752
30,"11571960297",0.29,"1b",1157196029753
31,"11571960297",0.29,"1b",1157196029753
32,"11571960297",0.43,"1b",1157196029753
32,"11571960297",0.43,"1",1157196029754
33,"11571960297",1.0,"1",1157196029754
34,"11571960297",3.29,"1",1157196029754
35,"11571960297",4.14,"1",1157196029754
36,"11571960297",6.57,"1",1157196029754
37,"11571960297",11.14,"1",1157196029754
38,"11571960297",10.86,"1",1157196029754
39,"11571960297",14.43,"1",1157196029754
40,"11571960297",12.0,"1",1157196029754
41,"11571960297",9.71,"1",1157196029754
42,"11571960297",9.71,"1",1157196029754
43,"11571960297",15.43,"1",1157196029754
44,"11571960297",17.14,"1",1157196029754
45,"11571960297",23.43,"1",1157196029754
46,"11571960297",24.57,"1",1157196029754
47,"11571960297",20.0,"1",1157196029754
48,"11571960297",40.0,"1",1157196029754
49,"11571960297",44.0,"1",1157196029754
50,"11571960297",54.29,"1",1157196029754
51,"11571960297",55.43,"1",1157196029754
51,"11571960297",55.43,"1b",1157196029755
52,"11571960297",48.0,"1b",1157196029755
53,"11571960297",100.57,"1b",1157196029755
53,"11571960297",100.57,"1",1157196029756
54,"11571960297",164.57,"1",1157196029756
54,"11571960297",164.57,"1b",1157196029757
55,"11571960297",146.29,"1b",1157196029757
55,"11571960297",146.29,"2",1157196029758
56,"11571960297",144.0,"2",1157196029758
56,"11571960297",144.0,"3",1157196029759
57,"11571960297",66.29,"3",1157196029759
57,"11571960297",66.29,"4",1157196029760
58,"11571960297",38.86,"4",1157196029760
59,"11571960297",21.14,"4",1157196029760
60,"11571960297",9.71,"4",1157196029760
60,"11571960297",9.71,"3",1157196029761
61,"11571960297",6.86,"3",1157196029761
62,"11571960297",2.14,"3",1157196029761
62,"11571960297",2.14,"2",1157196029762
63,"11571960297",1.43,"2",1157196029762
64,"11571960297",1.14,"2",1157196029762
64,"11571960297",1.14,"1b",1157196029763
65,"11571960297",1.0,"1b",1157196029763
66,"11571960297",0.29,"1b",1157196029763
66,"11571960297",0.29,"1",1157196029764
67,"11571960297",0.43,"1",1157196029764
68,"11571960297",0.29,"1",1157196029764
69,"11571960297",0.71,"1",1157196029764
70,"11571960297",2.29,"1",1157196029764
71,"11571960297",5.43,"1",1157196029764
72,"11571960297",3.57,"1",1157196029764
73,"11571960297",3.29,"1",1157196029764
74,"11571960297",5.0,"1",1157196029764
75,"11571960297",6.86,"1",1157196029764
76,"11571960297",9.14,"1",1157196029764
77,"11571960297",14.43,"1",1157196029764
78,"11571960297",14.14,"1",1157196029764
79,"11571960297",19.43,"1",1157196029764
80,"11571960297",20.0,"1",1157196029764
81,"11571960297",27.43,"1",1157196029764
81,"11571960297",27.43,"1",1157248889864
0,"11572488898",0.0,"1",1157248889864
1,"11572488898",0.0,"1",1157248889864
2,"11572488898",0.0,"1",1157248889864
3,"11572488898",0.0,"1",1157248889864
4,"11572488898",0.0,"1",1157248889864
5,"11572488898",0.0,"1",1157248889864
6,"11572488898",0.0,"1",1157248889864
7,"11572488898",0.0,"1",1157248889864
8,"11572488898",1.0,"1",1157248889864
8,"11572488898",1.0,"1b",1157248889865
9,"11572488898",1.14,"1b",1157248889865
9,"11572488898",1.14,"2",1157248889866
10,"11572488898",0.86,"2",1157248889866
11,"11572488898",0.29,"2",1157248889866
11,"11572488898",0.29,"1b",1157248889867
12,"11572488898",0.29,"1b",1157248889867
13,"11572488898",0.0,"1b",1157248889867
13,"11572488898",0.0,"1",1157248889868
14,"11572488898",0.14,"1",1157248889868
15,"11572488898",0.0,"1",1157248889868
16,"11572488898",0.0,"1",1157248889868
17,"11572488898",0.0,"1",1157248889868
18,"11572488898",0.0,"1",1157248889868
19,"11572488898",0.0,"1",1157248889868
20,"11572488898",0.0,"1",1157248889868
21,"11572488898",0.0,"1",1157248889868
22,"11572488898",0.0,"1",1157248889868
23,"11572488898",0.43,"1",1157248889868
24,"11572488898",0.57,"1",1157248889868
24,"11572488898",0.57,"2",1157248889869
25,"11572488898",0.29,"2",1157248889869
26,"11572488898",0.29,"2",1157248889869
26,"11572488898",0.29,"1b",1157248889870
27,"11572488898",0.14,"1b",1157248889870
28,"11572488898",1.14,"1b",1157248889870
28,"11572488898",1.14,"1",1157248889871
29,"11572488898",1.0,"1",1157248889871
30,"11572488898",2.0,"1",1157248889871
31,"11572488898",5.71,"1",1157248889871
32,"11572488898",6.29,"1",1157248889871
33,"11572488898",9.14,"1",1157248889871
34,"11572488898",8.86,"1",1157248889871
35,"11572488898",8.57,"1",1157248889871
36,"11572488898",10.57,"1",1157248889871
37,"11572488898",23.43,"1",1157248889871
38,"11572488898",26.29,"1",1157248889871
39,"11572488898",38.86,"1",1157248889871
40,"11572488898",69.71,"1",1157248889871
40,"11572488898",69.71,"2",1157248889872
41,"11572488898",69.14,"2",1157248889872
41,"11572488898",69.14,"3",1157248889873
42,"11572488898",59.43,"3",1157248889873
42,"11572488898",59.43,"4",1157248889874
43,"11572488898",9.14,"4",1157248889874
44,"11572488898",10.86,"4",1157248889874
44,"11572488898",10.86,"3",1157248889875
45,"11572488898",4.86,"3",1157248889875
46,"11572488898",1.86,"3",1157248889875
46,"11572488898",1.86,"2",1157248889876
47,"11572488898",1.43,"2",1157248889876
48,"11572488898",0.29,"2",1157248889876
48,"11572488898",0.29,"1b",1157248889877
49,"11572488898",0.57,"1b",1157248889877
50,"11572488898",1.86,"1b",1157248889877
50,"11572488898",1.86,"1",1157248889878
51,"11572488898",4.14,"1",1157248889878
52,"11572488898",6.43,"1",1157248889878
53,"11572488898",8.0,"1",1157248889878
54,"11572488898",10.86,"1",1157248889878
55,"11572488898",16.29,"1",1157248889878
56,"11572488898",24.0,"1",1157248889878
57,"11572488898",32.57,"1",1157248889878
58,"11572488898",56.0,"1",1157248889878
59,"11572488898",62.86,"1",1157248889878
59,"11572488898",62.86,"1b",1157248889879
60,"11572488898",77.71,"1b",1157248889879
60,"11572488898",77.71,"3",1157248889880
61,"11572488898",22.86,"3",1157248889880
62,"11572488898",32.0,"3",1157248889880
62,"11572488898",32.0,"2",1157248889881
63,"11572488898",20.57,"2",1157248889881
63,"11572488898",20.57,"3",1157248889882
64,"11572488898",12.57,"3",1157248889882
65,"11572488898",6.14,"3",1157248889882
65,"11572488898",6.14,"2",1157248889883
66,"11572488898",2.43,"2",1157248889883
67,"11572488898",2.57,"2",1157248889883
67,"11572488898",2.57,"1b",1157248889884
68,"11572488898",2.43,"1b",1157248889884
69,"11572488898",1.71,"1b",1157248889884
69,"11572488898",1.71,"1",1157248889885
70,"11572488898",2.86,"1",1157248889885
71,"11572488898",4.43,"1",1157248889885
72,"11572488898",8.29,"1",1157248889885
73,"11572488898",7.57,"1",1157248889885
74,"11572488898",8.0,"1",1157248889885
75,"11572488898",10.57,"1",1157248889885
76,"11572488898",12.86,"1",1157248889885
77,"11572488898",13.43,"1",1157248889885
78,"11572488898",13.0,"1",1157248889885
79,"11572488898",8.0,"1",1157248889885
80,"11572488898",10.86,"1",1157248889885
81,"11572488898",6.86,"1",1157248889885
81,"11572488898",6.86,"1",1157307136385
0,"11573071363",0.0,"1",1157307136385
1,"11573071363",0.0,"1",1157307136385
2,"11573071363",0.0,"1",1157307136385
3,"11573071363",0.86,"1",1157307136385
4,"11573071363",0.29,"1",1157307136385
4,"11573071363",0.29,"2",1157307136386
5,"11573071363",0.43,"2",1157307136386
6,"11573071363",0.29,"2",1157307136386
6,"11573071363",0.29,"1b",1157307136387
7,"11573071363",0.14,"1b",1157307136387
8,"11573071363",1.29,"1b",1157307136387
9,"11573071363",4.57,"1b",1157307136387
9,"11573071363",4.57,"2",1157307136388
10,"11573071363",4.86,"2",1157307136388
11,"11573071363",2.86,"2",1157307136388
11,"11573071363",2.86,"3",1157307136389
12,"11573071363",1.86,"3",1157307136389
13,"11573071363",2.0,"3",1157307136389
13,"11573071363",2.0,"2",1157307136390
14,"11573071363",1.43,"2",1157307136390
15,"11573071363",1.14,"2",1157307136390
16,"11573071363",0.57,"2",1157307136390
16,"11573071363",0.57,"1b",1157307136391
17,"11573071363",0.86,"1b",1157307136391
18,"11573071363",0.43,"1b",1157307136391
19,"11573071363",0.14,"1b",1157307136391
19,"11573071363",0.14,"1",1157307136392
20,"11573071363",0.29,"1",1157307136392
21,"11573071363",0.0,"1",1157307136392
22,"11573071363",0.0,"1",1157307136392
23,"11573071363",0.43,"1",1157307136392
24,"11573071363",0.43,"1",1157307136392
24,"11573071363",0.43,"1b",1157307136393
25,"11573071363",1.14,"1b",1157307136393
26,"11573071363",2.57,"1b",1157307136393
27,"11573071363",4.29,"1b",1157307136393
27,"11573071363",4.29,"2",1157307136394
28,"11573071363",3.86,"2",1157307136394
29,"11573071363",3.14,"2",1157307136394
29,"11573071363",3.14,"1b",1157307136395
30,"11573071363",3.14,"1b",1157307136395
31,"11573071363",2.0,"1b",1157307136395
31,"11573071363",2.0,"1",1157307136396
32,"11573071363",1.14,"1",1157307136396
33,"11573071363",1.14,"1",1157307136396
34,"11573071363",0.57,"1",1157307136396
35,"11573071363",2.14,"1",1157307136396
36,"11573071363",3.86,"1",1157307136396
37,"11573071363",9.71,"1",1157307136396
38,"11573071363",13.43,"1",1157307136396
39,"11573071363",16.57,"1",1157307136396
40,"11573071363",18.29,"1",1157307136396
41,"11573071363",16.57,"1",1157307136396
42,"11573071363",33.14,"1",1157307136396
43,"11573071363",53.71,"1",1157307136396
44,"11573071363",100.0,"1",1157307136396
44,"11573071363",100.0,"3",1157307136397
45,"11573071363",80.0,"3",1157307136397
46,"11573071363",68.57,"3",1157307136397
46,"11573071363",68.57,"4",1157307136398
47,"11573071363",54.86,"4",1157307136398
48,"11573071363",6.86,"4",1157307136398
49,"11573071363",5.71,"4",1157307136398
49,"11573071363",5.71,"3",1157307136399
50,"11573071363",2.14,"3",1157307136399
51,"11573071363",1.43,"3",1157307136399
51,"11573071363",1.43,"2",11573071363100
52,"11573071363",1.0,"2",11573071363100
53,"11573071363",0.71,"2",11573071363100
53,"11573071363",0.71,"1b",11573071363101
54,"11573071363",0.71,"1b",11573071363101
55,"11573071363",0.29,"1b",11573071363101
55,"11573071363",0.29,"1",11573071363102
56,"11573071363",1.14,"1",11573071363102
57,"11573071363",0.71,"1",11573071363102
58,"11573071363",1.57,"1",11573071363102
59,"11573071363",2.43,"1",11573071363102
60,"11573071363",6.14,"1",11573071363102
61,"11573071363",10.57,"1",11573071363102
62,"11573071363",18.0,"1",11573071363102
63,"11573071363",26.29,"1",11573071363102
64,"11573071363",44.0,"1",11573071363102
65,"11573071363",57.71,"1",11573071363102
66,"11573071363",77.14,"1",11573071363102
66,"11573071363",77.14,"2",11573071363103
67,"11573071363",48.0,"2",11573071363103
67,"11573071363",48.0,"4",11573071363104
68,"11573071363",54.86,"4",11573071363104
69,"11573071363",25.14,"4",11573071363104
69,"11573071363",25.14,"3",11573071363105
70,"11573071363",6.86,"3",11573071363105
71,"11573071363",7.43,"3",11573071363105
71,"11573071363",7.43,"2",11573071363106
72,"11573071363",2.43,"2",11573071363106
73,"11573071363",1.57,"2",11573071363106
73,"11573071363",1.57,"1b",11573071363107
74,"11573071363",0.86,"1b",11573071363107
75,"11573071363",1.71,"1b",11573071363107
75,"11573071363",1.71,"1",11573071363108
76,"11573071363",0.71,"1",11573071363108
77,"11573071363",1.43,"1",11573071363108
78,"11573071363",1.14,"1",11573071363108
79,"11573071363",2.29,"1",11573071363108
80,"11573071363",7.57,"1",11573071363108
81,"11573071363",10.71,"1",11573071363108
81,"11573071363",10.71,"1",11573132249108
0,"11573132249",0.0,"1",11573132249108
1,"11573132249",0.0,"1",11573132249108
2,"11573132249",0.0,"1",11573132249108
3,"11573132249",0.0,"1",11573132249108
4,"11573132249",0.0,"1",11573132249108
5,"11573132249",0.0,"1",11573132249108
6,"11573132249",0.29,"1",11573132249108
6,"11573132249",0.29,"1b",11573132249109
7,"11573132249",0.0,"1b",11573132249109
8,"11573132249",0.43,"1b",11573132249109
8,"11573132249",0.43,"1",11573132249110
9,"11573132249",1.86,"1",11573132249110
10,"11573132249",4.86,"1",11573132249110
10,"11573132249",4.86,"2",11573132249111
11,"11573132249",8.57,"2",11573132249111
11,"11573132249",8.57,"3",11573132249112
12,"11573132249",7.29,"3",11573132249112
13,"11573132249",7.86,"3",11573132249112
14,"11573132249",6.14,"3",11573132249112
15,"11573132249",3.29,"3",11573132249112
15,"11573132249",3.29,"2",11573132249113
16,"11573132249",2.86,"2",11573132249113
17,"11573132249",1.71,"2",11573132249113
18,"11573132249",1.14,"2",11573132249113
19,"11573132249",1.29,"2",11573132249113
20,"11573132249",2.14,"2",11573132249113
21,"11573132249",2.0,"2",11573132249113
21,"11573132249",2.0,"1b",11573132249114
22,"11573132249",2.14,"1b",11573132249114
23,"11573132249",3.71,"1b",11573132249114
23,"11573132249",3.71,"2",11573132249115
24,"11573132249",2.57,"2",11573132249115
25,"11573132249",3.71,"2",11573132249115
25,"11573132249",3.71,"1b",11573132249116
26,"11573132249",5.29,"1b",11573132249116
26,"11573132249",5.29,"2",11573132249117
27,"11573132249",3.71,"2",11573132249117
27,"11573132249",3.71,"3",11573132249118
28,"11573132249",2.57,"3",11573132249118
29,"11573132249",2.43,"3",11573132249118
29,"11573132249",2.43,"2",11573132249119
30,"11573132249",2.0,"2",11573132249119
31,"11573132249",2.14,"2",11573132249119
31,"11573132249",2.14,"1b",11573132249120
32,"11573132249",3.29,"1b",11573132249120
33,"11573132249",2.71,"1b",11573132249120
33,"11573132249",2.71,"1",11573132249121
34,"11573132249",3.57,"1",11573132249121
35,"11573132249",8.71,"1",11573132249121
36,"11573132249",14.57,"1",11573132249121
37,"11573132249",19.14,"1",11573132249121
38,"11573132249",48.0,"1",11573132249121
39,"11573132249",78.86,"1",11573132249121
39,"11573132249",78.86,"3",11573132249122
40,"11573132249",38.86,"3",11573132249122
41,"11573132249",18.29,"3",11573132249122
41,"11573132249",18.29,"2",11573132249123
42,"11573132249",6.29,"2",11573132249123
43,"11573132249",7.43,"2",11573132249123
43,"11573132249",7.43,"1b",11573132249124
44,"11573132249",4.86,"1b",11573132249124
45,"11573132249",6.0,"1b",11573132249124
45,"11573132249",6.0,"1",11573132249125
46,"11573132249",4.0,"1",11573132249125
47,"11573132249",9.14,"1",11573132249125
48,"11573132249",14.57,"1",11573132249125
49,"11573132249",14.86,"1",11573132249125
50,"11573132249",22.29,"1",11573132249125
51,"11573132249",46.86,"1",11573132249125
52,"11573132249",93.14,"1",11573132249125
52,"11573132249",93.14,"2",11573132249126
53,"11573132249",116.57,"2",11573132249126
53,"11573132249",116.57,"4",11573132249127
54,"11573132249",41.14,"4",11573132249127
55,"11573132249",29.71,"4",11573132249127
55,"11573132249",29.71,"3",11573132249128
56,"11573132249",18.29,"3",11573132249128
56,"11573132249",18.29,"4",11573132249129
57,"11573132249",12.57,"4",11573132249129
58,"11573132249",4.57,"4",11573132249129
58,"11573132249",4.57,"3",11573132249130
59,"11573132249",2.86,"3",11573132249130
60,"11573132249",2.0,"3",11573132249130
60,"11573132249",2.0,"2",11573132249131
61,"11573132249",2.0,"2",11573132249131
62,"11573132249",1.29,"2",11573132249131
62,"11573132249",1.29,"1b",11573132249132
63,"11573132249",1.86,"1b",11573132249132
64,"11573132249",3.71,"1b",11573132249132
64,"11573132249",3.71,"1",11573132249133
65,"11573132249",6.43,"1",11573132249133
66,"11573132249",13.71,"1",11573132249133
67,"11573132249",17.57,"1",11573132249133
68,"11573132249",21.14,"1",11573132249133
69,"11573132249",37.14,"1",11573132249133
70,"11573132249",62.29,"1",11573132249133
70,"11573132249",62.29,"1b",11573132249134
71,"11573132249",121.14,"1b",11573132249134
71,"11573132249",121.14,"3",11573132249135
72,"11573132249",61.71,"3",11573132249135
72,"11573132249",61.71,"4",11573132249136
73,"11573132249",54.86,"4",11573132249136
74,"11573132249",20.57,"4",11573132249136
74,"11573132249",20.57,"3",11573132249137
75,"11573132249",16.0,"3",11573132249137
75,"11573132249",16.0,"4",11573132249138
76,"11573132249",8.0,"4",11573132249138
77,"11573132249",3.0,"4",11573132249138
77,"11573132249",3.0,"3",11573132249139
78,"11573132249",3.43,"3",11573132249139
79,"11573132249",1.71,"3",11573132249139
79,"11573132249",1.71,"2",11573132249140
80,"11573132249",1.57,"2",11573132249140
81,"11573132249",2.71,"2",11573132249140
81,"11573132249",2.71,"1",11573182258141
0,"11573182258",0.0,"1",11573182258141
1,"11573182258",0.0,"1",11573182258141
2,"11573182258",0.29,"1",11573182258141
3,"11573182258",1.0,"1",11573182258141
3,"11573182258",1.0,"1b",11573182258142
4,"11573182258",3.29,"1b",11573182258142
4,"11573182258",3.29,"2",11573182258143
5,"11573182258",1.57,"2",11573182258143
6,"11573182258",1.71,"2",11573182258143
7,"11573182258",1.29,"2",11573182258143
7,"11573182258",1.29,"1b",11573182258144
8,"11573182258",1.43,"1b",11573182258144
9,"11573182258",0.86,"1b",11573182258144
10,"11573182258",1.43,"1b",11573182258144
10,"11573182258",1.43,"2",11573182258145
11,"11573182258",1.71,"2",11573182258145
12,"11573182258",2.0,"2",11573182258145
13,"11573182258",1.29,"2",11573182258145
14,"11573182258",0.86,"2",11573182258145
14,"11573182258",0.86,"1b",11573182258146
15,"11573182258",0.29,"1b",11573182258146
16,"11573182258",0.29,"1b",11573182258146
17,"11573182258",0.29,"1b",11573182258146
18,"11573182258",0.0,"1b",11573182258146
18,"11573182258",0.0,"1",11573182258147
19,"11573182258",0.0,"1",11573182258147
20,"11573182258",0.0,"1",11573182258147
21,"11573182258",0.0,"1",11573182258147
22,"11573182258",0.0,"1",11573182258147
23,"11573182258",0.14,"1",11573182258147
24,"11573182258",0.0,"1",11573182258147
25,"11573182258",0.0,"1",11573182258147
26,"11573182258",0.0,"1",11573182258147
27,"11573182258",0.0,"1",11573182258147
28,"11573182258",0.0,"1",11573182258147
29,"11573182258",0.0,"1",11573182258147
30,"11573182258",0.0,"1",11573182258147
31,"11573182258",0.14,"1",11573182258147
32,"11573182258",1.43,"1",11573182258147
33,"11573182258",1.43,"1",11573182258147
34,"11573182258",1.0,"1",11573182258147
35,"11573182258",6.0,"1",11573182258147
36,"11573182258",6.43,"1",11573182258147
37,"11573182258",10.71,"1",11573182258147
38,"11573182258",11.14,"1",11573182258147
39,"11573182258",21.43,"1",11573182258147
40,"11573182258",27.43,"1",11573182258147
41,"11573182258",30.29,"1",11573182258147
42,"11573182258",55.43,"1",11573182258147
43,"11573182258",89.14,"1",11573182258147
43,"11573182258",89.14,"3",11573182258148
44,"11573182258",36.57,"3",11573182258148
44,"11573182258",36.57,"4",11573182258149
45,"11573182258",22.86,"4",11573182258149
46,"11573182258",4.0,"4",11573182258149
47,"11573182258",5.14,"4",11573182258149
47,"11573182258",5.14,"3",11573182258150
48,"11573182258",2.57,"3",11573182258150
49,"11573182258",2.57,"3",11573182258150
49,"11573182258",2.57,"2",11573182258151
50,"11573182258",2.29,"2",11573182258151
51,"11573182258",2.29,"2",11573182258151
51,"11573182258",2.29,"1b",11573182258152
52,"11573182258",3.0,"1b",11573182258152
53,"11573182258",9.29,"1b",11573182258152
53,"11573182258",9.29,"1",11573182258153
54,"11573182258",20.29,"1",11573182258153
55,"11573182258",15.0,"1",11573182258153
56,"11573182258",23.43,"1",11573182258153
57,"11573182258",40.57,"1",11573182258153
58,"11573182258",69.14,"1",11573182258153
58,"11573182258",69.14,"1b",11573182258154
59,"11573182258",105.71,"1b",11573182258154
59,"11573182258",105.71,"2",11573182258155
60,"11573182258",96.0,"2",11573182258155
60,"11573182258",96.0,"3",11573182258156
61,"11573182258",77.71,"3",11573182258156
61,"11573182258",77.71,"2",11573182258157
62,"11573182258",84.57,"2",11573182258157
63,"11573182258",114.29,"2",11573182258157
63,"11573182258",114.29,"3",11573182258158
64,"11573182258",144.0,"3",11573182258158
64,"11573182258",144.0,"4",11573182258159
65,"11573182258",91.43,"4",11573182258159
66,"11573182258",43.43,"4",11573182258159
67,"11573182258",41.14,"4",11573182258159
68,"11573182258",5.71,"4",11573182258159
69,"11573182258",6.86,"4",11573182258159
69,"11573182258",6.86,"3",11573182258160
70,"11573182258",3.29,"3",11573182258160
71,"11573182258",2.57,"3",11573182258160
71,"11573182258",2.57,"2",11573182258161
72,"11573182258",2.14,"2",11573182258161
73,"11573182258",2.43,"2",11573182258161
73,"11573182258",2.43,"1b",11573182258162
74,"11573182258",0.86,"1b",11573182258162
75,"11573182258",0.86,"1b",11573182258162
75,"11573182258",0.86,"1",11573182258163
76,"11573182258",0.86,"1",11573182258163
77,"11573182258",0.86,"1",11573182258163
78,"11573182258",2.0,"1",11573182258163
79,"11573182258",2.86,"1",11573182258163
80,"11573182258",4.14,"1",11573182258163
81,"11573182258",7.14,"1",11573182258163
81,"11573182258",7.14,"1",11574260383163
0,"11574260383",0.0,"1",11574260383163
1,"11574260383",0.0,"1",11574260383163
2,"11574260383",0.0,"1",11574260383163
3,"11574260383",0.0,"1",11574260383163
4,"11574260383",0.0,"1",11574260383163
5,"11574260383",0.0,"1",11574260383163
6,"11574260383",0.0,"1",11574260383163
7,"11574260383",0.0,"1",11574260383163
8,"11574260383",0.0,"1",11574260383163
9,"11574260383",0.0,"1",11574260383163
10,"11574260383",0.0,"1",11574260383163
11,"11574260383",0.43,"1",11574260383163
12,"11574260383",1.86,"1",11574260383163
12,"11574260383",1.86,"1b",11574260383164
13,"11574260383",5.29,"1b",11574260383164
13,"11574260383",5.29,"2",11574260383165
14,"11574260383",4.0,"2",11574260383165
14,"11574260383",4.0,"3",11574260383166
15,"11574260383",3.43,"3",11574260383166
16,"11574260383",1.14,"3",11574260383166
16,"11574260383",1.14,"2",11574260383167
17,"11574260383",1.57,"2",11574260383167
18,"11574260383",1.71,"2",11574260383167
18,"11574260383",1.71,"1b",11574260383168
19,"11574260383",2.43,"1b",11574260383168
19,"11574260383",2.43,"2",11574260383169
20,"11574260383",1.86,"2",11574260383169
21,"11574260383",2.71,"2",11574260383169
22,"11574260383",3.43,"2",11574260383169
23,"11574260383",1.29,"2",11574260383169
24,"11574260383",1.71,"2",11574260383169
25,"11574260383",1.29,"2",11574260383169
26,"11574260383",1.43,"2",11574260383169
27,"11574260383",1.29,"2",11574260383169
27,"11574260383",1.29,"1b",11574260383170
28,"11574260383",0.43,"1b",11574260383170
29,"11574260383",0.71,"1b",11574260383170
29,"11574260383",0.71,"1",11574260383171
30,"11574260383",1.43,"1",11574260383171
31,"11574260383",1.43,"1",11574260383171
32,"11574260383",0.71,"1",11574260383171
33,"11574260383",0.86,"1",11574260383171
34,"11574260383",1.0,"1",11574260383171
35,"11574260383",1.57,"1",11574260383171
36,"11574260383",1.57,"1",11574260383171
37,"11574260383",1.14,"1",11574260383171
38,"11574260383",2.29,"1",11574260383171
39,"11574260383",2.29,"1",11574260383171
40,"11574260383",3.57,"1",11574260383171
41,"11574260383",4.57,"1",11574260383171
42,"11574260383",3.14,"1",11574260383171
43,"11574260383",2.86,"1",11574260383171
44,"11574260383",3.0,"1",11574260383171
45,"11574260383",3.43,"1",11574260383171
46,"11574260383",3.71,"1",11574260383171
47,"11574260383",5.86,"1",11574260383171
48,"11574260383",11.29,"1",11574260383171
49,"11574260383",16.57,"1",11574260383171
50,"11574260383",14.86,"1",11574260383171
51,"11574260383",25.14,"1",11574260383171
52,"11574260383",32.0,"1",11574260383171
53,"11574260383",46.86,"1",11574260383171
54,"11574260383",69.14,"1",11574260383171
54,"11574260383",69.14,"1b",11574260383172
55,"11574260383",66.29,"1b",11574260383172
55,"11574260383",66.29,"3",11574260383173
56,"11574260383",77.71,"3",11574260383173
57,"11574260383",45.71,"3",11574260383173
57,"11574260383",45.71,"4",11574260383174
58,"11574260383",20.57,"4",11574260383174
59,"11574260383",14.86,"4",11574260383174
60,"11574260383",6.29,"4",11574260383174
60,"11574260383",6.29,"3",11574260383175
61,"11574260383",2.86,"3",11574260383175
62,"11574260383",0.86,"3",11574260383175
62,"11574260383",0.86,"2",11574260383176
63,"11574260383",1.0,"2",11574260383176
64,"11574260383",0.14,"2",11574260383176
64,"11574260383",0.14,"1b",11574260383177
65,"11574260383",1.0,"1b",11574260383177
66,"11574260383",0.71,"1b",11574260383177
66,"11574260383",0.71,"1",11574260383178
67,"11574260383",0.57,"1",11574260383178
68,"11574260383",1.86,"1",11574260383178
69,"11574260383",4.29,"1",11574260383178
70,"11574260383",7.29,"1",11574260383178
71,"11574260383",9.86,"1",11574260383178
72,"11574260383",9.71,"1",11574260383178
73,"11574260383",9.86,"1",11574260383178
74,"11574260383",12.57,"1",11574260383178
75,"11574260383",16.29,"1",11574260383178
76,"11574260383",11.43,"1",11574260383178
77,"11574260383",16.0,"1",11574260383178
78,"11574260383",26.29,"1",11574260383178
79,"11574260383",42.86,"1",11574260383178
80,"11574260383",56.0,"1",11574260383178
81,"11574260383",69.14,"1",11574260383178
81,"11574260383",69.14,"1",11574380129178
0,"11574380129",0.0,"1",11574380129178
1,"11574380129",0.0,"1",11574380129178
2,"11574380129",0.0,"1",11574380129178
3,"11574380129",0.0,"1",11574380129178
4,"11574380129",0.0,"1",11574380129178
5,"11574380129",0.0,"1",11574380129178
6,"11574380129",2.71,"1",11574380129178
6,"11574380129",2.71,"2",11574380129179
7,"11574380129",4.86,"2",11574380129179
8,"11574380129",4.86,"2",11574380129179
9,"11574380129",5.29,"2",11574380129179
10,"11574380129",5.29,"2",11574380129179
11,"11574380129",9.29,"2",11574380129179
12,"11574380129",10.86,"2",11574380129179
12,"11574380129",10.86,"3",11574380129180
13,"11574380129",10.71,"3",11574380129180
14,"11574380129",5.86,"3",11574380129180
15,"11574380129",6.14,"3",11574380129180
15,"11574380129",6.14,"2",11574380129181
16,"11574380129",5.14,"2",11574380129181
17,"11574380129",5.29,"2",11574380129181
18,"11574380129",6.57,"2",11574380129181
19,"11574380129",6.71,"2",11574380129181
20,"11574380129",9.43,"2",11574380129181
21,"11574380129",8.86,"2",11574380129181
22,"11574380129",10.43,"2",11574380129181
23,"11574380129",14.14,"2",11574380129181
23,"11574380129",14.14,"3",11574380129182
24,"11574380129",10.71,"3",11574380129182
25,"11574380129",5.71,"3",11574380129182
25,"11574380129",5.71,"2",11574380129183
26,"11574380129",8.0,"2",11574380129183
26,"11574380129",8.0,"3",11574380129184
27,"11574380129",5.71,"3",11574380129184
28,"11574380129",4.57,"3",11574380129184
28,"11574380129",4.57,"2",11574380129185
29,"11574380129",14.86,"2",11574380129185
30,"11574380129",19.43,"2",11574380129185
30,"11574380129",19.43,"1b",11574380129186
31,"11574380129",24.0,"1b",11574380129186
32,"11574380129",21.71,"1b",11574380129186
32,"11574380129",21.71,"1",11574380129187
33,"11574380129",33.14,"1",11574380129187
34,"11574380129",55.43,"1",11574380129187
35,"11574380129",92.0,"1",11574380129187
35,"11574380129",92.0,"1b",11574380129188
36,"11574380129",137.14,"1b",11574380129188
37,"11574380129",230.86,"1b",11574380129188
37,"11574380129",230.86,"2",11574380129189
38,"11574380129",246.86,"2",11574380129189
38,"11574380129",246.86,"4",11574380129190
39,"11574380129",118.86,"4",11574380129190
40,"11574380129",73.14,"4",11574380129190
41,"11574380129",34.29,"4",11574380129190
42,"11574380129",23.43,"4",11574380129190
43,"11574380129",5.14,"4",11574380129190
43,"11574380129",5.14,"3",11574380129191
44,"11574380129",3.71,"3",11574380129191
45,"11574380129",1.29,"3",11574380129191
45,"11574380129",1.29,"2",11574380129192
46,"11574380129",1.29,"2",11574380129192
47,"11574380129",1.71,"2",11574380129192
47,"11574380129",1.71,"1b",11574380129193
48,"11574380129",0.71,"1b",11574380129193
49,"11574380129",2.29,"1b",11574380129193
49,"11574380129",2.29,"1",11574380129194
50,"11574380129",4.29,"1",11574380129194
51,"11574380129",9.14,"1",11574380129194
52,"11574380129",17.43,"1",11574380129194
53,"11574380129",19.43,"1",11574380129194
54,"11574380129",48.57,"1",11574380129194
55,"11574380129",85.71,"1",11574380129194
55,"11574380129",85.71,"1b",11574380129195
56,"11574380129",148.57,"1b",11574380129195
56,"11574380129",148.57,"2",11574380129196
57,"11574380129",224.0,"2",11574380129196
57,"11574380129",224.0,"3",11574380129197
58,"11574380129",166.86,"3",11574380129197
58,"11574380129",166.86,"4",11574380129198
59,"11574380129",93.71,"4",11574380129198
60,"11574380129",50.29,"4",11574380129198
61,"11574380129",34.29,"4",11574380129198
61,"11574380129",34.29,"3",11574380129199
62,"11574380129",13.14,"3",11574380129199
62,"11574380129",13.14,"4",11574380129200
63,"11574380129",8.0,"4",11574380129200
64,"11574380129",2.43,"4",11574380129200
64,"11574380129",2.43,"3",11574380129201
65,"11574380129",2.0,"3",11574380129201
66,"11574380129",0.86,"3",11574380129201
66,"11574380129",0.86,"2",11574380129202
67,"11574380129",1.0,"2",11574380129202
68,"11574380129",0.71,"2",11574380129202
68,"11574380129",0.71,"1b",11574380129203
69,"11574380129",0.86,"1b",11574380129203
70,"11574380129",2.71,"1b",11574380129203
70,"11574380129",2.71,"1",11574380129204
71,"11574380129",2.14,"1",11574380129204
72,"11574380129",2.57,"1",11574380129204
73,"11574380129",2.71,"1",11574380129204
74,"11574380129",3.57,"1",11574380129204
75,"11574380129",8.86,"1",11574380129204
76,"11574380129",15.57,"1",11574380129204
77,"11574380129",18.57,"1",11574380129204
78,"11574380129",24.57,"1",11574380129204
79,"11574380129",38.29,"1",11574380129204
80,"11574380129",66.86,"1",11574380129204
81,"11574380129",94.86,"1",11574380129204
81,"11574380129",94.86,"1",11574579603204
0,"11574579603",0.0,"1",11574579603204
1,"11574579603",0.0,"1",11574579603204
2,"11574579603",0.0,"1",11574579603204
3,"11574579603",0.0,"1",11574579603204
4,"11574579603",0.0,"1",11574579603204
5,"11574579603",0.0,"1",11574579603204
6,"11574579603",0.0,"1",11574579603204
7,"11574579603",0.14,"1",11574579603204
7,"11574579603",0.14,"1b",11574579603205
8,"11574579603",0.14,"1b",11574579603205
9,"11574579603",0.0,"1b",11574579603205
9,"11574579603",0.0,"1",11574579603206
10,"11574579603",0.0,"1",11574579603206
11,"11574579603",0.0,"1",11574579603206
12,"11574579603",0.0,"1",11574579603206
13,"11574579603",0.0,"1",11574579603206
14,"11574579603",0.0,"1",11574579603206
15,"11574579603",0.0,"1",11574579603206
16,"11574579603",0.29,"1",11574579603206
17,"11574579603",1.0,"1",11574579603206
17,"11574579603",1.0,"1b",11574579603207
18,"11574579603",1.0,"1b",11574579603207
18,"11574579603",1.0,"2",11574579603208
19,"11574579603",1.86,"2",11574579603208
20,"11574579603",1.86,"2",11574579603208
20,"11574579603",1.86,"1b",11574579603209
21,"11574579603",2.71,"1b",11574579603209
21,"11574579603",2.71,"2",11574579603210
22,"11574579603",1.0,"2",11574579603210
23,"11574579603",0.86,"2",11574579603210
23,"11574579603",0.86,"1b",11574579603211
24,"11574579603",0.43,"1b",11574579603211
24,"11574579603",0.43,"2",11574579603212
25,"11574579603",0.57,"2",11574579603212
26,"11574579603",0.14,"2",11574579603212
26,"11574579603",0.14,"1b",11574579603213
27,"11574579603",0.43,"1b",11574579603213
28,"11574579603",1.14,"1b",11574579603213
28,"11574579603",1.14,"1",11574579603214
29,"11574579603",2.86,"1",11574579603214
30,"11574579603",7.29,"1",11574579603214
31,"11574579603",7.86,"1",11574579603214
32,"11574579603",5.57,"1",11574579603214
33,"11574579603",8.43,"1",11574579603214
34,"11574579603",11.29,"1",11574579603214
35,"11574579603",14.71,"1",11574579603214
36,"11574579603",14.0,"1",11574579603214
37,"11574579603",24.0,"1",11574579603214
38,"11574579603",32.0,"1",11574579603214
39,"11574579603",67.43,"1",11574579603214
40,"11574579603",78.86,"1",11574579603214
40,"11574579603",78.86,"2",11574579603215
41,"11574579603",75.43,"2",11574579603215
41,"11574579603",75.43,"3",11574579603216
42,"11574579603",61.71,"3",11574579603216
43,"11574579603",27.43,"3",11574579603216
43,"11574579603",27.43,"2",11574579603217
44,"11574579603",38.86,"2",11574579603217
45,"11574579603",84.57,"2",11574579603217
45,"11574579603",84.57,"1b",11574579603218
46,"11574579603",121.14,"1b",11574579603218
47,"11574579603",141.71,"1b",11574579603218
47,"11574579603",141.71,"2",11574579603219
48,"11574579603",162.29,"2",11574579603219
49,"11574579603",205.71,"2",11574579603219
50,"11574579603",217.14,"2",11574579603219
50,"11574579603",217.14,"3",11574579603220
51,"11574579603",146.29,"3",11574579603220
51,"11574579603",146.29,"4",11574579603221
52,"11574579603",66.29,"4",11574579603221
53,"11574579603",20.57,"4",11574579603221
53,"11574579603",20.57,"3",11574579603222
54,"11574579603",16.0,"3",11574579603222
54,"11574579603",16.0,"4",11574579603223
55,"11574579603",12.0,"4",11574579603223
56,"11574579603",5.14,"4",11574579603223
56,"11574579603",5.14,"3",11574579603224
57,"11574579603",2.57,"3",11574579603224
58,"11574579603",1.0,"3",11574579603224
58,"11574579603",1.0,"2",11574579603225
59,"11574579603",1.29,"2",11574579603225
60,"11574579603",1.71,"2",11574579603225
60,"11574579603",1.71,"1b",11574579603226
61,"11574579603",1.86,"1b",11574579603226
62,"11574579603",0.86,"1b",11574579603226
62,"11574579603",0.86,"1",11574579603227
63,"11574579603",1.29,"1",11574579603227
64,"11574579603",1.71,"1",11574579603227
65,"11574579603",4.57,"1",11574579603227
66,"11574579603",8.14,"1",11574579603227
67,"11574579603",10.43,"1",11574579603227
68,"11574579603",11.0,"1",11574579603227
69,"11574579603",15.86,"1",11574579603227
70,"11574579603",17.71,"1",11574579603227
71,"11574579603",33.71,"1",11574579603227
72,"11574579603",40.57,"1",11574579603227
73,"11574579603",75.43,"1",11574579603227
73,"11574579603",75.43,"1b",11574579603228
74,"11574579603",63.43,"1b",11574579603228
75,"11574579603",48.0,"1b",11574579603228
75,"11574579603",48.0,"1",11574579603229
76,"11574579603",109.71,"1",11574579603229
77,"11574579603",171.43,"1",11574579603229
77,"11574579603",171.43,"1b",11574579603230
78,"11574579603",150.86,"1b",11574579603230
78,"11574579603",150.86,"3",11574579603231
79,"11574579603",105.14,"3",11574579603231
79,"11574579603",105.14,"4",11574579603232
80,"11574579603",64.0,"4",11574579603232
81,"11574579603",22.86,"4",11574579603232
81,"11574579603",22.86,"1",11575885252233
0,"11575885252",0.0,"1",11575885252233
1,"11575885252",0.43,"1",11575885252233
2,"11575885252",0.86,"1",11575885252233
3,"11575885252",2.71,"1",11575885252233
3,"11575885252",2.71,"2",11575885252234
4,"11575885252",4.0,"2",11575885252234
5,"11575885252",7.71,"2",11575885252234
6,"11575885252",6.0,"2",11575885252234
6,"11575885252",6.0,"3",11575885252235
7,"11575885252",8.29,"3",11575885252235
8,"11575885252",9.0,"3",11575885252235
8,"11575885252",9.0,"2",11575885252236
9,"11575885252",9.0,"2",11575885252236
10,"11575885252",12.71,"2",11575885252236
10,"11575885252",12.71,"3",11575885252237
11,"11575885252",12.71,"3",11575885252237
12,"11575885252",9.29,"3",11575885252237
12,"11575885252",9.29,"2",11575885252238
13,"11575885252",9.57,"2",11575885252238
14,"11575885252",12.57,"2",11575885252238
15,"11575885252",11.0,"2",11575885252238
15,"11575885252",11.0,"3",11575885252239
16,"11575885252",6.86,"3",11575885252239
17,"11575885252",2.86,"3",11575885252239
17,"11575885252",2.86,"2",11575885252240
18,"11575885252",2.29,"2",11575885252240
19,"11575885252",1.71,"2",11575885252240
20,"11575885252",1.14,"2",11575885252240
20,"11575885252",1.14,"1b",11575885252241
21,"11575885252",0.71,"1b",11575885252241
21,"11575885252",0.71,"2",11575885252242
22,"11575885252",0.29,"2",11575885252242
23,"11575885252",0.43,"2",11575885252242
23,"11575885252",0.43,"1b",11575885252243
24,"11575885252",0.29,"1b",11575885252243
25,"11575885252",0.0,"1b",11575885252243
25,"11575885252",0.0,"1",11575885252244
26,"11575885252",0.0,"1",11575885252244
27,"11575885252",0.0,"1",11575885252244
28,"11575885252",0.57,"1",11575885252244
29,"11575885252",2.29,"1",11575885252244
30,"11575885252",9.29,"1",11575885252244
31,"11575885252",12.0,"1",11575885252244
32,"11575885252",13.57,"1",11575885252244
33,"11575885252",7.71,"1",11575885252244
34,"11575885252",15.43,"1",11575885252244
35,"11575885252",22.29,"1",11575885252244
36,"11575885252",37.14,"1",11575885252244
37,"11575885252",50.86,"1",11575885252244
38,"11575885252",65.71,"1",11575885252244
38,"11575885252",65.71,"1b",11575885252245
39,"11575885252",48.0,"1b",11575885252245
40,"11575885252",114.29,"1b",11575885252245
41,"11575885252",198.86,"1b",11575885252245
41,"11575885252",198.86,"2",11575885252246
42,"11575885252",244.57,"2",11575885252246
42,"11575885252",244.57,"3",11575885252247
43,"11575885252",180.57,"3",11575885252247
43,"11575885252",180.57,"4",11575885252248
44,"11575885252",82.29,"4",11575885252248
45,"11575885252",36.57,"4",11575885252248
46,"11575885252",21.71,"4",11575885252248
47,"11575885252",12.57,"4",11575885252248
47,"11575885252",12.57,"3",11575885252249
48,"11575885252",7.43,"3",11575885252249
49,"11575885252",3.86,"3",11575885252249
49,"11575885252",3.86,"2",11575885252250
50,"11575885252",3.0,"2",11575885252250
51,"11575885252",4.0,"2",11575885252250
51,"11575885252",4.0,"1b",11575885252251
52,"11575885252",3.43,"1b",11575885252251
53,"11575885252",3.57,"1b",11575885252251
53,"11575885252",3.57,"1",11575885252252
54,"11575885252",6.43,"1",11575885252252
55,"11575885252",11.86,"1",11575885252252
56,"11575885252",20.29,"1",11575885252252
57,"11575885252",28.0,"1",11575885252252
58,"11575885252",53.14,"1",11575885252252
59,"11575885252",76.57,"1",11575885252252
59,"11575885252",76.57,"1b",11575885252253
60,"11575885252",84.57,"1b",11575885252253
61,"11575885252",82.29,"1b",11575885252253
61,"11575885252",82.29,"2",11575885252254
62,"11575885252",68.57,"2",11575885252254
62,"11575885252",68.57,"3",11575885252255
63,"11575885252",70.86,"3",11575885252255
64,"11575885252",82.29,"3",11575885252255
64,"11575885252",82.29,"2",11575885252256
65,"11575885252",84.57,"2",11575885252256
66,"11575885252",160.0,"2",11575885252256
66,"11575885252",160.0,"1b",11575885252257
67,"11575885252",196.57,"1b",11575885252257
67,"11575885252",196.57,"3",11575885252258
68,"11575885252",187.43,"3",11575885252258
68,"11575885252",187.43,"4",11575885252259
69,"11575885252",125.71,"4",11575885252259
70,"11575885252",54.86,"4",11575885252259
71,"11575885252",32.0,"4",11575885252259
71,"11575885252",32.0,"3",11575885252260
72,"11575885252",17.71,"3",11575885252260
72,"11575885252",17.71,"4",11575885252261
73,"11575885252",7.43,"4",11575885252261
74,"11575885252",3.57,"4",11575885252261
74,"11575885252",3.57,"3",11575885252262
75,"11575885252",3.29,"3",11575885252262
76,"11575885252",1.86,"3",11575885252262
76,"11575885252",1.86,"2",11575885252263
77,"11575885252",2.0,"2",11575885252263
78,"11575885252",1.43,"2",11575885252263
78,"11575885252",1.43,"1b",11575885252264
79,"11575885252",0.57,"1b",11575885252264
80,"11575885252",1.14,"1b",11575885252264
80,"11575885252",1.14,"1",11575885252265
81,"11575885252",0.57,"1",11575885252265
81,"11575885252",0.57,"1",11576165042265
0,"11576165042",0.0,"1",11576165042265
1,"11576165042",0.0,"1",11576165042265
2,"11576165042",0.14,"1",11576165042265
3,"11576165042",0.0,"1",11576165042265
4,"11576165042",0.0,"1",11576165042265
5,"11576165042",0.0,"1",11576165042265
6,"11576165042",0.0,"1",11576165042265
7,"11576165042",0.0,"1",11576165042265
8,"11576165042",0.29,"1",11576165042265
9,"11576165042",0.86,"1",11576165042265
9,"11576165042",0.86,"2",11576165042266
10,"11576165042",1.43,"2",11576165042266
11,"11576165042",1.29,"2",11576165042266
12,"11576165042",1.86,"2",11576165042266
13,"11576165042",0.86,"2",11576165042266
13,"11576165042",0.86,"1b",11576165042267
14,"11576165042",0.86,"1b",11576165042267
14,"11576165042",0.86,"2",11576165042268
15,"11576165042",0.86,"2",11576165042268
16,"11576165042",0.86,"2",11576165042268
16,"11576165042",0.86,"1b",11576165042269
17,"11576165042",1.14,"1b",11576165042269
18,"11576165042",2.57,"1b",11576165042269
19,"11576165042",3.86,"1b",11576165042269
19,"11576165042",3.86,"2",11576165042270
20,"11576165042",5.0,"2",11576165042270
21,"11576165042",6.57,"2",11576165042270
22,"11576165042",9.29,"2",11576165042270
23,"11576165042",15.43,"2",11576165042270
24,"11576165042",13.29,"2",11576165042270
24,"11576165042",13.29,"3",11576165042271
25,"11576165042",8.57,"3",11576165042271
26,"11576165042",15.43,"3",11576165042271
26,"11576165042",15.43,"2",11576165042272
27,"11576165042",27.43,"2",11576165042272
27,"11576165042",27.43,"3",11576165042273
28,"11576165042",38.29,"3",11576165042273
29,"11576165042",30.29,"3",11576165042273
30,"11576165042",33.14,"3",11576165042273
30,"11576165042",33.14,"2",11576165042274
31,"11576165042",33.71,"2",11576165042274
32,"11576165042",48.57,"2",11576165042274
32,"11576165042",48.57,"1b",11576165042275
33,"11576165042",97.71,"1b",11576165042275
33,"11576165042",97.71,"2",11576165042276
34,"11576165042",134.86,"2",11576165042276
34,"11576165042",134.86,"3",11576165042277
35,"11576165042",98.29,"3",11576165042277
35,"11576165042",98.29,"4",11576165042278
36,"11576165042",89.14,"4",11576165042278
37,"11576165042",59.43,"4",11576165042278
38,"11576165042",43.43,"4",11576165042278
38,"11576165042",43.43,"3",11576165042279
39,"11576165042",20.57,"3",11576165042279
39,"11576165042",20.57,"4",11576165042280
40,"11576165042",14.86,"4",11576165042280
41,"11576165042",8.57,"4",11576165042280
41,"11576165042",8.57,"3",11576165042281
42,"11576165042",4.71,"3",11576165042281
43,"11576165042",3.71,"3",11576165042281
43,"11576165042",3.71,"2",11576165042282
44,"11576165042",1.29,"2",11576165042282
45,"11576165042",1.14,"2",11576165042282
45,"11576165042",1.14,"1b",11576165042283
46,"11576165042",1.71,"1b",11576165042283
47,"11576165042",2.29,"1b",11576165042283
47,"11576165042",2.29,"1",11576165042284
48,"11576165042",3.29,"1",11576165042284
49,"11576165042",3.57,"1",11576165042284
50,"11576165042",9.0,"1",11576165042284
51,"11576165042",17.14,"1",11576165042284
52,"11576165042",22.71,"1",11576165042284
53,"11576165042",43.43,"1",11576165042284
54,"11576165042",91.43,"1",11576165042284
54,"11576165042",91.43,"2",11576165042285
55,"11576165042",27.43,"2",11576165042285
55,"11576165042",27.43,"3",11576165042286
56,"11576165042",16.0,"3",11576165042286
56,"11576165042",16.0,"2",11576165042287
57,"11576165042",5.71,"2",11576165042287
58,"11576165042",5.57,"2",11576165042287
58,"11576165042",5.57,"1b",11576165042288
59,"11576165042",2.29,"1b",11576165042288
60,"11576165042",5.14,"1b",11576165042288
60,"11576165042",5.14,"1",11576165042289
61,"11576165042",2.71,"1",11576165042289
62,"11576165042",4.14,"1",11576165042289
63,"11576165042",5.57,"1",11576165042289
64,"11576165042",8.86,"1",11576165042289
65,"11576165042",20.29,"1",11576165042289
66,"11576165042",28.57,"1",11576165042289
67,"11576165042",69.71,"1",11576165042289
68,"11576165042",118.29,"1",11576165042289
68,"11576165042",118.29,"1b",11576165042290
69,"11576165042",192.0,"1b",11576165042290
69,"11576165042",192.0,"3",11576165042291
70,"11576165042",198.86,"3",11576165042291
70,"11576165042",198.86,"4",11576165042292
71,"11576165042",137.14,"4",11576165042292
72,"11576165042",54.86,"4",11576165042292
73,"11576165042",45.71,"4",11576165042292
74,"11576165042",26.86,"4",11576165042292
75,"11576165042",8.57,"4",11576165042292
75,"11576165042",8.57,"3",11576165042293
76,"11576165042",5.71,"3",11576165042293
77,"11576165042",2.86,"3",11576165042293
77,"11576165042",2.86,"2",11576165042294
78,"11576165042",3.14,"2",11576165042294
79,"11576165042",2.14,"2",11576165042294
79,"11576165042",2.14,"1b",11576165042295
80,"11576165042",2.29,"1b",11576165042295
81,"11576165042",1.57,"1",115763253296
81,"11576165042",1.57,"1b",11576165042295
0,"115763253",0.0,"1",115763253296
1,"115763253",0.0,"1",115763253296
2,"115763253",0.43,"1",115763253296
2,"115763253",0.43,"1b",115763253297
3,"115763253",0.29,"1b",115763253297
4,"115763253",0.0,"1b",115763253297
4,"115763253",0.0,"1",115763253298
5,"115763253",0.0,"1",115763253298
6,"115763253",0.0,"1",115763253298
7,"115763253",0.0,"1",115763253298
8,"115763253",0.0,"1",115763253298
9,"115763253",0.0,"1",115763253298
10,"115763253",0.0,"1",115763253298
11,"115763253",0.0,"1",115763253298
12,"115763253",0.0,"1",115763253298
13,"115763253",0.0,"1",115763253298
14,"115763253",0.0,"1",115763253298
15,"115763253",0.0,"1",115763253298
16,"115763253",0.0,"1",115763253298
17,"115763253",0.0,"1",115763253298
18,"115763253",0.57,"1",115763253298
19,"115763253",0.57,"1",115763253298
19,"115763253",0.57,"2",115763253299
20,"115763253",0.43,"2",115763253299
21,"115763253",0.14,"2",115763253299
21,"115763253",0.14,"1b",115763253300
22,"115763253",0.86,"1b",115763253300
23,"115763253",2.43,"1b",115763253300
24,"115763253",2.86,"1b",115763253300
24,"115763253",2.86,"2",115763253301
25,"115763253",3.57,"2",115763253301
26,"115763253",2.43,"2",115763253301
27,"115763253",4.0,"2",115763253301
27,"115763253",4.0,"1b",115763253302
28,"115763253",4.86,"1b",115763253302
29,"115763253",3.86,"1b",115763253302
29,"115763253",3.86,"2",115763253303
30,"115763253",3.71,"2",115763253303
31,"115763253",2.57,"2",115763253303
31,"115763253",2.57,"1b",115763253304
32,"115763253",2.71,"1b",115763253304
33,"115763253",2.86,"1b",115763253304
33,"115763253",2.86,"1",115763253305
34,"115763253",4.71,"1",115763253305
35,"115763253",6.14,"1",115763253305
36,"115763253",9.43,"1",115763253305
37,"115763253",13.43,"1",115763253305
38,"115763253",16.86,"1",115763253305
39,"115763253",33.14,"1",115763253305
40,"115763253",43.43,"1",115763253305
41,"115763253",75.43,"1",115763253305
42,"115763253",62.86,"1",115763253305
42,"115763253",62.86,"1b",115763253306
43,"115763253",102.86,"1b",115763253306
44,"115763253",116.57,"1b",115763253306
44,"115763253",116.57,"2",115763253307
45,"115763253",77.71,"2",115763253307
45,"115763253",77.71,"3",115763253308
46,"115763253",50.29,"3",115763253308
47,"115763253",48.0,"3",115763253308
47,"115763253",48.0,"4",115763253309
48,"115763253",22.86,"4",115763253309
49,"115763253",8.0,"4",115763253309
49,"115763253",8.0,"3",115763253310
50,"115763253",5.0,"3",115763253310
51,"115763253",1.71,"3",115763253310
51,"115763253",1.71,"2",115763253311
52,"115763253",1.0,"2",115763253311
53,"115763253",1.29,"2",115763253311
53,"115763253",1.29,"1b",115763253312
54,"115763253",1.29,"1b",115763253312
55,"115763253",1.0,"1b",115763253312
55,"115763253",1.0,"1",115763253313
56,"115763253",3.29,"1",115763253313
57,"115763253",5.71,"1",115763253313
58,"115763253",11.14,"1",115763253313
59,"115763253",14.14,"1",115763253313
60,"115763253",20.0,"1",115763253313
61,"115763253",27.43,"1",115763253313
62,"115763253",40.57,"1",115763253313
63,"115763253",44.0,"1",115763253313
64,"115763253",52.0,"1",115763253313
65,"115763253",71.43,"1",115763253313
65,"115763253",71.43,"1b",115763253314
66,"115763253",57.14,"1b",115763253314
67,"115763253",107.43,"1b",115763253314
67,"115763253",107.43,"1",115763253315
68,"115763253",128.0,"1",115763253315
69,"115763253",272.0,"1",115763253315
69,"115763253",272.0,"1b",115763253316
70,"115763253",297.14,"1b",115763253316
70,"115763253",297.14,"4",115763253317
71,"115763253",64.0,"4",115763253317
72,"115763253",36.57,"4",115763253317
72,"115763253",36.57,"3",115763253318
73,"115763253",8.57,"3",115763253318
73,"115763253",8.57,"4",115763253319
74,"115763253",4.0,"4",115763253319
75,"115763253",0.86,"4",115763253319
75,"115763253",0.86,"3",115763253320
76,"115763253",1.14,"3",115763253320
77,"115763253",0.43,"3",115763253320
77,"115763253",0.43,"2",115763253321
78,"115763253",0.57,"2",115763253321
79,"115763253",1.0,"2",115763253321
79,"115763253",1.0,"1b",115763253322
80,"115763253",1.43,"1b",115763253322
81,"115763253",1.57,"1b",115763253322
81,"115763253",1.57,"1",11576992853323
0,"11576992853",0.0,"1",11576992853323
1,"11576992853",0.0,"1",11576992853323
2,"11576992853",0.57,"1",11576992853323
3,"11576992853",2.71,"1",11576992853323
4,"11576992853",14.43,"1",11576992853323
4,"11576992853",14.43,"3",11576992853324
5,"11576992853",18.14,"3",11576992853324
6,"11576992853",13.14,"3",11576992853324
7,"11576992853",16.0,"3",11576992853324
8,"11576992853",18.29,"3",11576992853324
9,"11576992853",12.57,"3",11576992853324
10,"11576992853",19.43,"3",11576992853324
11,"11576992853",16.57,"3",11576992853324
12,"11576992853",22.29,"3",11576992853324
13,"11576992853",22.29,"3",11576992853324
14,"11576992853",18.29,"3",11576992853324
15,"11576992853",12.57,"3",11576992853324
15,"11576992853",12.57,"2",11576992853325
16,"11576992853",14.29,"2",11576992853325
17,"11576992853",11.43,"2",11576992853325
18,"11576992853",22.29,"2",11576992853325
18,"11576992853",22.29,"3",11576992853326
19,"11576992853",27.43,"3",11576992853326
20,"11576992853",20.57,"3",11576992853326
21,"11576992853",21.71,"3",11576992853326
22,"11576992853",15.43,"3",11576992853326
23,"11576992853",11.43,"3",11576992853326
24,"11576992853",8.0,"3",11576992853326
24,"11576992853",8.0,"2",11576992853327
25,"11576992853",7.14,"2",11576992853327
25,"11576992853",7.14,"3",11576992853328
26,"11576992853",3.71,"3",11576992853328
27,"11576992853",1.71,"3",11576992853328
27,"11576992853",1.71,"2",11576992853329
28,"11576992853",2.29,"2",11576992853329
29,"11576992853",1.43,"2",11576992853329
29,"11576992853",1.43,"1b",11576992853330
30,"11576992853",1.57,"1b",11576992853330
31,"11576992853",1.14,"1b",11576992853330
31,"11576992853",1.14,"1",11576992853331
32,"11576992853",2.0,"1",11576992853331
33,"11576992853",2.57,"1",11576992853331
34,"11576992853",3.71,"1",11576992853331
35,"11576992853",6.71,"1",11576992853331
36,"11576992853",16.43,"1",11576992853331
37,"11576992853",20.71,"1",11576992853331
38,"11576992853",17.14,"1",11576992853331
39,"11576992853",36.57,"1",11576992853331
40,"11576992853",73.71,"1",11576992853331
40,"11576992853",73.71,"1b",11576992853332
41,"11576992853",126.29,"1b",11576992853332
41,"11576992853",126.29,"2",11576992853333
42,"11576992853",132.57,"2",11576992853333
42,"11576992853",132.57,"3",11576992853334
43,"11576992853",125.71,"3",11576992853334
43,"11576992853",125.71,"4",11576992853335
44,"11576992853",64.0,"4",11576992853335
45,"11576992853",27.43,"4",11576992853335
46,"11576992853",12.57,"4",11576992853335
47,"11576992853",8.0,"4",11576992853335
47,"11576992853",8.0,"3",11576992853336
48,"11576992853",2.86,"3",11576992853336
49,"11576992853",2.29,"3",11576992853336
49,"11576992853",2.29,"2",11576992853337
50,"11576992853",1.43,"2",11576992853337
51,"11576992853",1.29,"2",11576992853337
51,"11576992853",1.29,"1b",11576992853338
52,"11576992853",2.29,"1b",11576992853338
53,"11576992853",0.86,"1b",11576992853338
53,"11576992853",0.86,"1",11576992853339
54,"11576992853",1.14,"1",11576992853339
55,"11576992853",1.57,"1",11576992853339
56,"11576992853",4.29,"1",11576992853339
57,"11576992853",4.86,"1",11576992853339
58,"11576992853",11.57,"1",11576992853339
59,"11576992853",22.86,"1",11576992853339
60,"11576992853",33.14,"1",11576992853339
61,"11576992853",57.14,"1",11576992853339
62,"11576992853",80.0,"1",11576992853339
62,"11576992853",80.0,"1b",11576992853340
63,"11576992853",70.86,"1b",11576992853340
63,"11576992853",70.86,"3",11576992853341
64,"11576992853",70.86,"3",11576992853341
64,"11576992853",70.86,"4",11576992853342
65,"11576992853",36.57,"4",11576992853342
66,"11576992853",18.29,"4",11576992853342
66,"11576992853",18.29,"3",11576992853343
67,"11576992853",8.0,"3",11576992853343
67,"11576992853",8.0,"4",11576992853344
68,"11576992853",3.86,"4",11576992853344
69,"11576992853",1.71,"4",11576992853344
69,"11576992853",1.71,"3",11576992853345
70,"11576992853",1.14,"3",11576992853345
71,"11576992853",0.43,"3",11576992853345
71,"11576992853",0.43,"2",11576992853346
72,"11576992853",0.0,"2",11576992853346
73,"11576992853",0.71,"2",11576992853346
73,"11576992853",0.71,"1b",11576992853347
74,"11576992853",0.71,"1b",11576992853347
75,"11576992853",0.86,"1b",11576992853347
75,"11576992853",0.86,"1",11576992853348
76,"11576992853",0.43,"1",11576992853348
77,"11576992853",3.43,"1",11576992853348
78,"11576992853",3.14,"1",11576992853348
79,"11576992853",1.57,"1",11576992853348
80,"11576992853",3.29,"1",11576992853348
81,"11576992853",4.71,"1",11576992853348
81,"11576992853",4.71,"1",11577058676348
0,"11577058676",0.0,"1",11577058676348
1,"11577058676",0.57,"1",11577058676348
1,"11577058676",0.57,"2",11577058676349
2,"11577058676",0.57,"2",11577058676349
3,"11577058676",0.14,"2",11577058676349
3,"11577058676",0.14,"1b",11577058676350
4,"11577058676",0.57,"1b",11577058676350
5,"11577058676",0.71,"1b",11577058676350
5,"11577058676",0.71,"2",11577058676351
6,"11577058676",0.57,"2",11577058676351
7,"11577058676",0.29,"2",11577058676351
7,"11577058676",0.29,"1b",11577058676352
8,"11577058676",0.14,"1b",11577058676352
9,"11577058676",1.0,"1b",11577058676352
10,"11577058676",1.71,"1b",11577058676352
10,"11577058676",1.71,"1",11577058676353
11,"11577058676",6.0,"1",11577058676353
11,"11577058676",6.0,"2",11577058676354
12,"11577058676",8.43,"2",11577058676354
12,"11577058676",8.43,"3",11577058676355
13,"11577058676",8.57,"3",11577058676355
14,"11577058676",8.86,"3",11577058676355
15,"11577058676",8.29,"3",11577058676355
16,"11577058676",5.29,"3",11577058676355
16,"11577058676",5.29,"2",11577058676356
17,"11577058676",4.43,"2",11577058676356
17,"11577058676",4.43,"3",11577058676357
18,"11577058676",2.14,"3",11577058676357
19,"11577058676",2.0,"3",11577058676357
19,"11577058676",2.0,"2",11577058676358
20,"11577058676",0.86,"2",11577058676358
21,"11577058676",1.29,"2",11577058676358
22,"11577058676",0.43,"2",11577058676358
22,"11577058676",0.43,"1b",11577058676359
23,"11577058676",0.57,"1b",11577058676359
23,"11577058676",0.57,"2",11577058676360
24,"11577058676",0.29,"2",11577058676360
25,"11577058676",0.57,"2",11577058676360
25,"11577058676",0.57,"1b",11577058676361
26,"11577058676",1.0,"1b",11577058676361
26,"11577058676",1.0,"2",11577058676362
27,"11577058676",1.43,"2",11577058676362
28,"11577058676",0.14,"2",11577058676362
28,"11577058676",0.14,"1b",11577058676363
29,"11577058676",0.29,"1b",11577058676363
30,"11577058676",0.14,"1b",11577058676363
30,"11577058676",0.14,"1",11577058676364
31,"11577058676",0.0,"1",11577058676364
32,"11577058676",0.0,"1",11577058676364
33,"11577058676",0.0,"1",11577058676364
34,"11577058676",0.29,"1",11577058676364
35,"11577058676",0.0,"1",11577058676364
36,"11577058676",1.14,"1",11577058676364
37,"11577058676",2.43,"1",11577058676364
38,"11577058676",5.71,"1",11577058676364
39,"11577058676",7.0,"1",11577058676364
40,"11577058676",11.86,"1",11577058676364
41,"11577058676",15.57,"1",11577058676364
42,"11577058676",17.14,"1",11577058676364
43,"11577058676",24.0,"1",11577058676364
44,"11577058676",52.0,"1",11577058676364
45,"11577058676",88.57,"1",11577058676364
45,"11577058676",88.57,"1b",11577058676365
46,"11577058676",118.86,"1b",11577058676365
46,"11577058676",118.86,"3",11577058676366
47,"11577058676",98.29,"3",11577058676366
47,"11577058676",98.29,"4",11577058676367
48,"11577058676",50.29,"4",11577058676367
49,"11577058676",41.14,"4",11577058676367
49,"11577058676",41.14,"3",11577058676368
50,"11577058676",89.14,"3",11577058676368
50,"11577058676",89.14,"4",11577058676369
51,"11577058676",36.57,"4",11577058676369
52,"11577058676",41.14,"4",11577058676369
53,"11577058676",14.29,"4",11577058676369
54,"11577058676",5.71,"4",11577058676369
54,"11577058676",5.71,"3",11577058676370
55,"11577058676",2.86,"3",11577058676370
56,"11577058676",3.43,"3",11577058676370
56,"11577058676",3.43,"2",11577058676371
57,"11577058676",2.29,"2",11577058676371
58,"11577058676",0.86,"2",11577058676371
58,"11577058676",0.86,"1b",11577058676372
59,"11577058676",1.57,"1b",11577058676372
60,"11577058676",1.43,"1b",11577058676372
60,"11577058676",1.43,"1",11577058676373
61,"11577058676",1.71,"1",11577058676373
62,"11577058676",3.14,"1",11577058676373
63,"11577058676",4.71,"1",11577058676373
64,"11577058676",7.14,"1",11577058676373
65,"11577058676",8.86,"1",11577058676373
66,"11577058676",15.86,"1",11577058676373
67,"11577058676",33.43,"1",11577058676373
68,"11577058676",48.0,"1",11577058676373
69,"11577058676",70.29,"1",11577058676373
69,"11577058676",70.29,"1b",11577058676374
70,"11577058676",105.14,"1b",11577058676374
70,"11577058676",105.14,"2",11577058676375
71,"11577058676",116.57,"2",11577058676375
71,"11577058676",116.57,"3",11577058676376
72,"11577058676",93.71,"3",11577058676376
72,"11577058676",93.71,"4",11577058676377
73,"11577058676",52.57,"4",11577058676377
74,"11577058676",29.71,"4",11577058676377
75,"11577058676",9.14,"4",11577058676377
76,"11577058676",8.0,"4",11577058676377
76,"11577058676",8.0,"3",11577058676378
77,"11577058676",1.57,"3",11577058676378
78,"11577058676",2.71,"3",11577058676378
78,"11577058676",2.71,"2",11577058676379
79,"11577058676",2.57,"2",11577058676379
80,"11577058676",3.0,"2",11577058676379
80,"11577058676",3.0,"1b",11577058676380
81,"11577058676",5.0,"1b",11577058676380
81,"11577058676",5.0,"1",11577283461381
0,"11577283461",0.0,"1",11577283461381
1,"11577283461",0.0,"1",11577283461381
2,"11577283461",0.0,"1",11577283461381
3,"11577283461",0.0,"1",11577283461381
4,"11577283461",0.0,"1",11577283461381
5,"11577283461",0.0,"1",11577283461381
6,"11577283461",0.0,"1",11577283461381
7,"11577283461",0.0,"1",11577283461381
8,"11577283461",0.0,"1",11577283461381
9,"11577283461",0.0,"1",11577283461381
10,"11577283461",0.0,"1",11577283461381
11,"11577283461",0.0,"1",11577283461381
12,"11577283461",0.0,"1",11577283461381
13,"11577283461",0.0,"1",11577283461381
14,"11577283461",0.0,"1",11577283461381
15,"11577283461",0.57,"1",11577283461381
15,"11577283461",0.57,"1b",11577283461382
16,"11577283461",1.0,"1b",11577283461382
16,"11577283461",1.0,"2",11577283461383
17,"11577283461",0.14,"2",11577283461383
18,"11577283461",0.43,"2",11577283461383
18,"11577283461",0.43,"1b",11577283461384
19,"11577283461",0.14,"1b",11577283461384
20,"11577283461",0.0,"1b",11577283461384
20,"11577283461",0.0,"1",11577283461385
21,"11577283461",0.0,"1",11577283461385
22,"11577283461",0.0,"1",11577283461385
23,"11577283461",0.0,"1",11577283461385
24,"11577283461",0.0,"1",11577283461385
25,"11577283461",0.57,"1",11577283461385
26,"11577283461",1.71,"1",11577283461385
26,"11577283461",1.71,"1b",11577283461386
27,"11577283461",1.86,"1b",11577283461386
27,"11577283461",1.86,"2",11577283461387
28,"11577283461",0.86,"2",11577283461387
29,"11577283461",0.57,"2",11577283461387
30,"11577283461",0.29,"2",11577283461387
30,"11577283461",0.29,"1b",11577283461388
31,"11577283461",0.14,"1b",11577283461388
32,"11577283461",0.14,"1b",11577283461388
32,"11577283461",0.14,"1",11577283461389
33,"11577283461",0.14,"1",11577283461389
34,"11577283461",1.71,"1",11577283461389
35,"11577283461",2.29,"1",11577283461389
36,"11577283461",1.71,"1",11577283461389
37,"11577283461",5.0,"1",11577283461389
38,"11577283461",6.43,"1",11577283461389
39,"11577283461",15.43,"1",11577283461389
40,"11577283461",19.86,"1",11577283461389
41,"11577283461",30.86,"1",11577283461389
42,"11577283461",38.29,"1",11577283461389
43,"11577283461",60.0,"1",11577283461389
44,"11577283461",72.57,"1",11577283461389
44,"11577283461",72.57,"1b",11577283461390
45,"11577283461",96.0,"1b",11577283461390
45,"11577283461",96.0,"2",11577283461391
46,"11577283461",116.57,"2",11577283461391
46,"11577283461",116.57,"3",11577283461392
47,"11577283461",86.86,"3",11577283461392
47,"11577283461",86.86,"4",11577283461393
48,"11577283461",59.43,"4",11577283461393
49,"11577283461",25.14,"4",11577283461393
49,"11577283461",25.14,"3",11577283461394
50,"11577283461",11.43,"3",11577283461394
50,"11577283461",11.43,"4",11577283461395
51,"11577283461",8.0,"4",11577283461395
52,"11577283461",2.14,"4",11577283461395
52,"11577283461",2.14,"3",11577283461396
53,"11577283461",1.57,"3",11577283461396
54,"11577283461",0.43,"3",11577283461396
54,"11577283461",0.43,"2",11577283461397
55,"11577283461",0.86,"2",11577283461397
56,"11577283461",0.86,"2",11577283461397
56,"11577283461",0.86,"1b",11577283461398
57,"11577283461",1.0,"1b",11577283461398
58,"11577283461",1.57,"1b",11577283461398
58,"11577283461",1.57,"1",11577283461399
59,"11577283461",1.86,"1",11577283461399
60,"11577283461",2.29,"1",11577283461399
61,"11577283461",3.0,"1",11577283461399
62,"11577283461",4.0,"1",11577283461399
63,"11577283461",8.14,"1",11577283461399
64,"11577283461",11.14,"1",11577283461399
65,"11577283461",17.43,"1",11577283461399
66,"11577283461",14.29,"1",11577283461399
67,"11577283461",19.43,"1",11577283461399
68,"11577283461",11.43,"1",11577283461399
69,"11577283461",20.0,"1",11577283461399
70,"11577283461",20.0,"1",11577283461399
71,"11577283461",17.14,"1",11577283461399
72,"11577283461",18.29,"1",11577283461399
73,"11577283461",29.71,"1",11577283461399
74,"11577283461",27.43,"1",11577283461399
75,"11577283461",38.29,"1",11577283461399
76,"11577283461",44.57,"1",11577283461399
77,"11577283461",65.14,"1",11577283461399
77,"11577283461",65.14,"1b",11577283461400
78,"11577283461",45.71,"1b",11577283461400
78,"11577283461",45.71,"2",11577283461401
79,"11577283461",57.14,"2",11577283461401
80,"11577283461",70.86,"2",11577283461401
81,"11577283461",64.0,"1",1157763730402
81,"11577283461",64.0,"2",11577283461401
0,"1157763730",0.14,"1",1157763730402
1,"1157763730",0.71,"1",1157763730402
1,"1157763730",0.71,"1b",1157763730403
2,"1157763730",0.86,"1b",1157763730403
2,"1157763730",0.86,"2",1157763730404
3,"1157763730",0.71,"2",1157763730404
3,"1157763730",0.71,"1b",1157763730405
4,"1157763730",0.29,"1b",1157763730405
5,"1157763730",0.57,"1b",1157763730405
6,"1157763730",2.29,"1b",1157763730405
6,"1157763730",2.29,"2",1157763730406
7,"1157763730",4.86,"2",1157763730406
8,"1157763730",7.71,"2",1157763730406
9,"1157763730",9.57,"2",1157763730406
10,"1157763730",11.0,"2",1157763730406
10,"1157763730",11.0,"3",1157763730407
11,"1157763730",13.86,"3",1157763730407
12,"1157763730",13.57,"3",1157763730407
13,"1157763730",11.43,"3",1157763730407
14,"1157763730",10.86,"3",1157763730407
15,"1157763730",9.71,"3",1157763730407
15,"1157763730",9.71,"2",1157763730408
16,"1157763730",6.86,"2",1157763730408
17,"1157763730",12.57,"2",1157763730408
17,"1157763730",12.57,"1b",1157763730409
18,"1157763730",17.14,"1b",1157763730409
18,"1157763730",17.14,"2",1157763730410
19,"1157763730",28.57,"2",1157763730410
19,"1157763730",28.57,"3",1157763730411
20,"1157763730",24.0,"3",1157763730411
21,"1157763730",15.43,"3",1157763730411
22,"1157763730",11.43,"3",1157763730411
22,"1157763730",11.43,"2",1157763730412
23,"1157763730",7.43,"2",1157763730412
23,"1157763730",7.43,"3",1157763730413
24,"1157763730",3.43,"3",1157763730413
25,"1157763730",2.43,"3",1157763730413
25,"1157763730",2.43,"2",1157763730414
26,"1157763730",1.14,"2",1157763730414
27,"1157763730",1.29,"2",1157763730414
27,"1157763730",1.29,"1b",1157763730415
28,"1157763730",0.14,"1b",1157763730415
29,"1157763730",1.43,"1b",1157763730415
29,"1157763730",1.43,"1",1157763730416
30,"1157763730",2.29,"1",1157763730416
31,"1157763730",2.57,"1",1157763730416
32,"1157763730",2.14,"1",1157763730416
33,"1157763730",2.71,"1",1157763730416
34,"1157763730",8.0,"1",1157763730416
35,"1157763730",12.29,"1",1157763730416
36,"1157763730",15.43,"1",1157763730416
37,"1157763730",14.86,"1",1157763730416
38,"1157763730",29.14,"1",1157763730416
39,"1157763730",59.43,"1",1157763730416
40,"1157763730",74.29,"1",1157763730416
40,"1157763730",74.29,"1b",1157763730417
41,"1157763730",100.57,"1b",1157763730417
41,"1157763730",100.57,"2",1157763730418
42,"1157763730",130.29,"2",1157763730418
43,"1157763730",146.29,"2",1157763730418
43,"1157763730",146.29,"3",1157763730419
44,"1157763730",153.14,"3",1157763730419
44,"1157763730",153.14,"4",1157763730420
45,"1157763730",75.43,"4",1157763730420
46,"1157763730",59.43,"4",1157763730420
46,"1157763730",59.43,"3",1157763730421
47,"1157763730",27.43,"3",1157763730421
47,"1157763730",27.43,"4",1157763730422
48,"1157763730",17.14,"4",1157763730422
49,"1157763730",8.57,"4",1157763730422
49,"1157763730",8.57,"3",1157763730423
50,"1157763730",3.43,"3",1157763730423
51,"1157763730",1.86,"3",1157763730423
51,"1157763730",1.86,"2",1157763730424
52,"1157763730",1.57,"2",1157763730424
53,"1157763730",1.71,"2",1157763730424
53,"1157763730",1.71,"1b",1157763730425
54,"1157763730",1.29,"1b",1157763730425
55,"1157763730",1.0,"1b",1157763730425
55,"1157763730",1.0,"1",1157763730426
56,"1157763730",2.29,"1",1157763730426
57,"1157763730",2.43,"1",1157763730426
58,"1157763730",7.14,"1",1157763730426
59,"1157763730",13.14,"1",1157763730426
60,"1157763730",25.0,"1",1157763730426
61,"1157763730",28.0,"1",1157763730426
62,"1157763730",44.0,"1",1157763730426
63,"1157763730",77.14,"1",1157763730426
63,"1157763730",77.14,"1b",1157763730427
64,"1157763730",45.71,"1b",1157763730427
64,"1157763730",45.71,"3",1157763730428
65,"1157763730",29.71,"3",1157763730428
65,"1157763730",29.71,"4",1157763730429
66,"1157763730",6.86,"4",1157763730429
67,"1157763730",3.57,"4",1157763730429
67,"1157763730",3.57,"3",1157763730430
68,"1157763730",1.86,"3",1157763730430
69,"1157763730",1.57,"3",1157763730430
69,"1157763730",1.57,"2",1157763730431
70,"1157763730",2.29,"2",1157763730431
71,"1157763730",2.86,"2",1157763730431
71,"1157763730",2.86,"1b",1157763730432
72,"1157763730",4.43,"1b",1157763730432
73,"1157763730",3.29,"1b",1157763730432
73,"1157763730",3.29,"1",1157763730433
74,"1157763730",3.86,"1",1157763730433
75,"1157763730",4.86,"1",1157763730433
76,"1157763730",14.14,"1",1157763730433
77,"1157763730",20.0,"1",1157763730433
78,"1157763730",16.0,"1",1157763730433
79,"1157763730",31.43,"1",1157763730433
80,"1157763730",43.43,"1",1157763730433
81,"1157763730",73.71,"1",1157763730433
81,"1157763730",73.71,"1",11578169115433
0,"11578169115",0.0,"1",11578169115433
1,"11578169115",0.14,"1",11578169115433
2,"11578169115",5.57,"1",11578169115433
2,"11578169115",5.57,"2",11578169115434
3,"11578169115",15.14,"2",11578169115434
3,"11578169115",15.14,"3",11578169115435
4,"11578169115",15.29,"3",11578169115435
5,"11578169115",35.43,"3",11578169115435
6,"11578169115",50.29,"3",11578169115435
7,"11578169115",69.14,"3",11578169115435
7,"11578169115",69.14,"4",11578169115436
8,"11578169115",54.86,"4",11578169115436
9,"11578169115",41.14,"4",11578169115436
10,"11578169115",18.29,"4",11578169115436
10,"11578169115",18.29,"3",11578169115437
11,"11578169115",9.14,"3",11578169115437
12,"11578169115",13.14,"3",11578169115437
13,"11578169115",12.0,"3",11578169115437
14,"11578169115",9.14,"3",11578169115437
15,"11578169115",4.0,"3",11578169115437
16,"11578169115",5.14,"3",11578169115437
17,"11578169115",2.86,"3",11578169115437
18,"11578169115",2.14,"3",11578169115437
18,"11578169115",2.14,"2",11578169115438
19,"11578169115",2.14,"2",11578169115438
20,"11578169115",2.14,"2",11578169115438
21,"11578169115",2.29,"2",11578169115438
22,"11578169115",2.71,"2",11578169115438
22,"11578169115",2.71,"1b",11578169115439
23,"11578169115",5.29,"1b",11578169115439
23,"11578169115",5.29,"2",11578169115440
24,"11578169115",4.29,"2",11578169115440
25,"11578169115",8.14,"2",11578169115440
26,"11578169115",11.71,"2",11578169115440
26,"11578169115",11.71,"3",11578169115441
27,"11578169115",7.57,"3",11578169115441
28,"11578169115",6.0,"3",11578169115441
28,"11578169115",6.0,"2",11578169115442
29,"11578169115",4.86,"2",11578169115442
30,"11578169115",5.86,"2",11578169115442
30,"11578169115",5.86,"1b",11578169115443
31,"11578169115",7.14,"1b",11578169115443
32,"11578169115",14.71,"1b",11578169115443
32,"11578169115",14.71,"1",11578169115444
33,"11578169115",25.0,"1",11578169115444
34,"11578169115",45.14,"1",11578169115444
35,"11578169115",103.43,"1",11578169115444
35,"11578169115",103.43,"2",11578169115445
36,"11578169115",102.86,"2",11578169115445
36,"11578169115",102.86,"3",11578169115446
37,"11578169115",100.57,"3",11578169115446
37,"11578169115",100.57,"4",11578169115447
38,"11578169115",45.71,"4",11578169115447
39,"11578169115",27.43,"4",11578169115447
39,"11578169115",27.43,"3",11578169115448
40,"11578169115",18.86,"3",11578169115448
40,"11578169115",18.86,"4",11578169115449
41,"11578169115",9.71,"4",11578169115449
42,"11578169115",4.43,"4",11578169115449
42,"11578169115",4.43,"3",11578169115450
43,"11578169115",3.57,"3",11578169115450
44,"11578169115",2.57,"3",11578169115450
44,"11578169115",2.57,"2",11578169115451
45,"11578169115",3.86,"2",11578169115451
46,"11578169115",2.14,"2",11578169115451
46,"11578169115",2.14,"1b",11578169115452
47,"11578169115",2.57,"1b",11578169115452
48,"11578169115",5.71,"1b",11578169115452
48,"11578169115",5.71,"1",11578169115453
49,"11578169115",12.57,"1",11578169115453
50,"11578169115",21.14,"1",11578169115453
51,"11578169115",24.57,"1",11578169115453
52,"11578169115",42.86,"1",11578169115453
53,"11578169115",84.57,"1",11578169115453
53,"11578169115",84.57,"3",11578169115454
54,"11578169115",73.14,"3",11578169115454
54,"11578169115",73.14,"4",11578169115455
55,"11578169115",16.0,"4",11578169115455
56,"11578169115",9.14,"4",11578169115455
56,"11578169115",9.14,"3",11578169115456
57,"11578169115",3.57,"3",11578169115456
57,"11578169115",3.57,"4",11578169115457
58,"11578169115",2.29,"4",11578169115457
59,"11578169115",1.29,"4",11578169115457
59,"11578169115",1.29,"3",11578169115458
60,"11578169115",1.14,"3",11578169115458
61,"11578169115",1.14,"3",11578169115458
61,"11578169115",1.14,"2",11578169115459
62,"11578169115",0.0,"2",11578169115459
63,"11578169115",0.71,"2",11578169115459
63,"11578169115",0.71,"1b",11578169115460
64,"11578169115",1.71,"1b",11578169115460
65,"11578169115",2.71,"1b",11578169115460
65,"11578169115",2.71,"1",11578169115461
66,"11578169115",6.29,"1",11578169115461
67,"11578169115",15.43,"1",11578169115461
68,"11578169115",27.57,"1",11578169115461
69,"11578169115",42.29,"1",11578169115461
70,"11578169115",101.14,"1",11578169115461
70,"11578169115",101.14,"1b",11578169115462
71,"11578169115",107.43,"1b",11578169115462
71,"11578169115",107.43,"3",11578169115463
72,"11578169115",86.86,"3",11578169115463
72,"11578169115",86.86,"4",11578169115464
73,"11578169115",27.43,"4",11578169115464
74,"11578169115",20.57,"4",11578169115464
75,"11578169115",11.43,"4",11578169115464
75,"11578169115",11.43,"3",11578169115465
76,"11578169115",5.43,"3",11578169115465
77,"11578169115",2.71,"3",11578169115465
77,"11578169115",2.71,"2",11578169115466
78,"11578169115",1.71,"2",11578169115466
79,"11578169115",1.14,"2",11578169115466
79,"11578169115",1.14,"1b",11578169115467
80,"11578169115",0.71,"1b",11578169115467
81,"11578169115",0.71,"1b",11578169115467
81,"11578169115",0.71,"1",11578463458468
0,"11578463458",0.0,"1",11578463458468
1,"11578463458",1.14,"1",11578463458468
1,"11578463458",1.14,"1b",11578463458469
2,"11578463458",2.29,"1b",11578463458469
2,"11578463458",2.29,"2",11578463458470
3,"11578463458",2.43,"2",11578463458470
3,"11578463458",2.43,"1b",11578463458471
4,"11578463458",3.43,"1b",11578463458471
4,"11578463458",3.43,"2",11578463458472
5,"11578463458",5.14,"2",11578463458472
6,"11578463458",7.43,"2",11578463458472
7,"11578463458",8.14,"2",11578463458472
8,"11578463458",7.57,"2",11578463458472
8,"11578463458",7.57,"3",11578463458473
9,"11578463458",9.0,"3",11578463458473
10,"11578463458",6.0,"3",11578463458473
10,"11578463458",6.0,"2",11578463458474
11,"11578463458",9.71,"2",11578463458474
12,"11578463458",10.57,"2",11578463458474
12,"11578463458",10.57,"3",11578463458475
13,"11578463458",14.29,"3",11578463458475
14,"11578463458",12.0,"3",11578463458475
15,"11578463458",7.29,"3",11578463458475
16,"11578463458",9.71,"3",11578463458475
17,"11578463458",8.0,"3",11578463458475
18,"11578463458",5.71,"3",11578463458475
19,"11578463458",5.14,"3",11578463458475
20,"11578463458",2.29,"3",11578463458475
21,"11578463458",1.14,"3",11578463458475
21,"11578463458",1.14,"2",11578463458476
22,"11578463458",0.43,"2",11578463458476
23,"11578463458",0.0,"2",11578463458476
23,"11578463458",0.0,"1b",11578463458477
24,"11578463458",0.0,"1b",11578463458477
25,"11578463458",0.0,"1b",11578463458477
25,"11578463458",0.0,"1",11578463458478
26,"11578463458",0.43,"1",11578463458478
27,"11578463458",0.0,"1",11578463458478
27,"11578463458",0.0,"1b",11578463458479
28,"11578463458",0.29,"1b",11578463458479
29,"11578463458",0.14,"1b",11578463458479
29,"11578463458",0.14,"1",11578463458480
30,"11578463458",0.29,"1",11578463458480
31,"11578463458",0.29,"1",11578463458480
32,"11578463458",0.14,"1",11578463458480
33,"11578463458",0.0,"1",11578463458480
34,"11578463458",0.29,"1",11578463458480
35,"11578463458",0.0,"1",11578463458480
36,"11578463458",1.0,"1",11578463458480
37,"11578463458",1.43,"1",11578463458480
38,"11578463458",2.86,"1",11578463458480
39,"11578463458",4.14,"1",11578463458480
40,"11578463458",3.14,"1",11578463458480
41,"11578463458",3.71,"1",11578463458480
42,"11578463458",8.14,"1",11578463458480
43,"11578463458",11.86,"1",11578463458480
44,"11578463458",16.43,"1",11578463458480
45,"11578463458",18.29,"1",11578463458480
46,"11578463458",31.43,"1",11578463458480
47,"11578463458",42.86,"1",11578463458480
48,"11578463458",65.14,"1",11578463458480
48,"11578463458",65.14,"2",11578463458481
49,"11578463458",66.29,"2",11578463458481
49,"11578463458",66.29,"3",11578463458482
50,"11578463458",84.57,"3",11578463458482
50,"11578463458",84.57,"4",11578463458483
51,"11578463458",57.14,"4",11578463458483
52,"11578463458",32.0,"4",11578463458483
52,"11578463458",32.0,"3",11578463458484
53,"11578463458",14.29,"3",11578463458484
53,"11578463458",14.29,"4",11578463458485
54,"11578463458",8.57,"4",11578463458485
55,"11578463458",3.86,"4",11578463458485
55,"11578463458",3.86,"3",11578463458486
56,"11578463458",1.14,"3",11578463458486
57,"11578463458",0.14,"3",11578463458486
57,"11578463458",0.14,"2",11578463458487
58,"11578463458",0.0,"2",11578463458487
59,"11578463458",0.43,"2",11578463458487
59,"11578463458",0.43,"1b",11578463458488
60,"11578463458",0.86,"1b",11578463458488
61,"11578463458",2.86,"1b",11578463458488
61,"11578463458",2.86,"1",11578463458489
62,"11578463458",5.43,"1",11578463458489
63,"11578463458",14.14,"1",11578463458489
64,"11578463458",21.43,"1",11578463458489
65,"11578463458",33.71,"1",11578463458489
66,"11578463458",46.86,"1",11578463458489
67,"11578463458",79.43,"1",11578463458489
67,"11578463458",79.43,"1b",11578463458490
68,"11578463458",70.86,"1b",11578463458490
69,"11578463458",96.0,"1b",11578463458490
69,"11578463458",96.0,"1",11578463458491
70,"11578463458",178.29,"1",11578463458491
70,"11578463458",178.29,"1b",11578463458492
71,"11578463458",256.0,"1b",11578463458492
71,"11578463458",256.0,"3",11578463458493
72,"11578463458",173.71,"3",11578463458493
72,"11578463458",173.71,"4",11578463458494
73,"11578463458",36.57,"4",11578463458494
74,"11578463458",36.57,"4",11578463458494
74,"11578463458",36.57,"3",11578463458495
75,"11578463458",12.0,"3",11578463458495
75,"11578463458",12.0,"4",11578463458496
76,"11578463458",2.86,"4",11578463458496
77,"11578463458",0.71,"4",11578463458496
77,"11578463458",0.71,"3",11578463458497
78,"11578463458",0.57,"3",11578463458497
79,"11578463458",0.0,"3",11578463458497
79,"11578463458",0.0,"2",11578463458498
80,"11578463458",0.71,"2",11578463458498
81,"11578463458",0.43,"2",11578463458498
81,"11578463458",0.43,"1",11578639532499
0,"11578639532",0.0,"1",11578639532499
1,"11578639532",0.0,"1",11578639532499
2,"11578639532",0.0,"1",11578639532499
3,"11578639532",0.0,"1",11578639532499
4,"11578639532",0.0,"1",11578639532499
5,"11578639532",0.14,"1",11578639532499
5,"11578639532",0.14,"1b",11578639532500
6,"11578639532",0.14,"1b",11578639532500
7,"11578639532",0.0,"1b",11578639532500
7,"11578639532",0.0,"1",11578639532501
8,"11578639532",0.0,"1",11578639532501
9,"11578639532",0.0,"1",11578639532501
10,"11578639532",0.0,"1",11578639532501
11,"11578639532",0.0,"1",11578639532501
12,"11578639532",0.0,"1",11578639532501
13,"11578639532",0.0,"1",11578639532501
14,"11578639532",0.0,"1",11578639532501
14,"11578639532",0.0,"1b",11578639532502
15,"11578639532",0.14,"1b",11578639532502
16,"11578639532",0.0,"1b",11578639532502
16,"11578639532",0.0,"1",11578639532503
17,"11578639532",0.0,"1",11578639532503
18,"11578639532",0.0,"1",11578639532503
19,"11578639532",0.0,"1",11578639532503
20,"11578639532",0.0,"1",11578639532503
21,"11578639532",0.0,"1",11578639532503
22,"11578639532",0.0,"1",11578639532503
23,"11578639532",0.0,"1",11578639532503
24,"11578639532",0.0,"1",11578639532503
25,"11578639532",0.0,"1",11578639532503
26,"11578639532",0.0,"1",11578639532503
27,"11578639532",0.0,"1",11578639532503
28,"11578639532",0.14,"1",11578639532503
29,"11578639532",2.57,"1",11578639532503
30,"11578639532",3.43,"1",11578639532503
31,"11578639532",6.29,"1",11578639532503
32,"11578639532",12.71,"1",11578639532503
33,"11578639532",14.86,"1",11578639532503
34,"11578639532",14.14,"1",11578639532503
35,"11578639532",14.29,"1",11578639532503
36,"11578639532",39.43,"1",11578639532503
37,"11578639532",62.29,"1",11578639532503
37,"11578639532",62.29,"1b",11578639532504
38,"11578639532",73.14,"1b",11578639532504
38,"11578639532",73.14,"3",11578639532505
39,"11578639532",57.14,"3",11578639532505
40,"11578639532",45.71,"3",11578639532505
40,"11578639532",45.71,"4",11578639532506
41,"11578639532",32.0,"4",11578639532506
42,"11578639532",22.86,"4",11578639532506
42,"11578639532",22.86,"3",11578639532507
43,"11578639532",8.0,"3",11578639532507
43,"11578639532",8.0,"4",11578639532508
44,"11578639532",2.86,"4",11578639532508
45,"11578639532",1.57,"4",11578639532508
45,"11578639532",1.57,"3",11578639532509
46,"11578639532",1.14,"3",11578639532509
47,"11578639532",1.0,"3",11578639532509
47,"11578639532",1.0,"2",11578639532510
48,"11578639532",1.14,"2",11578639532510
49,"11578639532",1.29,"2",11578639532510
49,"11578639532",1.29,"1b",11578639532511
50,"11578639532",1.0,"1b",11578639532511
51,"11578639532",0.43,"1b",11578639532511
51,"11578639532",0.43,"1",11578639532512
52,"11578639532",3.0,"1",11578639532512
53,"11578639532",3.0,"1",11578639532512
54,"11578639532",1.57,"1",11578639532512
55,"11578639532",4.29,"1",11578639532512
56,"11578639532",5.43,"1",11578639532512
57,"11578639532",6.86,"1",11578639532512
58,"11578639532",6.43,"1",11578639532512
59,"11578639532",10.86,"1",11578639532512
60,"11578639532",20.43,"1",11578639532512
61,"11578639532",42.29,"1",11578639532512
62,"11578639532",92.0,"1",11578639532512
62,"11578639532",92.0,"2",11578639532513
63,"11578639532",57.14,"2",11578639532513
63,"11578639532",57.14,"3",11578639532514
64,"11578639532",61.71,"3",11578639532514
64,"11578639532",61.71,"4",11578639532515
65,"11578639532",41.14,"4",11578639532515
66,"11578639532",32.0,"4",11578639532515
66,"11578639532",32.0,"3",11578639532516
67,"11578639532",32.0,"3",11578639532516
68,"11578639532",25.14,"3",11578639532516
68,"11578639532",25.14,"2",11578639532517
69,"11578639532",45.71,"2",11578639532517
70,"11578639532",73.14,"2",11578639532517
70,"11578639532",73.14,"1b",11578639532518
71,"11578639532",91.43,"1b",11578639532518
71,"11578639532",91.43,"2",11578639532519
72,"11578639532",178.29,"2",11578639532519
73,"11578639532",180.57,"2",11578639532519
73,"11578639532",180.57,"3",11578639532520
74,"11578639532",109.71,"3",11578639532520
74,"11578639532",109.71,"4",11578639532521
75,"11578639532",89.14,"4",11578639532521
76,"11578639532",45.71,"4",11578639532521
76,"11578639532",45.71,"3",11578639532522
77,"11578639532",27.43,"3",11578639532522
77,"11578639532",27.43,"4",11578639532523
78,"11578639532",14.86,"4",11578639532523
79,"11578639532",12.57,"4",11578639532523
79,"11578639532",12.57,"3",11578639532524
80,"11578639532",4.0,"3",11578639532524
81,"11578639532",3.86,"3",11578639532524
81,"11578639532",3.86,"1",11578956298525
0,"11578956298",0.0,"1",11578956298525
1,"11578956298",0.0,"1",11578956298525
2,"11578956298",0.0,"1",11578956298525
3,"11578956298",0.0,"1",11578956298525
4,"11578956298",0.86,"1",11578956298525
5,"11578956298",2.29,"1",11578956298525
6,"11578956298",5.29,"1",11578956298525
6,"11578956298",5.29,"2",11578956298526
7,"11578956298",8.57,"2",11578956298526
8,"11578956298",12.0,"2",11578956298526
9,"11578956298",16.43,"2",11578956298526
9,"11578956298",16.43,"3",11578956298527
10,"11578956298",13.71,"3",11578956298527
11,"11578956298",14.29,"3",11578956298527
11,"11578956298",14.29,"2",11578956298528
12,"11578956298",25.14,"2",11578956298528
12,"11578956298",25.14,"3",11578956298529
13,"11578956298",18.86,"3",11578956298529
14,"11578956298",20.57,"3",11578956298529
15,"11578956298",26.86,"3",11578956298529
16,"11578956298",26.86,"3",11578956298529
17,"11578956298",24.57,"3",11578956298529
18,"11578956298",24.0,"3",11578956298529
19,"11578956298",8.57,"3",11578956298529
20,"11578956298",8.14,"3",11578956298529
21,"11578956298",3.0,"3",11578956298529
22,"11578956298",1.0,"3",11578956298529
22,"11578956298",1.0,"2",11578956298530
23,"11578956298",0.43,"2",11578956298530
24,"11578956298",0.14,"2",11578956298530
24,"11578956298",0.14,"1b",11578956298531
25,"11578956298",0.0,"1b",11578956298531
26,"11578956298",0.0,"1b",11578956298531
26,"11578956298",0.0,"1",11578956298532
27,"11578956298",0.0,"1",11578956298532
28,"11578956298",0.14,"1",11578956298532
29,"11578956298",0.14,"1",11578956298532
30,"11578956298",0.29,"1",11578956298532
31,"11578956298",0.29,"1",11578956298532
32,"11578956298",0.71,"1",11578956298532
33,"11578956298",1.0,"1",11578956298532
34,"11578956298",4.57,"1",11578956298532
35,"11578956298",4.86,"1",11578956298532
36,"11578956298",5.0,"1",11578956298532
37,"11578956298",4.86,"1",11578956298532
38,"11578956298",5.43,"1",11578956298532
39,"11578956298",7.14,"1",11578956298532
40,"11578956298",9.43,"1",11578956298532
41,"11578956298",16.0,"1",11578956298532
42,"11578956298",27.29,"1",11578956298532
43,"11578956298",49.71,"1",11578956298532
44,"11578956298",74.29,"1",11578956298532
44,"11578956298",74.29,"2",11578956298533
45,"11578956298",77.71,"2",11578956298533
45,"11578956298",77.71,"4",11578956298534
46,"11578956298",25.14,"4",11578956298534
47,"11578956298",18.29,"4",11578956298534
48,"11578956298",4.0,"4",11578956298534
48,"11578956298",4.0,"3",11578956298535
49,"11578956298",3.57,"3",11578956298535
50,"11578956298",1.57,"3",11578956298535
50,"11578956298",1.57,"2",11578956298536
51,"11578956298",1.14,"2",11578956298536
52,"11578956298",1.71,"2",11578956298536
52,"11578956298",1.71,"1b",11578956298537
53,"11578956298",2.43,"1b",11578956298537
54,"11578956298",1.86,"1b",11578956298537
54,"11578956298",1.86,"1",11578956298538
55,"11578956298",1.57,"1",11578956298538
56,"11578956298",2.86,"1",11578956298538
57,"11578956298",7.14,"1",11578956298538
58,"11578956298",8.0,"1",11578956298538
59,"11578956298",12.14,"1",11578956298538
60,"11578956298",15.86,"1",11578956298538
61,"11578956298",13.14,"1",11578956298538
62,"11578956298",26.86,"1",11578956298538
63,"11578956298",44.57,"1",11578956298538
64,"11578956298",68.57,"1",11578956298538
64,"11578956298",68.57,"1b",11578956298539
65,"11578956298",98.29,"1b",11578956298539
65,"11578956298",98.29,"2",11578956298540
66,"11578956298",130.29,"2",11578956298540
66,"11578956298",130.29,"3",11578956298541
67,"11578956298",150.86,"3",11578956298541
67,"11578956298",150.86,"4",11578956298542
68,"11578956298",86.86,"4",11578956298542
69,"11578956298",38.86,"4",11578956298542
69,"11578956298",38.86,"3",11578956298543
70,"11578956298",45.71,"3",11578956298543
71,"11578956298",44.0,"3",11578956298543
71,"11578956298",44.0,"4",11578956298544
72,"11578956298",15.43,"4",11578956298544
73,"11578956298",9.14,"4",11578956298544
73,"11578956298",9.14,"3",11578956298545
74,"11578956298",8.0,"3",11578956298545
75,"11578956298",2.14,"3",11578956298545
75,"11578956298",2.14,"2",11578956298546
76,"11578956298",2.43,"2",11578956298546
77,"11578956298",1.29,"2",11578956298546
77,"11578956298",1.29,"1b",11578956298547
78,"11578956298",1.14,"1b",11578956298547
79,"11578956298",0.43,"1b",11578956298547
79,"11578956298",0.43,"1",11578956298548
80,"11578956298",2.29,"1",11578956298548
81,"11578956298",0.57,"1",11578956298548
81,"11578956298",0.57,"1",11579177266548
0,"11579177266",0.0,"1",11579177266548
1,"11579177266",0.0,"1",11579177266548
2,"11579177266",0.0,"1",11579177266548
3,"11579177266",0.0,"1",11579177266548
4,"11579177266",0.0,"1",11579177266548
5,"11579177266",0.14,"1",11579177266548
6,"11579177266",0.0,"1",11579177266548
7,"11579177266",0.86,"1",11579177266548
8,"11579177266",3.43,"1",11579177266548
8,"11579177266",3.43,"1b",11579177266549
9,"11579177266",5.86,"1b",11579177266549
9,"11579177266",5.86,"3",11579177266550
10,"11579177266",3.14,"3",11579177266550
11,"11579177266",4.0,"3",11579177266550
11,"11579177266",4.0,"2",11579177266551
12,"11579177266",5.86,"2",11579177266551
13,"11579177266",7.0,"2",11579177266551
13,"11579177266",7.0,"3",11579177266552
14,"11579177266",11.29,"3",11579177266552
15,"11579177266",9.71,"3",11579177266552
16,"11579177266",6.43,"3",11579177266552
16,"11579177266",6.43,"2",11579177266553
17,"11579177266",4.71,"2",11579177266553
18,"11579177266",4.43,"2",11579177266553
19,"11579177266",2.57,"2",11579177266553
19,"11579177266",2.57,"1b",11579177266554
20,"11579177266",5.14,"1b",11579177266554
20,"11579177266",5.14,"2",11579177266555
21,"11579177266",3.71,"2",11579177266555
22,"11579177266",3.86,"2",11579177266555
23,"11579177266",4.43,"2",11579177266555
24,"11579177266",2.0,"2",11579177266555
25,"11579177266",1.57,"2",11579177266555
26,"11579177266",1.0,"2",11579177266555
27,"11579177266",1.14,"2",11579177266555
27,"11579177266",1.14,"1b",11579177266556
28,"11579177266",2.14,"1b",11579177266556
28,"11579177266",2.14,"2",11579177266557
29,"11579177266",0.57,"2",11579177266557
30,"11579177266",0.0,"2",11579177266557
30,"11579177266",0.0,"1b",11579177266558
31,"11579177266",0.43,"1b",11579177266558
32,"11579177266",0.86,"1b",11579177266558
32,"11579177266",0.86,"1",11579177266559
33,"11579177266",0.0,"1",11579177266559
34,"11579177266",0.43,"1",11579177266559
35,"11579177266",0.29,"1",11579177266559
36,"11579177266",0.71,"1",11579177266559
37,"11579177266",1.57,"1",11579177266559
38,"11579177266",2.14,"1",11579177266559
39,"11579177266",5.86,"1",11579177266559
40,"11579177266",9.43,"1",11579177266559
41,"11579177266",15.71,"1",11579177266559
42,"11579177266",18.57,"1",11579177266559
43,"11579177266",22.29,"1",11579177266559
44,"11579177266",30.29,"1",11579177266559
45,"11579177266",38.29,"1",11579177266559
46,"11579177266",52.57,"1",11579177266559
47,"11579177266",80.57,"1",11579177266559
47,"11579177266",80.57,"1b",11579177266560
48,"11579177266",118.86,"1b",11579177266560
48,"11579177266",118.86,"2",11579177266561
49,"11579177266",98.29,"2",11579177266561
49,"11579177266",98.29,"3",11579177266562
50,"11579177266",61.71,"3",11579177266562
50,"11579177266",61.71,"4",11579177266563
51,"11579177266",25.14,"4",11579177266563
52,"11579177266",11.43,"4",11579177266563
53,"11579177266",3.14,"4",11579177266563
53,"11579177266",3.14,"3",11579177266564
54,"11579177266",1.86,"3",11579177266564
55,"11579177266",1.71,"3",11579177266564
55,"11579177266",1.71,"2",11579177266565
56,"11579177266",2.86,"2",11579177266565
57,"11579177266",2.71,"2",11579177266565
57,"11579177266",2.71,"1b",11579177266566
58,"11579177266",0.57,"1b",11579177266566
59,"11579177266",0.86,"1b",11579177266566
59,"11579177266",0.86,"1",11579177266567
60,"11579177266",2.14,"1",11579177266567
61,"11579177266",4.14,"1",11579177266567
62,"11579177266",4.14,"1",11579177266567
63,"11579177266",5.71,"1",11579177266567
64,"11579177266",8.43,"1",11579177266567
65,"11579177266",12.43,"1",11579177266567
66,"11579177266",18.14,"1",11579177266567
67,"11579177266",24.0,"1",11579177266567
68,"11579177266",46.29,"1",11579177266567
69,"11579177266",62.29,"1",11579177266567
69,"11579177266",62.29,"1b",11579177266568
70,"11579177266",76.57,"1b",11579177266568
70,"11579177266",76.57,"2",11579177266569
71,"11579177266",82.29,"2",11579177266569
72,"11579177266",77.71,"2",11579177266569
72,"11579177266",77.71,"3",11579177266570
73,"11579177266",54.86,"3",11579177266570
74,"11579177266",43.43,"3",11579177266570
74,"11579177266",43.43,"2",11579177266571
75,"11579177266",45.71,"2",11579177266571
76,"11579177266",61.71,"2",11579177266571
77,"11579177266",75.43,"2",11579177266571
77,"11579177266",75.43,"1b",11579177266572
78,"11579177266",139.43,"1b",11579177266572
78,"11579177266",139.43,"2",11579177266573
79,"11579177266",116.57,"2",11579177266573
79,"11579177266",116.57,"3",11579177266574
80,"11579177266",75.43,"3",11579177266574
80,"11579177266",75.43,"4",11579177266575
81,"11579177266",48.0,"4",11579177266575
81,"11579177266",48.0,"1",11579377245576
0,"11579377245",0.0,"1",11579377245576
1,"11579377245",0.0,"1",11579377245576
2,"11579377245",0.0,"1",11579377245576
3,"11579377245",0.0,"1",11579377245576
4,"11579377245",0.14,"1",11579377245576
5,"11579377245",0.86,"1",11579377245576
5,"11579377245",0.86,"2",11579377245577
6,"11579377245",0.43,"2",11579377245577
7,"11579377245",0.43,"2",11579377245577
7,"11579377245",0.43,"1b",11579377245578
8,"11579377245",0.29,"1b",11579377245578
9,"11579377245",0.29,"1b",11579377245578
10,"11579377245",1.0,"1b",11579377245578
10,"11579377245",1.0,"1",11579377245579
11,"11579377245",3.57,"1",11579377245579
11,"11579377245",3.57,"1b",11579377245580
12,"11579377245",6.71,"1b",11579377245580
12,"11579377245",6.71,"2",11579377245581
13,"11579377245",9.0,"2",11579377245581
14,"11579377245",10.86,"2",11579377245581
14,"11579377245",10.86,"3",11579377245582
15,"11579377245",11.43,"3",11579377245582
16,"11579377245",8.29,"3",11579377245582
17,"11579377245",8.0,"3",11579377245582
18,"11579377245",6.86,"3",11579377245582
18,"11579377245",6.86,"2",11579377245583
19,"11579377245",5.14,"2",11579377245583
20,"11579377245",5.0,"2",11579377245583
21,"11579377245",7.0,"2",11579377245583
22,"11579377245",6.43,"2",11579377245583
23,"11579377245",7.29,"2",11579377245583
24,"11579377245",8.14,"2",11579377245583
25,"11579377245",9.57,"2",11579377245583
26,"11579377245",7.29,"2",11579377245583
27,"11579377245",7.71,"2",11579377245583
28,"11579377245",7.86,"2",11579377245583
29,"11579377245",9.14,"2",11579377245583
29,"11579377245",9.14,"3",11579377245584
30,"11579377245",5.0,"3",11579377245584
31,"11579377245",4.57,"3",11579377245584
31,"11579377245",4.57,"2",11579377245585
32,"11579377245",5.29,"2",11579377245585
33,"11579377245",6.86,"2",11579377245585
33,"11579377245",6.86,"1b",11579377245586
34,"11579377245",5.71,"1b",11579377245586
35,"11579377245",5.57,"1b",11579377245586
35,"11579377245",5.57,"1",11579377245587
36,"11579377245",10.71,"1",11579377245587
37,"11579377245",17.29,"1",11579377245587
38,"11579377245",18.0,"1",11579377245587
39,"11579377245",29.14,"1",11579377245587
40,"11579377245",35.43,"1",11579377245587
41,"11579377245",53.71,"1",11579377245587
41,"11579377245",53.71,"1b",11579377245588
42,"11579377245",80.57,"1b",11579377245588
42,"11579377245",80.57,"3",11579377245589
43,"11579377245",32.0,"3",11579377245589
43,"11579377245",32.0,"4",11579377245590
44,"11579377245",18.29,"4",11579377245590
45,"11579377245",13.14,"4",11579377245590
46,"11579377245",5.14,"4",11579377245590
46,"11579377245",5.14,"3",11579377245591
47,"11579377245",3.43,"3",11579377245591
48,"11579377245",1.86,"3",11579377245591
48,"11579377245",1.86,"2",11579377245592
49,"11579377245",0.71,"2",11579377245592
50,"11579377245",1.29,"2",11579377245592
50,"11579377245",1.29,"1b",11579377245593
51,"11579377245",2.57,"1b",11579377245593
52,"11579377245",1.86,"1b",11579377245593
52,"11579377245",1.86,"1",11579377245594
53,"11579377245",3.43,"1",11579377245594
54,"11579377245",5.57,"1",11579377245594
55,"11579377245",12.0,"1",11579377245594
56,"11579377245",14.43,"1",11579377245594
57,"11579377245",18.86,"1",11579377245594
58,"11579377245",19.43,"1",11579377245594
59,"11579377245",37.14,"1",11579377245594
60,"11579377245",62.29,"1",11579377245594
61,"11579377245",95.43,"1",11579377245594
61,"11579377245",95.43,"1b",11579377245595
62,"11579377245",61.71,"1b",11579377245595
62,"11579377245",61.71,"2",11579377245596
63,"11579377245",66.29,"2",11579377245596
63,"11579377245",66.29,"3",11579377245597
64,"11579377245",64.0,"3",11579377245597
65,"11579377245",64.0,"3",11579377245597
65,"11579377245",64.0,"2",11579377245598
66,"11579377245",54.86,"2",11579377245598
67,"11579377245",54.86,"2",11579377245598
68,"11579377245",22.86,"2",11579377245598
68,"11579377245",22.86,"1b",11579377245599
69,"11579377245",25.14,"1b",11579377245599
70,"11579377245",15.43,"1b",11579377245599
70,"11579377245",15.43,"2",11579377245600
71,"11579377245",13.71,"2",11579377245600
72,"11579377245",19.43,"2",11579377245600
72,"11579377245",19.43,"1b",11579377245601
73,"11579377245",25.14,"1b",11579377245601
74,"11579377245",39.43,"1b",11579377245601
74,"11579377245",39.43,"1",11579377245602
75,"11579377245",72.57,"1",11579377245602
75,"11579377245",72.57,"1b",11579377245603
76,"11579377245",70.86,"1b",11579377245603
76,"11579377245",70.86,"3",11579377245604
77,"11579377245",80.0,"3",11579377245604
77,"11579377245",80.0,"4",11579377245605
78,"11579377245",48.0,"4",11579377245605
79,"11579377245",27.43,"4",11579377245605
79,"11579377245",27.43,"3",11579377245606
80,"11579377245",17.14,"3",11579377245606
80,"11579377245",17.14,"4",11579377245607
81,"11579377245",13.71,"4",11579377245607
81,"11579377245",13.71,"1",11579475508608
0,"11579475508",0.14,"1",11579475508608
0,"11579475508",0.14,"1b",11579475508609
1,"11579475508",1.0,"1b",11579475508609
2,"11579475508",2.0,"1b",11579475508609
3,"11579475508",3.71,"1b",11579475508609
3,"11579475508",3.71,"2",11579475508610
4,"11579475508",4.43,"2",11579475508610
5,"11579475508",3.71,"2",11579475508610
6,"11579475508",2.86,"2",11579475508610
7,"11579475508",4.57,"2",11579475508610
8,"11579475508",4.71,"2",11579475508610
9,"11579475508",5.0,"2",11579475508610
10,"11579475508",7.71,"2",11579475508610
11,"11579475508",11.29,"2",11579475508610
12,"11579475508",17.29,"2",11579475508610
12,"11579475508",17.29,"3",11579475508611
13,"11579475508",9.71,"3",11579475508611
14,"11579475508",6.86,"3",11579475508611
15,"11579475508",8.0,"3",11579475508611
15,"11579475508",8.0,"2",11579475508612
16,"11579475508",4.57,"2",11579475508612
17,"11579475508",6.29,"2",11579475508612
18,"11579475508",4.14,"2",11579475508612
18,"11579475508",4.14,"3",11579475508613
19,"11579475508",1.43,"3",11579475508613
20,"11579475508",0.43,"3",11579475508613
20,"11579475508",0.43,"2",11579475508614
21,"11579475508",0.57,"2",11579475508614
22,"11579475508",0.14,"2",11579475508614
22,"11579475508",0.14,"1b",11579475508615
23,"11579475508",0.29,"1b",11579475508615
24,"11579475508",0.71,"1b",11579475508615
25,"11579475508",0.86,"1b",11579475508615
25,"11579475508",0.86,"1",11579475508616
26,"11579475508",2.14,"1",11579475508616
27,"11579475508",3.71,"1",11579475508616
27,"11579475508",3.71,"2",11579475508617
28,"11579475508",5.14,"2",11579475508617
29,"11579475508",3.0,"2",11579475508617
29,"11579475508",3.0,"1b",11579475508618
30,"11579475508",3.57,"1b",11579475508618
31,"11579475508",6.14,"1b",11579475508618
31,"11579475508",6.14,"1",11579475508619
32,"11579475508",9.14,"1",11579475508619
33,"11579475508",20.71,"1",11579475508619
34,"11579475508",18.29,"1",11579475508619
35,"11579475508",36.0,"1",11579475508619
36,"11579475508",53.14,"1",11579475508619
37,"11579475508",82.29,"1",11579475508619
37,"11579475508",82.29,"2",11579475508620
38,"11579475508",91.43,"2",11579475508620
38,"11579475508",91.43,"3",11579475508621
39,"11579475508",50.29,"3",11579475508621
39,"11579475508",50.29,"4",11579475508622
40,"11579475508",52.57,"4",11579475508622
41,"11579475508",16.0,"4",11579475508622
41,"11579475508",16.0,"3",11579475508623
42,"11579475508",14.29,"3",11579475508623
43,"11579475508",13.14,"3",11579475508623
43,"11579475508",13.14,"2",11579475508624
44,"11579475508",11.43,"2",11579475508624
45,"11579475508",8.0,"2",11579475508624
45,"11579475508",8.0,"1b",11579475508625
46,"11579475508",4.0,"1b",11579475508625
47,"11579475508",1.71,"1b",11579475508625
47,"11579475508",1.71,"1",11579475508626
48,"11579475508",0.86,"1",11579475508626
49,"11579475508",0.43,"1",11579475508626
50,"11579475508",0.86,"1",11579475508626
51,"11579475508",0.86,"1",11579475508626
52,"11579475508",1.0,"1",11579475508626
53,"11579475508",2.71,"1",11579475508626
54,"11579475508",4.14,"1",11579475508626
55,"11579475508",4.86,"1",11579475508626
56,"11579475508",5.29,"1",11579475508626
57,"11579475508",9.86,"1",11579475508626
58,"11579475508",13.29,"1",11579475508626
59,"11579475508",14.0,"1",11579475508626
60,"11579475508",13.14,"1",11579475508626
61,"11579475508",10.86,"1",11579475508626
62,"11579475508",22.29,"1",11579475508626
63,"11579475508",33.71,"1",11579475508626
64,"11579475508",37.71,"1",11579475508626
65,"11579475508",75.43,"1",11579475508626
65,"11579475508",75.43,"1b",11579475508627
66,"11579475508",96.0,"1b",11579475508627
67,"11579475508",176.0,"1b",11579475508627
67,"11579475508",176.0,"2",11579475508628
68,"11579475508",139.43,"2",11579475508628
68,"11579475508",139.43,"3",11579475508629
69,"11579475508",116.57,"3",11579475508629
69,"11579475508",116.57,"4",11579475508630
70,"11579475508",84.57,"4",11579475508630
71,"11579475508",41.14,"4",11579475508630
72,"11579475508",18.29,"4",11579475508630
73,"11579475508",6.29,"4",11579475508630
73,"11579475508",6.29,"3",11579475508631
74,"11579475508",5.43,"3",11579475508631
75,"11579475508",2.86,"3",11579475508631
75,"11579475508",2.86,"2",11579475508632
76,"11579475508",1.57,"2",11579475508632
77,"11579475508",1.71,"2",11579475508632
77,"11579475508",1.71,"1b",11579475508633
78,"11579475508",1.43,"1b",11579475508633
79,"11579475508",2.43,"1b",11579475508633
79,"11579475508",2.43,"1",11579475508634
80,"11579475508",2.57,"1",11579475508634
81,"11579475508",3.43,"1",11579475508634
81,"11579475508",3.43,"1",11579815506634
0,"11579815506",0.0,"1",11579815506634
1,"11579815506",0.0,"1",11579815506634
2,"11579815506",0.14,"1",11579815506634
3,"11579815506",1.29,"1",11579815506634
3,"11579815506",1.29,"1b",11579815506635
4,"11579815506",4.43,"1b",11579815506635
4,"11579815506",4.43,"2",11579815506636
5,"11579815506",4.57,"2",11579815506636
6,"11579815506",9.71,"2",11579815506636
7,"11579815506",14.0,"2",11579815506636
8,"11579815506",18.57,"2",11579815506636
8,"11579815506",18.57,"3",11579815506637
9,"11579815506",30.29,"3",11579815506637
10,"11579815506",33.71,"3",11579815506637
11,"11579815506",68.0,"3",11579815506637
12,"11579815506",57.14,"3",11579815506637
12,"11579815506",57.14,"4",11579815506638
13,"11579815506",11.43,"4",11579815506638
14,"11579815506",16.0,"4",11579815506638
14,"11579815506",16.0,"3",11579815506639
15,"11579815506",20.0,"3",11579815506639
15,"11579815506",20.0,"4",11579815506640
16,"11579815506",10.86,"4",11579815506640
17,"11579815506",5.14,"4",11579815506640
17,"11579815506",5.14,"3",11579815506641
18,"11579815506",4.14,"3",11579815506641
19,"11579815506",2.43,"3",11579815506641
19,"11579815506",2.43,"2",11579815506642
20,"11579815506",1.0,"2",11579815506642
21,"11579815506",0.86,"2",11579815506642
21,"11579815506",0.86,"1b",11579815506643
22,"11579815506",0.71,"1b",11579815506643
23,"11579815506",0.14,"1b",11579815506643
24,"11579815506",0.71,"1b",11579815506643
25,"11579815506",0.57,"1b",11579815506643
26,"11579815506",0.29,"1b",11579815506643
27,"11579815506",0.43,"1b",11579815506643
27,"11579815506",0.43,"1",11579815506644
28,"11579815506",1.29,"1",11579815506644
28,"11579815506",1.29,"2",11579815506645
29,"11579815506",2.57,"2",11579815506645
30,"11579815506",2.57,"2",11579815506645
30,"11579815506",2.57,"1b",11579815506646
31,"11579815506",2.86,"1b",11579815506646
32,"11579815506",5.14,"1b",11579815506646
32,"11579815506",5.14,"1",11579815506647
33,"11579815506",9.14,"1",11579815506647
34,"11579815506",12.29,"1",11579815506647
35,"11579815506",19.71,"1",11579815506647
36,"11579815506",22.29,"1",11579815506647
37,"11579815506",41.14,"1",11579815506647
38,"11579815506",84.57,"1",11579815506647
38,"11579815506",84.57,"2",11579815506648
39,"11579815506",75.43,"2",11579815506648
39,"11579815506",75.43,"3",11579815506649
40,"11579815506",54.86,"3",11579815506649
40,"11579815506",54.86,"4",11579815506650
41,"11579815506",16.0,"4",11579815506650
42,"11579815506",15.43,"4",11579815506650
42,"11579815506",15.43,"3",11579815506651
43,"11579815506",8.0,"3",11579815506651
43,"11579815506",8.0,"4",11579815506652
44,"11579815506",3.14,"4",11579815506652
45,"11579815506",2.29,"4",11579815506652
45,"11579815506",2.29,"3",11579815506653
46,"11579815506",2.29,"3",11579815506653
47,"11579815506",1.71,"3",11579815506653
47,"11579815506",1.71,"2",11579815506654
48,"11579815506",5.29,"2",11579815506654
49,"11579815506",4.57,"2",11579815506654
49,"11579815506",4.57,"1b",11579815506655
50,"11579815506",8.57,"1b",11579815506655
51,"11579815506",14.14,"1b",11579815506655
51,"11579815506",14.14,"1",11579815506656
52,"11579815506",17.29,"1",11579815506656
53,"11579815506",21.14,"1",11579815506656
54,"11579815506",21.71,"1",11579815506656
55,"11579815506",53.14,"1",11579815506656
56,"11579815506",85.14,"1",11579815506656
56,"11579815506",85.14,"1b",11579815506657
57,"11579815506",102.86,"1b",11579815506657
57,"11579815506",102.86,"2",11579815506658
58,"11579815506",114.29,"2",11579815506658
58,"11579815506",114.29,"3",11579815506659
59,"11579815506",107.43,"3",11579815506659
59,"11579815506",107.43,"4",11579815506660
60,"11579815506",80.0,"4",11579815506660
61,"11579815506",38.86,"4",11579815506660
62,"11579815506",22.86,"4",11579815506660
63,"11579815506",20.57,"4",11579815506660
64,"11579815506",11.43,"4",11579815506660
64,"11579815506",11.43,"3",11579815506661
65,"11579815506",13.71,"3",11579815506661
66,"11579815506",19.43,"3",11579815506661
66,"11579815506",19.43,"2",11579815506662
67,"11579815506",23.43,"2",11579815506662
68,"11579815506",43.43,"2",11579815506662
68,"11579815506",43.43,"1b",11579815506663
69,"11579815506",70.86,"1b",11579815506663
69,"11579815506",70.86,"2",11579815506664
70,"11579815506",65.14,"2",11579815506664
70,"11579815506",65.14,"3",11579815506665
71,"11579815506",57.14,"3",11579815506665
72,"11579815506",54.86,"3",11579815506665
73,"11579815506",73.14,"3",11579815506665
73,"11579815506",73.14,"4",11579815506666
74,"11579815506",36.57,"4",11579815506666
75,"11579815506",32.0,"4",11579815506666
75,"11579815506",32.0,"3",11579815506667
76,"11579815506",8.0,"3",11579815506667
77,"11579815506",9.71,"3",11579815506667
77,"11579815506",9.71,"2",11579815506668
78,"11579815506",4.0,"2",11579815506668
79,"11579815506",2.29,"2",11579815506668
79,"11579815506",2.29,"1b",11579815506669
80,"11579815506",2.86,"1b",11579815506669
81,"11579815506",1.86,"1b",11579815506669
81,"11579815506",1.86,"1",23091876279670
0,"23091876279",1.43,"1",23091876279670
1,"23091876279",7.14,"1",23091876279670
1,"23091876279",7.14,"2",23091876279671
2,"23091876279",7.29,"2",23091876279671
2,"23091876279",7.29,"3",23091876279672
3,"23091876279",7.71,"3",23091876279672
4,"23091876279",6.71,"3",23091876279672
4,"23091876279",6.71,"2",23091876279673
5,"23091876279",6.71,"2",23091876279673
5,"23091876279",6.71,"3",23091876279674
6,"23091876279",5.0,"3",23091876279674
7,"23091876279",5.14,"3",23091876279674
7,"23091876279",5.14,"2",23091876279675
8,"23091876279",8.71,"2",23091876279675
9,"23091876279",14.71,"2",23091876279675
10,"23091876279",17.86,"2",23091876279675
10,"23091876279",17.86,"3",23091876279676
11,"23091876279",10.86,"3",23091876279676
12,"23091876279",12.57,"3",23091876279676
12,"23091876279",12.57,"2",23091876279677
13,"23091876279",24.57,"2",23091876279677
13,"23091876279",24.57,"3",23091876279678
14,"23091876279",33.14,"3",23091876279678
15,"23091876279",30.29,"3",23091876279678
16,"23091876279",23.43,"3",23091876279678
17,"23091876279",20.0,"3",23091876279678
18,"23091876279",25.14,"3",23091876279678
19,"23091876279",17.71,"3",23091876279678
19,"23091876279",17.71,"2",23091876279679
20,"23091876279",17.71,"2",23091876279679
20,"23091876279",17.71,"3",23091876279680
21,"23091876279",26.86,"3",23091876279680
22,"23091876279",19.43,"3",23091876279680
23,"23091876279",16.57,"3",23091876279680
24,"23091876279",18.86,"3",23091876279680
25,"23091876279",9.14,"3",23091876279680
26,"23091876279",7.43,"3",23091876279680
27,"23091876279",9.14,"3",23091876279680
28,"23091876279",7.43,"3",23091876279680
28,"23091876279",7.43,"2",23091876279681
29,"23091876279",1.43,"2",23091876279681
30,"23091876279",0.86,"2",23091876279681
30,"23091876279",0.86,"1b",23091876279682
31,"23091876279",0.57,"1b",23091876279682
32,"23091876279",0.86,"1b",23091876279682
32,"23091876279",0.86,"1",23091876279683
33,"23091876279",0.71,"1",23091876279683
34,"23091876279",0.57,"1",23091876279683
35,"23091876279",2.0,"1",23091876279683
36,"23091876279",3.57,"1",23091876279683
37,"23091876279",7.14,"1",23091876279683
38,"23091876279",14.29,"1",23091876279683
39,"23091876279",16.43,"1",23091876279683
40,"23091876279",34.29,"1",23091876279683
41,"23091876279",78.86,"1",23091876279683
41,"23091876279",78.86,"1b",23091876279684
42,"23091876279",88.57,"1b",23091876279684
42,"23091876279",88.57,"3",23091876279685
43,"23091876279",54.86,"3",23091876279685
44,"23091876279",45.71,"3",23091876279685
44,"23091876279",45.71,"4",23091876279686
45,"23091876279",20.57,"4",23091876279686
46,"23091876279",10.86,"4",23091876279686
46,"23091876279",10.86,"3",23091876279687
47,"23091876279",6.29,"3",23091876279687
48,"23091876279",2.57,"3",23091876279687
48,"23091876279",2.57,"2",23091876279688
49,"23091876279",0.71,"2",23091876279688
50,"23091876279",0.43,"2",23091876279688
50,"23091876279",0.43,"1b",23091876279689
51,"23091876279",0.43,"1b",23091876279689
52,"23091876279",0.71,"1b",23091876279689
52,"23091876279",0.71,"1",23091876279690
53,"23091876279",1.43,"1",23091876279690
54,"23091876279",3.0,"1",23091876279690
55,"23091876279",8.57,"1",23091876279690
56,"23091876279",9.86,"1",23091876279690
57,"23091876279",22.86,"1",23091876279690
58,"23091876279",14.29,"1",23091876279690
59,"23091876279",32.57,"1",23091876279690
60,"23091876279",52.0,"1",23091876279690
61,"23091876279",96.0,"1",23091876279690
61,"23091876279",96.0,"1b",23091876279691
62,"23091876279",153.14,"1b",23091876279691
62,"23091876279",153.14,"2",23091876279692
63,"23091876279",185.14,"2",23091876279692
63,"23091876279",185.14,"3",23091876279693
64,"23091876279",128.0,"3",23091876279693
64,"23091876279",128.0,"4",23091876279694
65,"23091876279",73.14,"4",23091876279694
66,"23091876279",27.43,"4",23091876279694
66,"23091876279",27.43,"3",23091876279695
67,"23091876279",25.14,"3",23091876279695
67,"23091876279",25.14,"4",23091876279696
68,"23091876279",11.43,"4",23091876279696
69,"23091876279",8.0,"4",23091876279696
69,"23091876279",8.0,"3",23091876279697
70,"23091876279",4.71,"3",23091876279697
71,"23091876279",1.29,"3",23091876279697
71,"23091876279",1.29,"2",23091876279698
72,"23091876279",1.0,"2",23091876279698
73,"23091876279",0.57,"2",23091876279698
73,"23091876279",0.57,"1b",23091876279699
74,"23091876279",0.86,"1b",23091876279699
75,"23091876279",1.14,"1b",23091876279699
75,"23091876279",1.14,"1",23091876279700
76,"23091876279",2.43,"1",23091876279700
77,"23091876279",5.29,"1",23091876279700
78,"23091876279",11.71,"1",23091876279700
79,"23091876279",13.57,"1",23091876279700
80,"23091876279",23.43,"1",23091876279700
81,"23091876279",54.29,"1",23091876279700
81,"23091876279",54.29,"1",23092737668700
0,"23092737668",0.0,"1",23092737668700
1,"23092737668",0.29,"1",23092737668700
2,"23092737668",0.71,"1",23092737668700
2,"23092737668",0.71,"1b",23092737668701
3,"23092737668",1.86,"1b",23092737668701
3,"23092737668",1.86,"2",23092737668702
4,"23092737668",1.71,"2",23092737668702
5,"23092737668",1.14,"2",23092737668702
5,"23092737668",1.14,"1b",23092737668703
6,"23092737668",0.71,"1b",23092737668703
6,"23092737668",0.71,"2",23092737668704
7,"23092737668",1.14,"2",23092737668704
8,"23092737668",1.14,"2",23092737668704
8,"23092737668",1.14,"1b",23092737668705
9,"23092737668",1.29,"1b",23092737668705
10,"23092737668",1.29,"1b",23092737668705
10,"23092737668",1.29,"2",23092737668706
11,"23092737668",1.43,"2",23092737668706
12,"23092737668",2.86,"2",23092737668706
13,"23092737668",3.29,"2",23092737668706
14,"23092737668",1.71,"2",23092737668706
15,"23092737668",0.14,"2",23092737668706
15,"23092737668",0.14,"1b",23092737668707
16,"23092737668",0.29,"1b",23092737668707
17,"23092737668",0.14,"1b",23092737668707
18,"23092737668",0.29,"1b",23092737668707
19,"23092737668",0.0,"1b",23092737668707
19,"23092737668",0.0,"1",23092737668708
20,"23092737668",0.14,"1",23092737668708
21,"23092737668",0.14,"1",23092737668708
21,"23092737668",0.14,"1b",23092737668709
22,"23092737668",1.0,"1b",23092737668709
23,"23092737668",0.71,"1b",23092737668709
24,"23092737668",0.29,"1b",23092737668709
24,"23092737668",0.29,"1",23092737668710
25,"23092737668",0.71,"1",23092737668710
26,"23092737668",1.86,"1",23092737668710
26,"23092737668",1.86,"1b",23092737668711
27,"23092737668",3.57,"1b",23092737668711
27,"23092737668",3.57,"2",23092737668712
28,"23092737668",4.29,"2",23092737668712
29,"23092737668",2.86,"2",23092737668712
29,"23092737668",2.86,"1b",23092737668713
30,"23092737668",2.0,"1b",23092737668713
31,"23092737668",2.29,"1b",23092737668713
31,"23092737668",2.29,"1",23092737668714
32,"23092737668",3.71,"1",23092737668714
33,"23092737668",6.43,"1",23092737668714
34,"23092737668",7.71,"1",23092737668714
35,"23092737668",9.43,"1",23092737668714
36,"23092737668",11.86,"1",23092737668714
37,"23092737668",15.71,"1",23092737668714
38,"23092737668",14.29,"1",23092737668714
39,"23092737668",30.29,"1",23092737668714
40,"23092737668",50.86,"1",23092737668714
41,"23092737668",78.86,"1",23092737668714
41,"23092737668",78.86,"1b",23092737668715
42,"23092737668",112.0,"1b",23092737668715
42,"23092737668",112.0,"2",23092737668716
43,"23092737668",82.29,"2",23092737668716
44,"23092737668",109.71,"2",23092737668716
44,"23092737668",109.71,"3",23092737668717
45,"23092737668",123.43,"3",23092737668717
45,"23092737668",123.43,"4",23092737668718
46,"23092737668",98.29,"4",23092737668718
47,"23092737668",34.29,"4",23092737668718
48,"23092737668",41.14,"4",23092737668718
48,"23092737668",41.14,"3",23092737668719
49,"23092737668",13.14,"3",23092737668719
49,"23092737668",13.14,"4",23092737668720
50,"23092737668",12.57,"4",23092737668720
51,"23092737668",2.86,"4",23092737668720
51,"23092737668",2.86,"3",23092737668721
52,"23092737668",3.86,"3",23092737668721
53,"23092737668",2.0,"3",23092737668721
53,"23092737668",2.0,"2",23092737668722
54,"23092737668",1.43,"2",23092737668722
55,"23092737668",0.71,"2",23092737668722
55,"23092737668",0.71,"1b",23092737668723
56,"23092737668",0.71,"1b",23092737668723
57,"23092737668",0.0,"1b",23092737668723
57,"23092737668",0.0,"1",23092737668724
58,"23092737668",0.71,"1",23092737668724
59,"23092737668",1.57,"1",23092737668724
60,"23092737668",2.14,"1",23092737668724
61,"23092737668",3.57,"1",23092737668724
62,"23092737668",6.29,"1",23092737668724
63,"23092737668",8.57,"1",23092737668724
64,"23092737668",12.29,"1",23092737668724
65,"23092737668",12.0,"1",23092737668724
66,"23092737668",11.57,"1",23092737668724
67,"23092737668",13.43,"1",23092737668724
68,"23092737668",13.14,"1",23092737668724
69,"23092737668",17.14,"1",23092737668724
70,"23092737668",28.0,"1",23092737668724
71,"23092737668",38.29,"1",23092737668724
72,"23092737668",38.29,"1",23092737668724
73,"23092737668",45.71,"1",23092737668724
74,"23092737668",66.86,"1",23092737668724
74,"23092737668",66.86,"1b",23092737668725
75,"23092737668",84.57,"1b",23092737668725
76,"23092737668",144.0,"1b",23092737668725
76,"23092737668",144.0,"2",23092737668726
77,"23092737668",155.43,"2",23092737668726
77,"23092737668",155.43,"3",23092737668727
78,"23092737668",112.0,"3",23092737668727
78,"23092737668",112.0,"4",23092737668728
79,"23092737668",64.0,"4",23092737668728
80,"23092737668",27.43,"4",23092737668728
80,"23092737668",27.43,"3",23092737668729
81,"23092737668",20.57,"3",23092737668729
81,"23092737668",20.57,"1",23093011240730
0,"23093011240",0.0,"1",23093011240730
1,"23093011240",0.0,"1",23093011240730
2,"23093011240",0.0,"1",23093011240730
3,"23093011240",0.0,"1",23093011240730
4,"23093011240",0.14,"1",23093011240730
5,"23093011240",0.14,"1",23093011240730
6,"23093011240",0.57,"1",23093011240730
7,"23093011240",3.43,"1",23093011240730
8,"23093011240",10.86,"1",23093011240730
8,"23093011240",10.86,"2",23093011240731
9,"23093011240",16.29,"2",23093011240731
9,"23093011240",16.29,"3",23093011240732
10,"23093011240",10.43,"3",23093011240732
11,"23093011240",21.14,"3",23093011240732
12,"23093011240",18.86,"3",23093011240732
13,"23093011240",22.29,"3",23093011240732
14,"23093011240",22.86,"3",23093011240732
15,"23093011240",18.29,"3",23093011240732
16,"23093011240",17.14,"3",23093011240732
17,"23093011240",12.57,"3",23093011240732
18,"23093011240",17.14,"3",23093011240732
19,"23093011240",13.71,"3",23093011240732
19,"23093011240",13.71,"2",23093011240733
20,"23093011240",15.43,"2",23093011240733
20,"23093011240",15.43,"3",23093011240734
21,"23093011240",15.43,"3",23093011240734
22,"23093011240",19.43,"3",23093011240734
23,"23093011240",20.57,"3",23093011240734
24,"23093011240",18.86,"3",23093011240734
25,"23093011240",20.57,"3",23093011240734
26,"23093011240",25.71,"3",23093011240734
27,"23093011240",15.43,"3",23093011240734
28,"23093011240",17.71,"3",23093011240734
28,"23093011240",17.71,"2",23093011240735
29,"23093011240",21.14,"2",23093011240735
30,"23093011240",31.43,"2",23093011240735
30,"23093011240",31.43,"1b",23093011240736
31,"23093011240",34.29,"1b",23093011240736
32,"23093011240",44.0,"1b",23093011240736
32,"23093011240",44.0,"1",23093011240737
33,"23093011240",71.43,"1",23093011240737
33,"23093011240",71.43,"1b",23093011240738
34,"23093011240",94.29,"1b",23093011240738
35,"23093011240",155.43,"1b",23093011240738
35,"23093011240",155.43,"2",23093011240739
36,"23093011240",226.29,"2",23093011240739
36,"23093011240",226.29,"3",23093011240740
37,"23093011240",187.43,"3",23093011240740
37,"23093011240",187.43,"4",23093011240741
38,"23093011240",80.0,"4",23093011240741
39,"23093011240",70.86,"4",23093011240741
40,"23093011240",36.57,"4",23093011240741
41,"23093011240",13.71,"4",23093011240741
42,"23093011240",9.71,"4",23093011240741
42,"23093011240",9.71,"3",23093011240742
43,"23093011240",3.0,"3",23093011240742
44,"23093011240",3.14,"3",23093011240742
44,"23093011240",3.14,"2",23093011240743
45,"23093011240",2.29,"2",23093011240743
46,"23093011240",1.57,"2",23093011240743
46,"23093011240",1.57,"1b",23093011240744
47,"23093011240",3.14,"1b",23093011240744
48,"23093011240",4.0,"1b",23093011240744
48,"23093011240",4.0,"1",23093011240745
49,"23093011240",5.71,"1",23093011240745
50,"23093011240",7.71,"1",23093011240745
51,"23093011240",12.43,"1",23093011240745
52,"23093011240",20.71,"1",23093011240745
53,"23093011240",24.57,"1",23093011240745
54,"23093011240",41.14,"1",23093011240745
55,"23093011240",75.43,"1",23093011240745
55,"23093011240",75.43,"1b",23093011240746
56,"23093011240",138.29,"1b",23093011240746
57,"23093011240",226.29,"1b",23093011240746
57,"23093011240",226.29,"2",23093011240747
58,"23093011240",235.43,"2",23093011240747
58,"23093011240",235.43,"4",23093011240748
59,"23093011240",54.86,"4",23093011240748
60,"23093011240",20.57,"4",23093011240748
61,"23093011240",6.86,"4",23093011240748
62,"23093011240",2.14,"4",23093011240748
62,"23093011240",2.14,"3",23093011240749
63,"23093011240",2.29,"3",23093011240749
64,"23093011240",0.14,"3",23093011240749
64,"23093011240",0.14,"2",23093011240750
65,"23093011240",1.0,"2",23093011240750
66,"23093011240",1.86,"2",23093011240750
66,"23093011240",1.86,"1b",23093011240751
67,"23093011240",2.0,"1b",23093011240751
68,"23093011240",5.43,"1b",23093011240751
68,"23093011240",5.43,"1",23093011240752
69,"23093011240",8.43,"1",23093011240752
70,"23093011240",15.14,"1",23093011240752
71,"23093011240",19.29,"1",23093011240752
72,"23093011240",42.29,"1",23093011240752
73,"23093011240",81.14,"1",23093011240752
73,"23093011240",81.14,"2",23093011240753
74,"23093011240",108.0,"2",23093011240753
74,"23093011240",108.0,"4",23093011240754
75,"23093011240",82.29,"4",23093011240754
76,"23093011240",57.14,"4",23093011240754
77,"23093011240",33.14,"4",23093011240754
77,"23093011240",33.14,"3",23093011240755
78,"23093011240",20.57,"3",23093011240755
78,"23093011240",20.57,"4",23093011240756
79,"23093011240",8.0,"4",23093011240756
80,"23093011240",4.14,"4",23093011240756
80,"23093011240",4.14,"3",23093011240757
81,"23093011240",3.43,"3",23093011240757
81,"23093011240",3.43,"1",23093266457758
0,"23093266457",0.0,"1",23093266457758
1,"23093266457",0.0,"1",23093266457758
2,"23093266457",0.0,"1",23093266457758
3,"23093266457",2.43,"1",23093266457758
3,"23093266457",2.43,"1b",23093266457759
4,"23093266457",4.43,"1b",23093266457759
4,"23093266457",4.43,"2",23093266457760
5,"23093266457",4.0,"2",23093266457760
6,"23093266457",4.71,"2",23093266457760
7,"23093266457",2.86,"2",23093266457760
8,"23093266457",3.43,"2",23093266457760
9,"23093266457",5.71,"2",23093266457760
10,"23093266457",8.71,"2",23093266457760
11,"23093266457",10.86,"2",23093266457760
11,"23093266457",10.86,"3",23093266457761
12,"23093266457",14.0,"3",23093266457761
13,"23093266457",10.86,"3",23093266457761
14,"23093266457",9.14,"3",23093266457761
14,"23093266457",9.14,"2",23093266457762
15,"23093266457",16.0,"2",23093266457762
15,"23093266457",16.0,"3",23093266457763
16,"23093266457",13.71,"3",23093266457763
17,"23093266457",12.0,"3",23093266457763
18,"23093266457",13.14,"3",23093266457763
18,"23093266457",13.14,"2",23093266457764
19,"23093266457",11.43,"2",23093266457764
20,"23093266457",13.71,"2",23093266457764
21,"23093266457",11.43,"2",23093266457764
21,"23093266457",11.43,"3",23093266457765
22,"23093266457",6.86,"3",23093266457765
23,"23093266457",6.29,"3",23093266457765
23,"23093266457",6.29,"2",23093266457766
24,"23093266457",10.86,"2",23093266457766
25,"23093266457",11.43,"2",23093266457766
25,"23093266457",11.43,"3",23093266457767
26,"23093266457",10.86,"3",23093266457767
27,"23093266457",13.14,"3",23093266457767
27,"23093266457",13.14,"2",23093266457768
28,"23093266457",17.14,"2",23093266457768
29,"23093266457",27.43,"2",23093266457768
29,"23093266457",27.43,"3",23093266457769
30,"23093266457",14.86,"3",23093266457769
31,"23093266457",13.14,"3",23093266457769
31,"23093266457",13.14,"2",23093266457770
32,"23093266457",9.14,"2",23093266457770
33,"23093266457",12.57,"2",23093266457770
33,"23093266457",12.57,"1b",23093266457771
34,"23093266457",9.71,"1b",23093266457771
35,"23093266457",9.71,"1b",23093266457771
35,"23093266457",9.71,"1",23093266457772
36,"23093266457",17.14,"1",23093266457772
37,"23093266457",37.71,"1",23093266457772
38,"23093266457",60.0,"1",23093266457772
39,"23093266457",112.57,"1",23093266457772
39,"23093266457",112.57,"1b",23093266457773
40,"23093266457",226.29,"1b",23093266457773
40,"23093266457",226.29,"2",23093266457774
41,"23093266457",237.71,"2",23093266457774
41,"23093266457",237.71,"4",23093266457775
42,"23093266457",180.57,"4",23093266457775
43,"23093266457",100.57,"4",23093266457775
44,"23093266457",36.57,"4",23093266457775
45,"23093266457",29.71,"4",23093266457775
46,"23093266457",13.71,"4",23093266457775
46,"23093266457",13.71,"3",23093266457776
47,"23093266457",5.14,"3",23093266457776
48,"23093266457",2.86,"3",23093266457776
48,"23093266457",2.86,"2",23093266457777
49,"23093266457",2.14,"2",23093266457777
50,"23093266457",2.29,"2",23093266457777
50,"23093266457",2.29,"1b",23093266457778
51,"23093266457",2.0,"1b",23093266457778
52,"23093266457",2.57,"1b",23093266457778
52,"23093266457",2.57,"1",23093266457779
53,"23093266457",2.29,"1",23093266457779
54,"23093266457",3.29,"1",23093266457779
55,"23093266457",6.57,"1",23093266457779
56,"23093266457",11.86,"1",23093266457779
57,"23093266457",19.86,"1",23093266457779
58,"23093266457",39.43,"1",23093266457779
59,"23093266457",64.57,"1",23093266457779
59,"23093266457",64.57,"1b",23093266457780
60,"23093266457",101.14,"1b",23093266457780
60,"23093266457",101.14,"3",23093266457781
61,"23093266457",98.29,"3",23093266457781
61,"23093266457",98.29,"4",23093266457782
62,"23093266457",73.14,"4",23093266457782
63,"23093266457",52.57,"4",23093266457782
64,"23093266457",41.14,"4",23093266457782
64,"23093266457",41.14,"3",23093266457783
65,"23093266457",50.29,"3",23093266457783
65,"23093266457",50.29,"4",23093266457784
66,"23093266457",32.0,"4",23093266457784
67,"23093266457",22.86,"4",23093266457784
67,"23093266457",22.86,"3",23093266457785
68,"23093266457",14.29,"3",23093266457785
68,"23093266457",14.29,"4",23093266457786
69,"23093266457",5.14,"4",23093266457786
70,"23093266457",4.29,"4",23093266457786
70,"23093266457",4.29,"3",23093266457787
71,"23093266457",2.29,"3",23093266457787
72,"23093266457",1.71,"3",23093266457787
72,"23093266457",1.71,"2",23093266457788
73,"23093266457",0.86,"2",23093266457788
74,"23093266457",0.71,"2",23093266457788
74,"23093266457",0.71,"1b",23093266457789
75,"23093266457",0.43,"1b",23093266457789
76,"23093266457",1.57,"1b",23093266457789
76,"23093266457",1.57,"1",23093266457790
77,"23093266457",3.71,"1",23093266457790
78,"23093266457",8.57,"1",23093266457790
79,"23093266457",12.57,"1",23093266457790
80,"23093266457",21.86,"1",23093266457790
81,"23093266457",26.29,"1",2309345745790
81,"23093266457",26.29,"1",23093266457790
0,"2309345745",0.0,"1",2309345745790
1,"2309345745",0.0,"1",2309345745790
2,"2309345745",0.0,"1",2309345745790
3,"2309345745",0.86,"1",2309345745790
3,"2309345745",0.86,"1b",2309345745791
4,"2309345745",0.29,"1b",2309345745791
4,"2309345745",0.29,"2",2309345745792
5,"2309345745",0.0,"2",2309345745792
6,"2309345745",0.0,"2",2309345745792
6,"2309345745",0.0,"1b",2309345745793
7,"2309345745",0.0,"1b",2309345745793
8,"2309345745",0.0,"1b",2309345745793
8,"2309345745",0.0,"1",2309345745794
9,"2309345745",0.0,"1",2309345745794
10,"2309345745",0.0,"1",2309345745794
11,"2309345745",0.0,"1",2309345745794
12,"2309345745",0.0,"1",2309345745794
13,"2309345745",1.43,"1",2309345745794
13,"2309345745",1.43,"1b",2309345745795
14,"2309345745",5.0,"1b",2309345745795
14,"2309345745",5.0,"2",2309345745796
15,"2309345745",5.14,"2",2309345745796
16,"2309345745",4.0,"2",2309345745796
17,"2309345745",4.86,"2",2309345745796
18,"2309345745",4.14,"2",2309345745796
19,"2309345745",7.14,"2",2309345745796
20,"2309345745",6.43,"2",2309345745796
21,"2309345745",7.14,"2",2309345745796
22,"2309345745",9.57,"2",2309345745796
23,"2309345745",10.14,"2",2309345745796
24,"2309345745",8.14,"2",2309345745796
24,"2309345745",8.14,"3",2309345745797
25,"2309345745",6.57,"3",2309345745797
26,"2309345745",5.43,"3",2309345745797
26,"2309345745",5.43,"2",2309345745798
27,"2309345745",6.57,"2",2309345745798
28,"2309345745",9.14,"2",2309345745798
28,"2309345745",9.14,"3",2309345745799
29,"2309345745",9.29,"3",2309345745799
30,"2309345745",9.29,"3",2309345745799
30,"2309345745",9.29,"2",2309345745800
31,"2309345745",9.29,"2",2309345745800
32,"2309345745",13.14,"2",2309345745800
32,"2309345745",13.14,"1b",2309345745801
33,"2309345745",12.0,"1b",2309345745801
34,"2309345745",9.71,"1b",2309345745801
34,"2309345745",9.71,"1",2309345745802
35,"2309345745",12.0,"1",2309345745802
36,"2309345745",21.71,"1",2309345745802
37,"2309345745",45.71,"1",2309345745802
38,"2309345745",89.14,"1",2309345745802
38,"2309345745",89.14,"1b",2309345745803
39,"2309345745",98.29,"1b",2309345745803
39,"2309345745",98.29,"3",2309345745804
40,"2309345745",70.86,"3",2309345745804
40,"2309345745",70.86,"4",2309345745805
41,"2309345745",54.86,"4",2309345745805
42,"2309345745",20.57,"4",2309345745805
42,"2309345745",20.57,"3",2309345745806
43,"2309345745",24.57,"3",2309345745806
43,"2309345745",24.57,"4",2309345745807
44,"2309345745",9.71,"4",2309345745807
45,"2309345745",5.14,"4",2309345745807
45,"2309345745",5.14,"3",2309345745808
46,"2309345745",3.29,"3",2309345745808
47,"2309345745",4.14,"3",2309345745808
47,"2309345745",4.14,"2",2309345745809
48,"2309345745",4.14,"2",2309345745809
49,"2309345745",3.14,"2",2309345745809
49,"2309345745",3.14,"1b",2309345745810
50,"2309345745",3.14,"1b",2309345745810
51,"2309345745",5.29,"1b",2309345745810
51,"2309345745",5.29,"1",2309345745811
52,"2309345745",9.71,"1",2309345745811
53,"2309345745",19.29,"1",2309345745811
54,"2309345745",25.14,"1",2309345745811
55,"2309345745",37.14,"1",2309345745811
56,"2309345745",57.14,"1",2309345745811
57,"2309345745",90.86,"1",2309345745811
57,"2309345745",90.86,"1b",2309345745812
58,"2309345745",146.29,"1b",2309345745812
58,"2309345745",146.29,"2",2309345745813
59,"2309345745",203.43,"2",2309345745813
59,"2309345745",203.43,"3",2309345745814
60,"2309345745",205.71,"3",2309345745814
60,"2309345745",205.71,"4",2309345745815
61,"2309345745",169.14,"4",2309345745815
62,"2309345745",73.14,"4",2309345745815
63,"2309345745",73.14,"4",2309345745815
64,"2309345745",25.14,"4",2309345745815
65,"2309345745",13.71,"4",2309345745815
65,"2309345745",13.71,"3",2309345745816
66,"2309345745",9.71,"3",2309345745816
67,"2309345745",7.86,"3",2309345745816
67,"2309345745",7.86,"2",2309345745817
68,"2309345745",4.14,"2",2309345745817
69,"2309345745",3.43,"2",2309345745817
69,"2309345745",3.43,"1b",2309345745818
70,"2309345745",3.0,"1b",2309345745818
71,"2309345745",6.14,"1b",2309345745818
71,"2309345745",6.14,"1",2309345745819
72,"2309345745",5.71,"1",2309345745819
73,"2309345745",8.43,"1",2309345745819
74,"2309345745",12.86,"1",2309345745819
75,"2309345745",21.57,"1",2309345745819
76,"2309345745",26.29,"1",2309345745819
77,"2309345745",70.86,"1",2309345745819
78,"2309345745",141.14,"1",2309345745819
78,"2309345745",141.14,"1b",2309345745820
79,"2309345745",187.43,"1b",2309345745820
79,"2309345745",187.43,"3",2309345745821
80,"2309345745",176.0,"3",2309345745821
80,"2309345745",176.0,"4",2309345745822
81,"2309345745",123.43,"4",2309345745822
81,"2309345745",123.43,"1",2309348256823
0,"2309348256",0.0,"1",2309348256823
1,"2309348256",0.14,"1",2309348256823
2,"2309348256",0.0,"1",2309348256823
3,"2309348256",0.29,"1",2309348256823
3,"2309348256",0.29,"1b",2309348256824
4,"2309348256",0.0,"1b",2309348256824
5,"2309348256",0.0,"1b",2309348256824
5,"2309348256",0.0,"1",2309348256825
6,"2309348256",0.0,"1",2309348256825
7,"2309348256",0.0,"1",2309348256825
8,"2309348256",0.14,"1",2309348256825
9,"2309348256",1.0,"1",2309348256825
9,"2309348256",1.0,"1b",2309348256826
10,"2309348256",3.0,"1b",2309348256826
10,"2309348256",3.0,"2",2309348256827
11,"2309348256",1.71,"2",2309348256827
12,"2309348256",2.0,"2",2309348256827
13,"2309348256",0.57,"2",2309348256827
13,"2309348256",0.57,"1b",2309348256828
14,"2309348256",0.29,"1b",2309348256828
15,"2309348256",0.43,"1b",2309348256828
16,"2309348256",0.0,"1b",2309348256828
16,"2309348256",0.0,"1",2309348256829
17,"2309348256",0.0,"1",2309348256829
18,"2309348256",0.0,"1",2309348256829
19,"2309348256",0.0,"1",2309348256829
20,"2309348256",0.14,"1",2309348256829
21,"2309348256",0.71,"1",2309348256829
22,"2309348256",2.0,"1",2309348256829
22,"2309348256",2.0,"1b",2309348256830
23,"2309348256",0.57,"1b",2309348256830
23,"2309348256",0.57,"2",2309348256831
24,"2309348256",0.71,"2",2309348256831
25,"2309348256",1.0,"2",2309348256831
25,"2309348256",1.0,"1b",2309348256832
26,"2309348256",2.43,"1b",2309348256832
27,"2309348256",3.57,"1b",2309348256832
27,"2309348256",3.57,"2",2309348256833
28,"2309348256",2.0,"2",2309348256833
29,"2309348256",3.43,"2",2309348256833
29,"2309348256",3.43,"1b",2309348256834
30,"2309348256",2.86,"1b",2309348256834
31,"2309348256",4.0,"1b",2309348256834
31,"2309348256",4.0,"1",2309348256835
32,"2309348256",5.43,"1",2309348256835
33,"2309348256",4.29,"1",2309348256835
34,"2309348256",8.14,"1",2309348256835
35,"2309348256",10.29,"1",2309348256835
36,"2309348256",13.86,"1",2309348256835
37,"2309348256",18.71,"1",2309348256835
38,"2309348256",18.86,"1",2309348256835
39,"2309348256",28.0,"1",2309348256835
40,"2309348256",44.57,"1",2309348256835
41,"2309348256",83.43,"1",2309348256835
41,"2309348256",83.43,"1b",2309348256836
42,"2309348256",91.43,"1b",2309348256836
42,"2309348256",91.43,"3",2309348256837
43,"2309348256",54.86,"3",2309348256837
43,"2309348256",54.86,"4",2309348256838
44,"2309348256",34.29,"4",2309348256838
45,"2309348256",13.71,"4",2309348256838
46,"2309348256",5.14,"4",2309348256838
46,"2309348256",5.14,"3",2309348256839
47,"2309348256",3.0,"3",2309348256839
48,"2309348256",2.0,"3",2309348256839
48,"2309348256",2.0,"2",2309348256840
49,"2309348256",1.14,"2",2309348256840
50,"2309348256",0.86,"2",2309348256840
50,"2309348256",0.86,"1b",2309348256841
51,"2309348256",1.0,"1b",2309348256841
52,"2309348256",3.43,"1b",2309348256841
52,"2309348256",3.43,"1",2309348256842
53,"2309348256",8.86,"1",2309348256842
54,"2309348256",15.71,"1",2309348256842
55,"2309348256",27.71,"1",2309348256842
56,"2309348256",43.43,"1",2309348256842
57,"2309348256",96.0,"1",2309348256842
57,"2309348256",96.0,"2",2309348256843
58,"2309348256",146.29,"2",2309348256843
58,"2309348256",146.29,"3",2309348256844
59,"2309348256",123.43,"3",2309348256844
59,"2309348256",123.43,"4",2309348256845
60,"2309348256",45.71,"4",2309348256845
61,"2309348256",34.29,"4",2309348256845
61,"2309348256",34.29,"3",2309348256846
62,"2309348256",16.57,"3",2309348256846
62,"2309348256",16.57,"4",2309348256847
63,"2309348256",4.57,"4",2309348256847
64,"2309348256",5.0,"4",2309348256847
64,"2309348256",5.0,"3",2309348256848
65,"2309348256",1.29,"3",2309348256848
66,"2309348256",0.86,"3",2309348256848
66,"2309348256",0.86,"2",2309348256849
67,"2309348256",1.14,"2",2309348256849
68,"2309348256",0.71,"2",2309348256849
68,"2309348256",0.71,"1b",2309348256850
69,"2309348256",0.71,"1b",2309348256850
70,"2309348256",0.43,"1b",2309348256850
70,"2309348256",0.43,"1",2309348256851
71,"2309348256",0.57,"1",2309348256851
72,"2309348256",4.71,"1",2309348256851
73,"2309348256",5.57,"1",2309348256851
74,"2309348256",12.57,"1",2309348256851
75,"2309348256",18.86,"1",2309348256851
76,"2309348256",31.43,"1",2309348256851
77,"2309348256",44.0,"1",2309348256851
78,"2309348256",52.0,"1",2309348256851
79,"2309348256",114.86,"1",2309348256851
80,"2309348256",205.71,"1",2309348256851
80,"2309348256",205.71,"2",2309348256852
81,"2309348256",237.71,"2",2309348256852
81,"2309348256",237.71,"1",2309415432853
0,"2309415432",0.0,"1",2309415432853
1,"2309415432",0.0,"1",2309415432853
2,"2309415432",0.0,"1",2309415432853
3,"2309415432",0.0,"1",2309415432853
4,"2309415432",0.0,"1",2309415432853
5,"2309415432",0.43,"1",2309415432853
6,"2309415432",2.14,"1",2309415432853
6,"2309415432",2.14,"1b",2309415432854
7,"2309415432",2.71,"1b",2309415432854
7,"2309415432",2.71,"2",2309415432855
8,"2309415432",1.86,"2",2309415432855
9,"2309415432",3.86,"2",2309415432855
10,"2309415432",6.57,"2",2309415432855
11,"2309415432",10.71,"2",2309415432855
11,"2309415432",10.71,"3",2309415432856
12,"2309415432",9.0,"3",2309415432856
13,"2309415432",9.0,"3",2309415432856
13,"2309415432",9.0,"2",2309415432857
14,"2309415432",6.71,"2",2309415432857
15,"2309415432",6.71,"2",2309415432857
16,"2309415432",6.14,"2",2309415432857
16,"2309415432",6.14,"3",2309415432858
17,"2309415432",7.86,"3",2309415432858
18,"2309415432",6.43,"3",2309415432858
18,"2309415432",6.43,"2",2309415432859
19,"2309415432",8.0,"2",2309415432859
20,"2309415432",9.57,"2",2309415432859
20,"2309415432",9.57,"3",2309415432860
21,"2309415432",7.43,"3",2309415432860
22,"2309415432",6.0,"3",2309415432860
22,"2309415432",6.0,"2",2309415432861
23,"2309415432",7.29,"2",2309415432861
24,"2309415432",7.0,"2",2309415432861
25,"2309415432",7.57,"2",2309415432861
25,"2309415432",7.57,"3",2309415432862
26,"2309415432",4.14,"3",2309415432862
27,"2309415432",5.29,"3",2309415432862
27,"2309415432",5.29,"2",2309415432863
28,"2309415432",3.71,"2",2309415432863
29,"2309415432",3.29,"2",2309415432863
29,"2309415432",3.29,"1b",2309415432864
30,"2309415432",3.14,"1b",2309415432864
31,"2309415432",4.43,"1b",2309415432864
31,"2309415432",4.43,"1",2309415432865
32,"2309415432",6.0,"1",2309415432865
33,"2309415432",10.57,"1",2309415432865
34,"2309415432",17.29,"1",2309415432865
35,"2309415432",18.0,"1",2309415432865
36,"2309415432",30.29,"1",2309415432865
37,"2309415432",48.57,"1",2309415432865
38,"2309415432",69.71,"1",2309415432865
38,"2309415432",69.71,"1b",2309415432866
39,"2309415432",43.43,"1b",2309415432866
39,"2309415432",43.43,"2",2309415432867
40,"2309415432",80.0,"2",2309415432867
41,"2309415432",70.86,"2",2309415432867
42,"2309415432",38.86,"2",2309415432867
42,"2309415432",38.86,"1b",2309415432868
43,"2309415432",64.0,"1b",2309415432868
44,"2309415432",93.71,"1b",2309415432868
44,"2309415432",93.71,"1",2309415432869
45,"2309415432",208.0,"1",2309415432869
45,"2309415432",208.0,"2",2309415432870
46,"2309415432",294.86,"2",2309415432870
46,"2309415432",294.86,"4",2309415432871
47,"2309415432",192.0,"4",2309415432871
48,"2309415432",91.43,"4",2309415432871
49,"2309415432",27.43,"4",2309415432871
50,"2309415432",6.86,"4",2309415432871
51,"2309415432",4.0,"4",2309415432871
51,"2309415432",4.0,"3",2309415432872
52,"2309415432",2.57,"3",2309415432872
53,"2309415432",0.71,"3",2309415432872
53,"2309415432",0.71,"2",2309415432873
54,"2309415432",0.71,"2",2309415432873
55,"2309415432",0.29,"2",2309415432873
55,"2309415432",0.29,"1b",2309415432874
56,"2309415432",0.57,"1b",2309415432874
57,"2309415432",3.71,"1b",2309415432874
57,"2309415432",3.71,"1",2309415432875
58,"2309415432",5.71,"1",2309415432875
59,"2309415432",4.29,"1",2309415432875
60,"2309415432",5.86,"1",2309415432875
61,"2309415432",9.43,"1",2309415432875
62,"2309415432",10.29,"1",2309415432875
63,"2309415432",9.29,"1",2309415432875
64,"2309415432",13.71,"1",2309415432875
65,"2309415432",16.0,"1",2309415432875
66,"2309415432",16.0,"1",2309415432875
67,"2309415432",33.14,"1",2309415432875
68,"2309415432",49.14,"1",2309415432875
69,"2309415432",80.57,"1",2309415432875
69,"2309415432",80.57,"1b",2309415432876
70,"2309415432",36.57,"1b",2309415432876
70,"2309415432",36.57,"2",2309415432877
71,"2309415432",32.0,"2",2309415432877
72,"2309415432",54.86,"2",2309415432877
72,"2309415432",54.86,"3",2309415432878
73,"2309415432",96.0,"3",2309415432878
73,"2309415432",96.0,"4",2309415432879
74,"2309415432",66.29,"4",2309415432879
75,"2309415432",25.14,"4",2309415432879
76,"2309415432",15.43,"4",2309415432879
76,"2309415432",15.43,"3",2309415432880
77,"2309415432",13.14,"3",2309415432880
77,"2309415432",13.14,"4",2309415432881
78,"2309415432",2.86,"4",2309415432881
79,"2309415432",1.43,"4",2309415432881
79,"2309415432",1.43,"3",2309415432882
80,"2309415432",1.29,"3",2309415432882
81,"2309415432",1.0,"3",2309415432882
81,"2309415432",1.0,"1",23094395163883
0,"23094395163",0.29,"1",23094395163883
1,"23094395163",0.86,"1",23094395163883
2,"23094395163",3.29,"1",23094395163883
2,"23094395163",3.29,"2",23094395163884
3,"23094395163",4.57,"2",23094395163884
4,"23094395163",5.14,"2",23094395163884
5,"23094395163",5.0,"2",23094395163884
6,"23094395163",6.86,"2",23094395163884
7,"23094395163",8.29,"2",23094395163884
8,"23094395163",10.71,"2",23094395163884
9,"23094395163",22.14,"2",23094395163884
9,"23094395163",22.14,"3",23094395163885
10,"23094395163",21.14,"3",23094395163885
11,"23094395163",17.71,"3",23094395163885
12,"23094395163",26.86,"3",23094395163885
12,"23094395163",26.86,"2",23094395163886
13,"23094395163",55.43,"2",23094395163886
13,"23094395163",55.43,"3",23094395163887
14,"23094395163",62.29,"3",23094395163887
14,"23094395163",62.29,"4",23094395163888
15,"23094395163",32.0,"4",23094395163888
16,"23094395163",11.43,"4",23094395163888
16,"23094395163",11.43,"3",23094395163889
17,"23094395163",20.57,"3",23094395163889
18,"23094395163",14.29,"3",23094395163889
19,"23094395163",21.14,"3",23094395163889
19,"23094395163",21.14,"2",23094395163890
20,"23094395163",25.14,"2",23094395163890
20,"23094395163",25.14,"3",23094395163891
21,"23094395163",25.71,"3",23094395163891
22,"23094395163",25.14,"3",23094395163891
23,"23094395163",10.86,"3",23094395163891
24,"23094395163",7.43,"3",23094395163891
25,"23094395163",4.71,"3",23094395163891
26,"23094395163",2.29,"3",23094395163891
27,"23094395163",1.71,"3",23094395163891
27,"23094395163",1.71,"2",23094395163892
28,"23094395163",1.29,"2",23094395163892
29,"23094395163",0.86,"2",23094395163892
29,"23094395163",0.86,"1b",23094395163893
30,"23094395163",1.86,"1b",23094395163893
31,"23094395163",1.57,"1b",23094395163893
31,"23094395163",1.57,"1",23094395163894
32,"23094395163",2.0,"1",23094395163894
33,"23094395163",3.14,"1",23094395163894
34,"23094395163",5.14,"1",23094395163894
35,"23094395163",10.71,"1",23094395163894
36,"23094395163",14.14,"1",23094395163894
37,"23094395163",21.71,"1",23094395163894
38,"23094395163",40.57,"1",23094395163894
39,"23094395163",50.86,"1",23094395163894
40,"23094395163",74.29,"1",23094395163894
40,"23094395163",74.29,"1b",23094395163895
41,"23094395163",66.29,"1b",23094395163895
41,"23094395163",66.29,"2",23094395163896
42,"23094395163",57.14,"2",23094395163896
42,"23094395163",57.14,"3",23094395163897
43,"23094395163",59.43,"3",23094395163897
44,"23094395163",61.71,"3",23094395163897
44,"23094395163",61.71,"2",23094395163898
45,"23094395163",61.71,"2",23094395163898
45,"23094395163",61.71,"3",23094395163899
46,"23094395163",45.71,"3",23094395163899
47,"23094395163",27.43,"3",23094395163899
47,"23094395163",27.43,"2",23094395163900
48,"23094395163",57.14,"2",23094395163900
49,"23094395163",70.86,"2",23094395163900
49,"23094395163",70.86,"3",23094395163901
50,"23094395163",41.14,"3",23094395163901
51,"23094395163",48.0,"3",23094395163901
51,"23094395163",48.0,"2",23094395163902
52,"23094395163",54.86,"2",23094395163902
52,"23094395163",54.86,"3",23094395163903
53,"23094395163",45.71,"3",23094395163903
53,"23094395163",45.71,"4",23094395163904
54,"23094395163",27.43,"4",23094395163904
55,"23094395163",9.14,"4",23094395163904
55,"23094395163",9.14,"3",23094395163905
56,"23094395163",0.57,"3",23094395163905
57,"23094395163",1.0,"3",23094395163905
57,"23094395163",1.0,"2",23094395163906
58,"23094395163",0.43,"2",23094395163906
59,"23094395163",0.57,"2",23094395163906
59,"23094395163",0.57,"1b",23094395163907
60,"23094395163",0.29,"1b",23094395163907
61,"23094395163",0.14,"1b",23094395163907
61,"23094395163",0.14,"1",23094395163908
62,"23094395163",0.71,"1",23094395163908
63,"23094395163",0.57,"1",23094395163908
64,"23094395163",3.0,"1",23094395163908
65,"23094395163",7.86,"1",23094395163908
66,"23094395163",5.86,"1",23094395163908
67,"23094395163",8.57,"1",23094395163908
68,"23094395163",13.43,"1",23094395163908
69,"23094395163",16.43,"1",23094395163908
70,"23094395163",14.29,"1",23094395163908
71,"23094395163",9.14,"1",23094395163908
72,"23094395163",4.0,"1",23094395163908
73,"23094395163",2.86,"1",23094395163908
74,"23094395163",2.57,"1",23094395163908
75,"23094395163",3.71,"1",23094395163908
76,"23094395163",8.86,"1",23094395163908
77,"23094395163",14.57,"1",23094395163908
78,"23094395163",31.86,"1",23094395163908
79,"23094395163",70.29,"1",23094395163908
80,"23094395163",76.0,"1",23094395163908
80,"23094395163",76.0,"1b",23094395163909
81,"23094395163",105.14,"1b",23094395163909
81,"23094395163",105.14,"1",23094752582910
0,"23094752582",0.0,"1",23094752582910
1,"23094752582",0.0,"1",23094752582910
2,"23094752582",0.0,"1",23094752582910
3,"23094752582",0.0,"1",23094752582910
4,"23094752582",0.0,"1",23094752582910
5,"23094752582",0.0,"1",23094752582910
6,"23094752582",0.0,"1",23094752582910
7,"23094752582",0.0,"1",23094752582910
8,"23094752582",0.14,"1",23094752582910
9,"23094752582",0.14,"1",23094752582910
10,"23094752582",0.14,"1",23094752582910
10,"23094752582",0.14,"1b",23094752582911
11,"23094752582",0.14,"1b",23094752582911
12,"23094752582",0.0,"1b",23094752582911
12,"23094752582",0.0,"1",23094752582912
13,"23094752582",0.0,"1",23094752582912
14,"23094752582",0.14,"1",23094752582912
15,"23094752582",0.29,"1",23094752582912
16,"23094752582",1.14,"1",23094752582912
17,"23094752582",4.0,"1",23094752582912
17,"23094752582",4.0,"1b",23094752582913
18,"23094752582",6.57,"1b",23094752582913
18,"23094752582",6.57,"2",23094752582914
19,"23094752582",7.71,"2",23094752582914
19,"23094752582",7.71,"3",23094752582915
20,"23094752582",7.0,"3",23094752582915
21,"23094752582",7.0,"3",23094752582915
21,"23094752582",7.0,"2",23094752582916
22,"23094752582",5.57,"2",23094752582916
23,"23094752582",5.57,"2",23094752582916
24,"23094752582",5.14,"2",23094752582916
25,"23094752582",6.14,"2",23094752582916
26,"23094752582",5.0,"2",23094752582916
27,"23094752582",3.86,"2",23094752582916
28,"23094752582",4.57,"2",23094752582916
28,"23094752582",4.57,"3",23094752582917
29,"23094752582",4.43,"3",23094752582917
30,"23094752582",3.57,"3",23094752582917
30,"23094752582",3.57,"2",23094752582918
31,"23094752582",5.57,"2",23094752582918
32,"23094752582",6.0,"2",23094752582918
32,"23094752582",6.0,"1b",23094752582919
33,"23094752582",9.57,"1b",23094752582919
34,"23094752582",17.86,"1b",23094752582919
34,"23094752582",17.86,"1",23094752582920
35,"23094752582",31.0,"1",23094752582920
36,"23094752582",53.14,"1",23094752582920
37,"23094752582",81.14,"1",23094752582920
37,"23094752582",81.14,"3",23094752582921
38,"23094752582",45.71,"3",23094752582921
39,"23094752582",52.57,"3",23094752582921
39,"23094752582",52.57,"2",23094752582922
40,"23094752582",84.57,"2",23094752582922
41,"23094752582",116.57,"2",23094752582922
41,"23094752582",116.57,"3",23094752582923
42,"23094752582",61.71,"3",23094752582923
42,"23094752582",61.71,"4",23094752582924
43,"23094752582",27.43,"4",23094752582924
44,"23094752582",1.71,"4",23094752582924
45,"23094752582",7.43,"4",23094752582924
45,"23094752582",7.43,"3",23094752582925
46,"23094752582",1.43,"3",23094752582925
47,"23094752582",0.86,"3",23094752582925
47,"23094752582",0.86,"2",23094752582926
48,"23094752582",0.43,"2",23094752582926
49,"23094752582",0.43,"2",23094752582926
49,"23094752582",0.43,"1b",23094752582927
50,"23094752582",0.14,"1b",23094752582927
51,"23094752582",0.43,"1b",23094752582927
51,"23094752582",0.43,"1",23094752582928
52,"23094752582",0.71,"1",23094752582928
53,"23094752582",1.71,"1",23094752582928
54,"23094752582",2.0,"1",23094752582928
55,"23094752582",1.86,"1",23094752582928
56,"23094752582",5.86,"1",23094752582928
57,"23094752582",9.57,"1",23094752582928
58,"23094752582",17.29,"1",23094752582928
59,"23094752582",18.86,"1",23094752582928
60,"23094752582",21.14,"1",23094752582928
61,"23094752582",45.71,"1",23094752582928
62,"23094752582",70.86,"1",23094752582928
62,"23094752582",70.86,"2",23094752582929
63,"23094752582",66.29,"2",23094752582929
63,"23094752582",66.29,"4",23094752582930
64,"23094752582",34.29,"4",23094752582930
65,"23094752582",22.86,"4",23094752582930
66,"23094752582",9.14,"4",23094752582930
66,"23094752582",9.14,"3",23094752582931
67,"23094752582",10.86,"3",23094752582931
68,"23094752582",5.29,"3",23094752582931
68,"23094752582",5.29,"2",23094752582932
69,"23094752582",4.29,"2",23094752582932
70,"23094752582",3.14,"2",23094752582932
70,"23094752582",3.14,"1b",23094752582933
71,"23094752582",3.57,"1b",23094752582933
72,"23094752582",2.57,"1b",23094752582933
72,"23094752582",2.57,"1",23094752582934
73,"23094752582",5.0,"1",23094752582934
74,"23094752582",10.86,"1",23094752582934
75,"23094752582",20.29,"1",23094752582934
76,"23094752582",25.71,"1",23094752582934
77,"23094752582",52.57,"1",23094752582934
78,"23094752582",89.71,"1",23094752582934
78,"23094752582",89.71,"1b",23094752582935
79,"23094752582",98.29,"1b",23094752582935
80,"23094752582",208.0,"1b",23094752582935
80,"23094752582",208.0,"2",23094752582936
81,"23094752582",130.29,"2",23094752582936
81,"23094752582",130.29,"1",23094865765937
0,"23094865765",0.0,"1",23094865765937
1,"23094865765",0.29,"1",23094865765937
2,"23094865765",0.57,"1",23094865765937
3,"23094865765",2.43,"1",23094865765937
3,"23094865765",2.43,"1b",23094865765938
4,"23094865765",3.71,"1b",23094865765938
4,"23094865765",3.71,"2",23094865765939
5,"23094865765",8.86,"2",23094865765939
6,"23094865765",18.43,"2",23094865765939
6,"23094865765",18.43,"3",23094865765940
7,"23094865765",19.29,"3",23094865765940
8,"23094865765",18.86,"3",23094865765940
9,"23094865765",14.29,"3",23094865765940
10,"23094865765",22.86,"3",23094865765940
11,"23094865765",25.71,"3",23094865765940
12,"23094865765",33.14,"3",23094865765940
12,"23094865765",33.14,"2",23094865765941
13,"23094865765",28.0,"2",23094865765941
13,"23094865765",28.0,"3",23094865765942
14,"23094865765",22.29,"3",23094865765942
15,"23094865765",33.14,"3",23094865765942
16,"23094865765",39.43,"3",23094865765942
17,"23094865765",40.0,"3",23094865765942
18,"23094865765",30.29,"3",23094865765942
19,"23094865765",29.71,"3",23094865765942
20,"23094865765",33.14,"3",23094865765942
21,"23094865765",27.43,"3",23094865765942
22,"23094865765",25.71,"3",23094865765942
23,"23094865765",24.57,"3",23094865765942
24,"23094865765",20.57,"3",23094865765942
25,"23094865765",21.71,"3",23094865765942
26,"23094865765",16.0,"3",23094865765942
27,"23094865765",10.86,"3",23094865765942
28,"23094865765",16.0,"3",23094865765942
29,"23094865765",9.14,"3",23094865765942
30,"23094865765",11.43,"3",23094865765942
30,"23094865765",11.43,"2",23094865765943
31,"23094865765",8.57,"2",23094865765943
32,"23094865765",10.86,"2",23094865765943
32,"23094865765",10.86,"1b",23094865765944
33,"23094865765",14.86,"1b",23094865765944
34,"23094865765",23.43,"1b",23094865765944
34,"23094865765",23.43,"1",23094865765945
35,"23094865765",48.57,"1",23094865765945
36,"23094865765",61.71,"1",23094865765945
36,"23094865765",61.71,"1b",23094865765946
37,"23094865765",87.43,"1b",23094865765946
38,"23094865765",96.0,"1b",23094865765946
39,"23094865765",157.71,"1b",23094865765946
39,"23094865765",157.71,"1",23094865765947
40,"23094865765",272.0,"1",23094865765947
40,"23094865765",272.0,"2",23094865765948
41,"23094865765",404.57,"2",23094865765948
41,"23094865765",404.57,"4",23094865765949
42,"23094865765",210.29,"4",23094865765949
43,"23094865765",91.43,"4",23094865765949
44,"23094865765",50.29,"4",23094865765949
45,"23094865765",25.14,"4",23094865765949
45,"23094865765",25.14,"3",23094865765950
46,"23094865765",17.71,"3",23094865765950
46,"23094865765",17.71,"4",23094865765951
47,"23094865765",6.86,"4",23094865765951
48,"23094865765",1.43,"4",23094865765951
48,"23094865765",1.43,"3",23094865765952
49,"23094865765",1.14,"3",23094865765952
50,"23094865765",0.43,"3",23094865765952
50,"23094865765",0.43,"2",23094865765953
51,"23094865765",0.29,"2",23094865765953
52,"23094865765",0.57,"2",23094865765953
52,"23094865765",0.57,"1b",23094865765954
53,"23094865765",0.0,"1b",23094865765954
54,"23094865765",0.0,"1b",23094865765954
54,"23094865765",0.0,"1",23094865765955
55,"23094865765",1.14,"1",23094865765955
56,"23094865765",2.43,"1",23094865765955
57,"23094865765",6.14,"1",23094865765955
58,"23094865765",6.43,"1",23094865765955
59,"23094865765",15.86,"1",23094865765955
60,"23094865765",19.43,"1",23094865765955
61,"23094865765",33.71,"1",23094865765955
62,"23094865765",72.0,"1",23094865765955
62,"23094865765",72.0,"1b",23094865765956
63,"23094865765",126.86,"1b",23094865765956
64,"23094865765",130.29,"1b",23094865765956
64,"23094865765",130.29,"1",23094865765957
65,"23094865765",244.57,"1",23094865765957
65,"23094865765",244.57,"1b",23094865765958
66,"23094865765",317.71,"1b",23094865765958
66,"23094865765",317.71,"3",23094865765959
67,"23094865765",201.14,"3",23094865765959
67,"23094865765",201.14,"4",23094865765960
68,"23094865765",64.0,"4",23094865765960
69,"23094865765",96.0,"4",23094865765960
70,"23094865765",38.86,"4",23094865765960
71,"23094865765",30.86,"4",23094865765960
72,"23094865765",14.29,"4",23094865765960
72,"23094865765",14.29,"3",23094865765961
73,"23094865765",8.0,"3",23094865765961
74,"23094865765",7.0,"3",23094865765961
74,"23094865765",7.0,"2",23094865765962
75,"23094865765",2.43,"2",23094865765962
76,"23094865765",2.14,"2",23094865765962
76,"23094865765",2.14,"1b",23094865765963
77,"23094865765",2.14,"1b",23094865765963
78,"23094865765",1.14,"1b",23094865765963
78,"23094865765",1.14,"1",23094865765964
79,"23094865765",2.29,"1",23094865765964
80,"23094865765",2.29,"1",23094865765964
81,"23094865765",3.86,"1",23094865765964
81,"23094865765",3.86,"1",23095293550964
0,"23095293550",0.0,"1",23095293550964
1,"23095293550",0.0,"1",23095293550964
2,"23095293550",0.0,"1",23095293550964
3,"23095293550",0.0,"1",23095293550964
4,"23095293550",0.14,"1",23095293550964
5,"23095293550",0.29,"1",23095293550964
5,"23095293550",0.29,"1b",23095293550965
6,"23095293550",0.43,"1b",23095293550965
7,"23095293550",2.0,"1b",23095293550965
8,"23095293550",5.29,"1b",23095293550965
8,"23095293550",5.29,"2",23095293550966
9,"23095293550",6.43,"2",23095293550966
10,"23095293550",8.57,"2",23095293550966
10,"23095293550",8.57,"3",23095293550967
11,"23095293550",8.0,"3",23095293550967
12,"23095293550",10.43,"3",23095293550967
13,"23095293550",10.86,"3",23095293550967
14,"23095293550",7.57,"3",23095293550967
15,"23095293550",7.86,"3",23095293550967
16,"23095293550",7.14,"3",23095293550967
16,"23095293550",7.14,"2",23095293550968
17,"23095293550",7.43,"2",23095293550968
17,"23095293550",7.43,"3",23095293550969
18,"23095293550",5.0,"3",23095293550969
19,"23095293550",3.71,"3",23095293550969
19,"23095293550",3.71,"2",23095293550970
20,"23095293550",3.43,"2",23095293550970
21,"23095293550",2.57,"2",23095293550970
22,"23095293550",0.86,"2",23095293550970
23,"23095293550",1.14,"2",23095293550970
24,"23095293550",1.0,"2",23095293550970
24,"23095293550",1.0,"1b",23095293550971
25,"23095293550",0.29,"1b",23095293550971
25,"23095293550",0.29,"2",23095293550972
26,"23095293550",0.29,"2",23095293550972
27,"23095293550",0.0,"2",23095293550972
27,"23095293550",0.0,"1b",23095293550973
28,"23095293550",0.0,"1b",23095293550973
29,"23095293550",0.0,"1b",23095293550973
29,"23095293550",0.0,"1",23095293550974
30,"23095293550",0.0,"1",23095293550974
31,"23095293550",0.14,"1",23095293550974
32,"23095293550",2.14,"1",23095293550974
33,"23095293550",3.43,"1",23095293550974
34,"23095293550",3.57,"1",23095293550974
35,"23095293550",8.0,"1",23095293550974
36,"23095293550",15.57,"1",23095293550974
37,"23095293550",19.14,"1",23095293550974
38,"23095293550",35.43,"1",23095293550974
39,"23095293550",75.43,"1",23095293550974
39,"23095293550",75.43,"2",23095293550975
40,"23095293550",56.0,"2",23095293550975
40,"23095293550",56.0,"3",23095293550976
41,"23095293550",27.43,"3",23095293550976
42,"23095293550",32.0,"3",23095293550976
42,"23095293550",32.0,"4",23095293550977
43,"23095293550",16.0,"4",23095293550977
44,"23095293550",5.14,"4",23095293550977
44,"23095293550",5.14,"3",23095293550978
45,"23095293550",2.57,"3",23095293550978
46,"23095293550",1.14,"3",23095293550978
46,"23095293550",1.14,"2",23095293550979
47,"23095293550",1.29,"2",23095293550979
48,"23095293550",1.57,"2",23095293550979
48,"23095293550",1.57,"1b",23095293550980
49,"23095293550",3.57,"1b",23095293550980
50,"23095293550",2.57,"1b",23095293550980
50,"23095293550",2.57,"1",23095293550981
51,"23095293550",3.14,"1",23095293550981
52,"23095293550",3.86,"1",23095293550981
53,"23095293550",9.29,"1",23095293550981
54,"23095293550",17.43,"1",23095293550981
55,"23095293550",18.86,"1",23095293550981
56,"23095293550",26.29,"1",23095293550981
57,"23095293550",40.57,"1",23095293550981
58,"23095293550",63.43,"1",23095293550981
59,"23095293550",79.43,"1",23095293550981
59,"23095293550",79.43,"3",23095293550982
60,"23095293550",64.0,"3",23095293550982
61,"23095293550",96.0,"3",23095293550982
61,"23095293550",96.0,"4",23095293550983
62,"23095293550",54.86,"4",23095293550983
63,"23095293550",54.86,"4",23095293550983
63,"23095293550",54.86,"3",23095293550984
64,"23095293550",41.14,"3",23095293550984
65,"23095293550",41.14,"3",23095293550984
65,"23095293550",41.14,"2",23095293550985
66,"23095293550",70.86,"2",23095293550985
66,"23095293550",70.86,"3",23095293550986
67,"23095293550",93.71,"3",23095293550986
68,"23095293550",61.71,"3",23095293550986
69,"23095293550",59.43,"3",23095293550986
69,"23095293550",59.43,"2",23095293550987
70,"23095293550",96.0,"2",23095293550987
70,"23095293550",96.0,"3",23095293550988
71,"23095293550",75.43,"3",23095293550988
71,"23095293550",75.43,"4",23095293550989
72,"23095293550",27.43,"4",23095293550989
73,"23095293550",28.57,"4",23095293550989
74,"23095293550",13.71,"4",23095293550989
74,"23095293550",13.71,"3",23095293550990
75,"23095293550",12.57,"3",23095293550990
76,"23095293550",4.86,"3",23095293550990
76,"23095293550",4.86,"2",23095293550991
77,"23095293550",2.29,"2",23095293550991
78,"23095293550",2.71,"2",23095293550991
78,"23095293550",2.71,"1b",23095293550992
79,"23095293550",2.14,"1b",23095293550992
80,"23095293550",1.86,"1b",23095293550992
80,"23095293550",1.86,"1",23095293550993
81,"23095293550",1.71,"1",2309573527993
81,"23095293550",1.71,"1",23095293550993
0,"2309573527",0.0,"1",2309573527993
1,"2309573527",0.0,"1",2309573527993
2,"2309573527",0.0,"1",2309573527993
3,"2309573527",0.0,"1",2309573527993
4,"2309573527",0.43,"1",2309573527993
4,"2309573527",0.43,"1b",2309573527994
5,"2309573527",0.29,"1b",2309573527994
6,"2309573527",0.29,"1b",2309573527994
6,"2309573527",0.29,"1",2309573527995
7,"2309573527",3.0,"1",2309573527995
7,"2309573527",3.0,"1b",2309573527996
8,"2309573527",4.71,"1b",2309573527996
8,"2309573527",4.71,"2",2309573527997
9,"2309573527",4.86,"2",2309573527997
10,"2309573527",5.43,"2",2309573527997
11,"2309573527",8.14,"2",2309573527997
12,"2309573527",12.86,"2",2309573527997
12,"2309573527",12.86,"3",2309573527998
13,"2309573527",10.14,"3",2309573527998
14,"2309573527",9.14,"3",2309573527998
14,"2309573527",9.14,"2",2309573527999
15,"2309573527",9.43,"2",2309573527999
16,"2309573527",11.71,"2",2309573527999
17,"2309573527",10.71,"2",2309573527999
17,"2309573527",10.71,"3",23095735271000
18,"2309573527",9.0,"3",23095735271000
19,"2309573527",7.0,"3",23095735271000
19,"2309573527",7.0,"2",23095735271001
20,"2309573527",7.29,"2",23095735271001
20,"2309573527",7.29,"3",23095735271002
21,"2309573527",6.86,"3",23095735271002
22,"2309573527",3.86,"3",23095735271002
22,"2309573527",3.86,"2",23095735271003
23,"2309573527",3.29,"2",23095735271003
24,"2309573527",3.71,"2",23095735271003
25,"2309573527",4.29,"2",23095735271003
26,"2309573527",6.57,"2",23095735271003
27,"2309573527",8.14,"2",23095735271003
28,"2309573527",9.71,"2",23095735271003
29,"2309573527",11.43,"2",23095735271003
29,"2309573527",11.43,"1b",23095735271004
30,"2309573527",12.86,"1b",23095735271004
31,"2309573527",11.71,"1b",23095735271004
31,"2309573527",11.71,"1",23095735271005
32,"2309573527",15.29,"1",23095735271005
33,"2309573527",21.14,"1",23095735271005
34,"2309573527",28.57,"1",23095735271005
35,"2309573527",29.71,"1",23095735271005
36,"2309573527",64.57,"1",23095735271005
37,"2309573527",68.0,"1",23095735271005
37,"2309573527",68.0,"1b",23095735271006
38,"2309573527",107.43,"1b",23095735271006
38,"2309573527",107.43,"2",23095735271007
39,"2309573527",112.0,"2",23095735271007
39,"2309573527",112.0,"3",23095735271008
40,"2309573527",128.0,"3",23095735271008
40,"2309573527",128.0,"4",23095735271009
41,"2309573527",59.43,"4",23095735271009
42,"2309573527",48.0,"4",23095735271009
43,"2309573527",13.14,"4",23095735271009
44,"2309573527",4.0,"4",23095735271009
44,"2309573527",4.0,"3",23095735271010
45,"2309573527",2.43,"3",23095735271010
46,"2309573527",0.71,"3",23095735271010
46,"2309573527",0.71,"2",23095735271011
47,"2309573527",1.0,"2",23095735271011
48,"2309573527",0.71,"2",23095735271011
48,"2309573527",0.71,"1b",23095735271012
49,"2309573527",0.14,"1b",23095735271012
50,"2309573527",0.0,"1b",23095735271012
50,"2309573527",0.0,"1",23095735271013
51,"2309573527",0.71,"1",23095735271013
52,"2309573527",1.86,"1",23095735271013
53,"2309573527",3.0,"1",23095735271013
54,"2309573527",4.71,"1",23095735271013
55,"2309573527",4.86,"1",23095735271013
56,"2309573527",9.14,"1",23095735271013
57,"2309573527",16.14,"1",23095735271013
58,"2309573527",27.86,"1",23095735271013
59,"2309573527",56.0,"1",23095735271013
60,"2309573527",93.71,"1",23095735271013
60,"2309573527",93.71,"1b",23095735271014
61,"2309573527",107.43,"1b",23095735271014
61,"2309573527",107.43,"2",23095735271015
62,"2309573527",150.86,"2",23095735271015
63,"2309573527",176.0,"2",23095735271015
63,"2309573527",176.0,"3",23095735271016
64,"2309573527",192.0,"3",23095735271016
64,"2309573527",192.0,"4",23095735271017
65,"2309573527",105.14,"4",23095735271017
66,"2309573527",54.86,"4",23095735271017
67,"2309573527",27.43,"4",23095735271017
67,"2309573527",27.43,"3",23095735271018
68,"2309573527",17.14,"3",23095735271018
68,"2309573527",17.14,"4",23095735271019
69,"2309573527",13.14,"4",23095735271019
70,"2309573527",2.57,"4",23095735271019
70,"2309573527",2.57,"3",23095735271020
71,"2309573527",2.43,"3",23095735271020
72,"2309573527",1.29,"3",23095735271020
72,"2309573527",1.29,"2",23095735271021
73,"2309573527",0.43,"2",23095735271021
74,"2309573527",0.14,"2",23095735271021
74,"2309573527",0.14,"1b",23095735271022
75,"2309573527",0.29,"1b",23095735271022
76,"2309573527",0.14,"1b",23095735271022
76,"2309573527",0.14,"1",23095735271023
77,"2309573527",1.0,"1",23095735271023
78,"2309573527",3.0,"1",23095735271023
79,"2309573527",5.14,"1",23095735271023
80,"2309573527",11.14,"1",23095735271023
81,"2309573527",15.14,"1",23095735271023
81,"2309573527",15.14,"1",230958629831023
0,"23095862983",0.0,"1",230958629831023
1,"23095862983",0.0,"1",230958629831023
2,"23095862983",0.0,"1",230958629831023
3,"23095862983",0.0,"1",230958629831023
4,"23095862983",0.0,"1",230958629831023
5,"23095862983",0.0,"1",230958629831023
6,"23095862983",0.0,"1",230958629831023
7,"23095862983",0.0,"1",230958629831023
8,"23095862983",0.0,"1",230958629831023
9,"23095862983",0.0,"1",230958629831023
10,"23095862983",0.0,"1",230958629831023
11,"23095862983",0.0,"1",230958629831023
12,"23095862983",0.0,"1",230958629831023
13,"23095862983",0.0,"1",230958629831023
14,"23095862983",0.0,"1",230958629831023
15,"23095862983",0.0,"1",230958629831023
16,"23095862983",0.0,"1",230958629831023
17,"23095862983",0.0,"1",230958629831023
18,"23095862983",0.0,"1",230958629831023
19,"23095862983",0.0,"1",230958629831023
20,"23095862983",0.0,"1",230958629831023
21,"23095862983",0.14,"1",230958629831023
22,"23095862983",0.86,"1",230958629831023
22,"23095862983",0.86,"2",230958629831024
23,"23095862983",0.57,"2",230958629831024
24,"23095862983",0.14,"2",230958629831024
24,"23095862983",0.14,"1b",230958629831025
25,"23095862983",0.14,"1b",230958629831025
26,"23095862983",0.0,"1b",230958629831025
26,"23095862983",0.0,"1",230958629831026
27,"23095862983",0.0,"1",230958629831026
28,"23095862983",0.0,"1",230958629831026
29,"23095862983",0.0,"1",230958629831026
30,"23095862983",0.0,"1",230958629831026
31,"23095862983",0.0,"1",230958629831026
32,"23095862983",0.29,"1",230958629831026
33,"23095862983",2.71,"1",230958629831026
34,"23095862983",8.43,"1",230958629831026
35,"23095862983",8.57,"1",230958629831026
36,"23095862983",9.86,"1",230958629831026
37,"23095862983",13.71,"1",230958629831026
38,"23095862983",43.57,"1",230958629831026
39,"23095862983",70.29,"1",230958629831026
40,"23095862983",115.43,"1",230958629831026
40,"23095862983",115.43,"1b",230958629831027
41,"23095862983",205.71,"1b",230958629831027
41,"23095862983",205.71,"2",230958629831028
42,"23095862983",176.0,"2",230958629831028
42,"23095862983",176.0,"3",230958629831029
43,"23095862983",171.43,"3",230958629831029
43,"23095862983",171.43,"4",230958629831030
44,"23095862983",75.43,"4",230958629831030
45,"23095862983",61.71,"4",230958629831030
45,"23095862983",61.71,"3",230958629831031
46,"23095862983",50.29,"3",230958629831031
46,"23095862983",50.29,"4",230958629831032
47,"23095862983",16.57,"4",230958629831032
48,"23095862983",8.0,"4",230958629831032
48,"23095862983",8.0,"3",230958629831033
49,"23095862983",6.14,"3",230958629831033
50,"23095862983",3.14,"3",230958629831033
50,"23095862983",3.14,"2",230958629831034
51,"23095862983",1.29,"2",230958629831034
52,"23095862983",1.0,"2",230958629831034
52,"23095862983",1.0,"1b",230958629831035
53,"23095862983",0.71,"1b",230958629831035
54,"23095862983",0.86,"1b",230958629831035
54,"23095862983",0.86,"1",230958629831036
55,"23095862983",1.14,"1",230958629831036
56,"23095862983",7.71,"1",230958629831036
57,"23095862983",13.29,"1",230958629831036
58,"23095862983",27.14,"1",230958629831036
59,"23095862983",51.43,"1",230958629831036
60,"23095862983",86.86,"1",230958629831036
60,"23095862983",86.86,"3",230958629831037
61,"23095862983",66.29,"3",230958629831037
62,"23095862983",48.0,"3",230958629831037
62,"23095862983",48.0,"2",230958629831038
63,"23095862983",57.14,"2",230958629831038
63,"23095862983",57.14,"3",230958629831039
64,"23095862983",75.43,"3",230958629831039
65,"23095862983",77.71,"3",230958629831039
65,"23095862983",77.71,"4",230958629831040
66,"23095862983",68.57,"4",230958629831040
67,"23095862983",36.57,"4",230958629831040
68,"23095862983",38.86,"4",230958629831040
68,"23095862983",38.86,"3",230958629831041
69,"23095862983",73.14,"3",230958629831041
70,"23095862983",45.71,"3",230958629831041
70,"23095862983",45.71,"2",230958629831042
71,"23095862983",73.14,"2",230958629831042
72,"23095862983",116.57,"2",230958629831042
73,"23095862983",118.86,"2",230958629831042
73,"23095862983",118.86,"3",230958629831043
74,"23095862983",66.29,"3",230958629831043
74,"23095862983",66.29,"4",230958629831044
75,"23095862983",59.43,"4",230958629831044
76,"23095862983",27.43,"4",230958629831044
76,"23095862983",27.43,"3",230958629831045
77,"23095862983",41.71,"3",230958629831045
77,"23095862983",41.71,"4",230958629831046
78,"23095862983",18.86,"4",230958629831046
79,"23095862983",11.43,"4",230958629831046
79,"23095862983",11.43,"3",230958629831047
80,"23095862983",5.57,"3",230958629831047
81,"23095862983",2.57,"3",230958629831047
81,"23095862983",2.57,"1",230962061461048
0,"23096206146",0.0,"1",230962061461048
1,"23096206146",0.0,"1",230962061461048
2,"23096206146",0.0,"1",230962061461048
3,"23096206146",0.0,"1",230962061461048
4,"23096206146",0.0,"1",230962061461048
5,"23096206146",0.0,"1",230962061461048
6,"23096206146",0.0,"1",230962061461048
7,"23096206146",0.0,"1",230962061461048
8,"23096206146",0.0,"1",230962061461048
9,"23096206146",0.0,"1",230962061461048
10,"23096206146",0.14,"1",230962061461048
11,"23096206146",0.14,"1",230962061461048
11,"23096206146",0.14,"1b",230962061461049
12,"23096206146",0.14,"1b",230962061461049
13,"23096206146",0.0,"1b",230962061461049
13,"23096206146",0.0,"1",230962061461050
14,"23096206146",0.0,"1",230962061461050
15,"23096206146",0.0,"1",230962061461050
16,"23096206146",0.0,"1",230962061461050
17,"23096206146",0.0,"1",230962061461050
18,"23096206146",0.0,"1",230962061461050
19,"23096206146",0.0,"1",230962061461050
20,"23096206146",0.0,"1",230962061461050
21,"23096206146",0.57,"1",230962061461050
21,"23096206146",0.57,"1b",230962061461051
22,"23096206146",0.0,"1b",230962061461051
23,"23096206146",0.57,"1b",230962061461051
24,"23096206146",0.0,"1b",230962061461051
25,"23096206146",0.43,"1b",230962061461051
26,"23096206146",0.29,"1b",230962061461051
27,"23096206146",2.0,"1b",230962061461051
28,"23096206146",0.86,"1b",230962061461051
28,"23096206146",0.86,"2",230962061461052
29,"23096206146",1.29,"2",230962061461052
30,"23096206146",0.57,"2",230962061461052
30,"23096206146",0.57,"1b",230962061461053
31,"23096206146",0.57,"1b",230962061461053
32,"23096206146",0.43,"1b",230962061461053
32,"23096206146",0.43,"1",230962061461054
33,"23096206146",2.43,"1",230962061461054
34,"23096206146",2.29,"1",230962061461054
35,"23096206146",3.29,"1",230962061461054
36,"23096206146",4.0,"1",230962061461054
37,"23096206146",8.86,"1",230962061461054
38,"23096206146",10.0,"1",230962061461054
39,"23096206146",16.86,"1",230962061461054
40,"23096206146",21.29,"1",230962061461054
41,"23096206146",32.0,"1",230962061461054
42,"23096206146",33.14,"1",230962061461054
43,"23096206146",35.43,"1",230962061461054
44,"23096206146",42.86,"1",230962061461054
45,"23096206146",52.57,"1",230962061461054
45,"23096206146",52.57,"1b",230962061461055
46,"23096206146",64.57,"1b",230962061461055
46,"23096206146",64.57,"3",230962061461056
47,"23096206146",38.86,"3",230962061461056
47,"23096206146",38.86,"4",230962061461057
48,"23096206146",22.86,"4",230962061461057
49,"23096206146",25.14,"4",230962061461057
49,"23096206146",25.14,"3",230962061461058
50,"23096206146",6.29,"3",230962061461058
51,"23096206146",3.43,"3",230962061461058
51,"23096206146",3.43,"2",230962061461059
52,"23096206146",0.71,"2",230962061461059
53,"23096206146",1.29,"2",230962061461059
53,"23096206146",1.29,"1b",230962061461060
54,"23096206146",0.29,"1b",230962061461060
55,"23096206146",1.14,"1b",230962061461060
55,"23096206146",1.14,"1",230962061461061
56,"23096206146",1.0,"1",230962061461061
57,"23096206146",0.29,"1",230962061461061
58,"23096206146",0.86,"1",230962061461061
59,"23096206146",0.43,"1",230962061461061
60,"23096206146",0.86,"1",230962061461061
61,"23096206146",1.29,"1",230962061461061
62,"23096206146",1.14,"1",230962061461061
63,"23096206146",2.0,"1",230962061461061
64,"23096206146",1.86,"1",230962061461061
65,"23096206146",0.57,"1",230962061461061
66,"23096206146",1.57,"1",230962061461061
67,"23096206146",2.43,"1",230962061461061
68,"23096206146",3.43,"1",230962061461061
69,"23096206146",7.29,"1",230962061461061
70,"23096206146",15.86,"1",230962061461061
71,"23096206146",20.29,"1",230962061461061
72,"23096206146",10.86,"1",230962061461061
73,"23096206146",28.0,"1",230962061461061
74,"23096206146",34.86,"1",230962061461061
75,"23096206146",41.14,"1",230962061461061
76,"23096206146",50.29,"1",230962061461061
77,"23096206146",64.0,"1",230962061461061
77,"23096206146",64.0,"1b",230962061461062
78,"23096206146",61.71,"1b",230962061461062
78,"23096206146",61.71,"2",230962061461063
79,"23096206146",36.57,"2",230962061461063
80,"23096206146",50.29,"2",230962061461063
81,"23096206146",41.14,"2",230962061461063
81,"23096206146",41.14,"1",230965569881064
0,"23096556988",0.0,"1",230965569881064
1,"23096556988",0.0,"1",230965569881064
2,"23096556988",0.0,"1",230965569881064
3,"23096556988",0.29,"1",230965569881064
3,"23096556988",0.29,"1b",230965569881065
4,"23096556988",0.29,"1b",230965569881065
5,"23096556988",0.57,"1b",230965569881065
6,"23096556988",0.29,"1b",230965569881065
7,"23096556988",0.29,"1b",230965569881065
8,"23096556988",0.29,"1b",230965569881065
9,"23096556988",0.71,"1b",230965569881065
10,"23096556988",0.14,"1b",230965569881065
11,"23096556988",0.14,"1b",230965569881065
11,"23096556988",0.14,"1",230965569881066
12,"23096556988",0.0,"1",230965569881066
12,"23096556988",0.0,"1b",230965569881067
13,"23096556988",0.14,"1b",230965569881067
14,"23096556988",0.14,"1b",230965569881067
14,"23096556988",0.14,"1",230965569881068
15,"23096556988",0.0,"1",230965569881068
16,"23096556988",0.14,"1",230965569881068
17,"23096556988",0.29,"1",230965569881068
18,"23096556988",0.71,"1",230965569881068
18,"23096556988",0.71,"2",230965569881069
19,"23096556988",0.43,"2",230965569881069
20,"23096556988",0.14,"2",230965569881069
20,"23096556988",0.14,"1b",230965569881070
21,"23096556988",0.14,"1b",230965569881070
22,"23096556988",0.71,"1b",230965569881070
23,"23096556988",0.0,"1b",230965569881070
23,"23096556988",0.0,"1",230965569881071
24,"23096556988",0.14,"1",230965569881071
24,"23096556988",0.14,"1b",230965569881072
25,"23096556988",0.14,"1b",230965569881072
26,"23096556988",0.43,"1b",230965569881072
26,"23096556988",0.43,"1",230965569881073
27,"23096556988",0.29,"1",230965569881073
28,"23096556988",0.0,"1",230965569881073
29,"23096556988",0.14,"1",230965569881073
29,"23096556988",0.14,"1b",230965569881074
30,"23096556988",0.71,"1b",230965569881074
31,"23096556988",0.29,"1b",230965569881074
31,"23096556988",0.29,"1",230965569881075
32,"23096556988",2.71,"1",230965569881075
33,"23096556988",6.0,"1",230965569881075
34,"23096556988",10.86,"1",230965569881075
35,"23096556988",18.0,"1",230965569881075
36,"23096556988",19.43,"1",230965569881075
37,"23096556988",28.0,"1",230965569881075
38,"23096556988",29.71,"1",230965569881075
39,"23096556988",34.29,"1",230965569881075
40,"23096556988",55.43,"1",230965569881075
41,"23096556988",85.71,"1",230965569881075
41,"23096556988",85.71,"3",230965569881076
42,"23096556988",45.71,"3",230965569881076
42,"23096556988",45.71,"4",230965569881077
43,"23096556988",29.71,"4",230965569881077
44,"23096556988",13.71,"4",230965569881077
44,"23096556988",13.71,"3",230965569881078
45,"23096556988",14.29,"3",230965569881078
46,"23096556988",6.29,"3",230965569881078
46,"23096556988",6.29,"2",230965569881079
47,"23096556988",5.86,"2",230965569881079
48,"23096556988",2.43,"2",230965569881079
48,"23096556988",2.43,"1b",230965569881080
49,"23096556988",2.57,"1b",230965569881080
50,"23096556988",2.0,"1b",230965569881080
50,"23096556988",2.0,"1",230965569881081
51,"23096556988",2.57,"1",230965569881081
52,"23096556988",5.14,"1",230965569881081
53,"23096556988",9.14,"1",230965569881081
54,"23096556988",10.43,"1",230965569881081
55,"23096556988",12.57,"1",230965569881081
56,"23096556988",18.29,"1",230965569881081
57,"23096556988",15.43,"1",230965569881081
58,"23096556988",17.71,"1",230965569881081
59,"23096556988",15.43,"1",230965569881081
60,"23096556988",30.29,"1",230965569881081
61,"23096556988",60.0,"1",230965569881081
62,"23096556988",59.43,"1",230965569881081
62,"23096556988",59.43,"1b",230965569881082
63,"23096556988",84.57,"1b",230965569881082
63,"23096556988",84.57,"2",230965569881083
64,"23096556988",91.43,"2",230965569881083
64,"23096556988",91.43,"3",230965569881084
65,"23096556988",77.71,"3",230965569881084
65,"23096556988",77.71,"4",230965569881085
66,"23096556988",52.57,"4",230965569881085
67,"23096556988",20.57,"4",230965569881085
67,"23096556988",20.57,"3",230965569881086
68,"23096556988",28.0,"3",230965569881086
68,"23096556988",28.0,"4",230965569881087
69,"23096556988",10.86,"4",230965569881087
70,"23096556988",5.71,"4",230965569881087
70,"23096556988",5.71,"3",230965569881088
71,"23096556988",3.86,"3",230965569881088
72,"23096556988",2.86,"3",230965569881088
72,"23096556988",2.86,"2",230965569881089
73,"23096556988",2.0,"2",230965569881089
74,"23096556988",1.57,"2",230965569881089
74,"23096556988",1.57,"1b",230965569881090
75,"23096556988",1.14,"1b",230965569881090
76,"23096556988",2.29,"1b",230965569881090
76,"23096556988",2.29,"1",230965569881091
77,"23096556988",4.29,"1",230965569881091
78,"23096556988",5.57,"1",230965569881091
79,"23096556988",10.0,"1",230965569881091
80,"23096556988",14.86,"1",230965569881091
81,"23096556988",27.14,"1",230965569881091
81,"23096556988",27.14,"1",230966897891091
0,"23096689789",0.0,"1",230966897891091
1,"23096689789",0.0,"1",230966897891091
2,"23096689789",0.0,"1",230966897891091
3,"23096689789",0.0,"1",230966897891091
4,"23096689789",0.0,"1",230966897891091
5,"23096689789",0.0,"1",230966897891091
6,"23096689789",1.57,"1",230966897891091
7,"23096689789",2.14,"1",230966897891091
7,"23096689789",2.14,"1b",230966897891092
8,"23096689789",6.43,"1b",230966897891092
8,"23096689789",6.43,"2",230966897891093
9,"23096689789",4.43,"2",230966897891093
9,"23096689789",4.43,"3",230966897891094
10,"23096689789",2.43,"3",230966897891094
11,"23096689789",2.43,"3",230966897891094
11,"23096689789",2.43,"2",230966897891095
12,"23096689789",1.86,"2",230966897891095
13,"23096689789",2.71,"2",230966897891095
14,"23096689789",4.14,"2",230966897891095
15,"23096689789",4.29,"2",230966897891095
16,"23096689789",4.86,"2",230966897891095
17,"23096689789",5.0,"2",230966897891095
18,"23096689789",4.43,"2",230966897891095
19,"23096689789",4.57,"2",230966897891095
20,"23096689789",6.86,"2",230966897891095
21,"23096689789",8.14,"2",230966897891095
22,"23096689789",9.86,"2",230966897891095
22,"23096689789",9.86,"3",230966897891096
23,"23096689789",9.0,"3",230966897891096
24,"23096689789",7.14,"3",230966897891096
24,"23096689789",7.14,"2",230966897891097
25,"23096689789",6.14,"2",230966897891097
26,"23096689789",4.43,"2",230966897891097
27,"23096689789",5.43,"2",230966897891097
28,"23096689789",5.29,"2",230966897891097
29,"23096689789",6.29,"2",230966897891097
29,"23096689789",6.29,"1b",230966897891098
30,"23096689789",4.14,"1b",230966897891098
31,"23096689789",4.86,"1b",230966897891098
31,"23096689789",4.86,"1",230966897891099
32,"23096689789",7.14,"1",230966897891099
33,"23096689789",12.43,"1",230966897891099
34,"23096689789",16.43,"1",230966897891099
35,"23096689789",18.29,"1",230966897891099
36,"23096689789",37.71,"1",230966897891099
37,"23096689789",52.0,"1",230966897891099
38,"23096689789",114.86,"1",230966897891099
38,"23096689789",114.86,"3",230966897891100
39,"23096689789",112.0,"3",230966897891100
39,"23096689789",112.0,"4",230966897891101
40,"23096689789",80.0,"4",230966897891101
41,"23096689789",48.0,"4",230966897891101
42,"23096689789",32.0,"4",230966897891101
43,"23096689789",17.71,"4",230966897891101
44,"23096689789",13.71,"4",230966897891101
44,"23096689789",13.71,"3",230966897891102
45,"23096689789",11.43,"3",230966897891102
46,"23096689789",6.0,"3",230966897891102
46,"23096689789",6.0,"2",230966897891103
47,"23096689789",3.29,"2",230966897891103
48,"23096689789",3.57,"2",230966897891103
48,"23096689789",3.57,"1b",230966897891104
49,"23096689789",2.86,"1b",230966897891104
50,"23096689789",9.29,"1b",230966897891104
50,"23096689789",9.29,"1",230966897891105
51,"23096689789",16.14,"1",230966897891105
52,"23096689789",18.71,"1",230966897891105
53,"23096689789",32.57,"1",230966897891105
54,"23096689789",58.86,"1",230966897891105
55,"23096689789",74.86,"1",230966897891105
55,"23096689789",74.86,"2",230966897891106
56,"23096689789",70.86,"2",230966897891106
56,"23096689789",70.86,"3",230966897891107
57,"23096689789",75.43,"3",230966897891107
57,"23096689789",75.43,"4",230966897891108
58,"23096689789",57.14,"4",230966897891108
59,"23096689789",38.86,"4",230966897891108
60,"23096689789",16.0,"4",230966897891108
61,"23096689789",7.43,"4",230966897891108
62,"23096689789",3.14,"4",230966897891108
62,"23096689789",3.14,"3",230966897891109
63,"23096689789",2.86,"3",230966897891109
64,"23096689789",1.71,"3",230966897891109
64,"23096689789",1.71,"2",230966897891110
65,"23096689789",1.86,"2",230966897891110
66,"23096689789",1.71,"2",230966897891110
66,"23096689789",1.71,"1b",230966897891111
67,"23096689789",3.0,"1b",230966897891111
68,"23096689789",4.14,"1b",230966897891111
68,"23096689789",4.14,"1",230966897891112
69,"23096689789",13.71,"1",230966897891112
70,"23096689789",22.71,"1",230966897891112
71,"23096689789",22.86,"1",230966897891112
72,"23096689789",16.57,"1",230966897891112
73,"23096689789",25.14,"1",230966897891112
74,"23096689789",33.14,"1",230966897891112
75,"23096689789",53.71,"1",230966897891112
76,"23096689789",126.29,"1",230966897891112
76,"23096689789",126.29,"3",230966897891113
77,"23096689789",134.86,"3",230966897891113
77,"23096689789",134.86,"4",230966897891114
78,"23096689789",70.86,"4",230966897891114
79,"23096689789",48.0,"4",230966897891114
80,"23096689789",16.0,"4",230966897891114
80,"23096689789",16.0,"3",230966897891115
81,"23096689789",10.29,"3",230966897891115
81,"23096689789",10.29,"1",230974096841116
0,"23097409684",0.0,"1",230974096841116
1,"23097409684",0.0,"1",230974096841116
2,"23097409684",0.0,"1",230974096841116
3,"23097409684",0.29,"1",230974096841116
3,"23097409684",0.29,"1b",230974096841117
4,"23097409684",0.14,"1b",230974096841117
5,"23097409684",0.14,"1b",230974096841117
6,"23097409684",0.0,"1b",230974096841117
6,"23097409684",0.0,"1",230974096841118
7,"23097409684",0.0,"1",230974096841118
8,"23097409684",0.29,"1",230974096841118
9,"23097409684",1.57,"1",230974096841118
9,"23097409684",1.57,"1b",230974096841119
10,"23097409684",2.86,"1b",230974096841119
10,"23097409684",2.86,"2",230974096841120
11,"23097409684",1.57,"2",230974096841120
12,"23097409684",1.0,"2",230974096841120
13,"23097409684",1.0,"2",230974096841120
14,"23097409684",1.29,"2",230974096841120
15,"23097409684",0.29,"2",230974096841120
16,"23097409684",0.29,"2",230974096841120
16,"23097409684",0.29,"1b",230974096841121
17,"23097409684",0.14,"1b",230974096841121
18,"23097409684",0.71,"1b",230974096841121
19,"23097409684",0.43,"1b",230974096841121
20,"23097409684",0.29,"1b",230974096841121
21,"23097409684",0.14,"1b",230974096841121
22,"23097409684",0.43,"1b",230974096841121
22,"23097409684",0.43,"1",230974096841122
23,"23097409684",2.29,"1",230974096841122
24,"23097409684",5.43,"1",230974096841122
24,"23097409684",5.43,"2",230974096841123
25,"23097409684",4.86,"2",230974096841123
26,"23097409684",4.71,"2",230974096841123
27,"23097409684",4.71,"2",230974096841123
28,"23097409684",6.57,"2",230974096841123
29,"23097409684",5.86,"2",230974096841123
29,"23097409684",5.86,"1b",230974096841124
30,"23097409684",3.43,"1b",230974096841124
31,"23097409684",3.86,"1b",230974096841124
31,"23097409684",3.86,"1",230974096841125
32,"23097409684",5.57,"1",230974096841125
33,"23097409684",7.14,"1",230974096841125
34,"23097409684",13.86,"1",230974096841125
35,"23097409684",19.0,"1",230974096841125
36,"23097409684",30.86,"1",230974096841125
37,"23097409684",49.71,"1",230974096841125
38,"23097409684",96.0,"1",230974096841125
38,"23097409684",96.0,"2",230974096841126
39,"23097409684",57.14,"2",230974096841126
39,"23097409684",57.14,"3",230974096841127
40,"23097409684",48.0,"3",230974096841127
40,"23097409684",48.0,"4",230974096841128
41,"23097409684",9.14,"4",230974096841128
42,"23097409684",14.29,"4",230974096841128
43,"23097409684",4.0,"4",230974096841128
43,"23097409684",4.0,"3",230974096841129
44,"23097409684",3.43,"3",230974096841129
45,"23097409684",2.43,"3",230974096841129
45,"23097409684",2.43,"2",230974096841130
46,"23097409684",4.14,"2",230974096841130
47,"23097409684",3.86,"2",230974096841130
47,"23097409684",3.86,"1b",230974096841131
48,"23097409684",3.29,"1b",230974096841131
49,"23097409684",4.86,"1b",230974096841131
49,"23097409684",4.86,"1",230974096841132
50,"23097409684",6.86,"1",230974096841132
51,"23097409684",7.71,"1",230974096841132
52,"23097409684",6.14,"1",230974096841132
53,"23097409684",7.29,"1",230974096841132
54,"23097409684",10.57,"1",230974096841132
55,"23097409684",15.86,"1",230974096841132
56,"23097409684",17.43,"1",230974096841132
57,"23097409684",20.0,"1",230974096841132
58,"23097409684",33.71,"1",230974096841132
59,"23097409684",49.14,"1",230974096841132
60,"23097409684",64.57,"1",230974096841132
60,"23097409684",64.57,"2",230974096841133
61,"23097409684",52.57,"2",230974096841133
61,"23097409684",52.57,"3",230974096841134
62,"23097409684",45.71,"3",230974096841134
62,"23097409684",45.71,"4",230974096841135
63,"23097409684",11.43,"4",230974096841135
64,"23097409684",9.14,"4",230974096841135
64,"23097409684",9.14,"3",230974096841136
65,"23097409684",4.86,"3",230974096841136
66,"23097409684",3.43,"3",230974096841136
66,"23097409684",3.43,"2",230974096841137
67,"23097409684",4.43,"2",230974096841137
68,"23097409684",4.86,"2",230974096841137
68,"23097409684",4.86,"1b",230974096841138
69,"23097409684",5.71,"1b",230974096841138
70,"23097409684",6.43,"1b",230974096841138
70,"23097409684",6.43,"1",230974096841139
71,"23097409684",13.0,"1",230974096841139
72,"23097409684",19.0,"1",230974096841139
73,"23097409684",21.14,"1",230974096841139
74,"23097409684",27.43,"1",230974096841139
75,"23097409684",54.86,"1",230974096841139
76,"23097409684",83.43,"1",230974096841139
76,"23097409684",83.43,"1b",230974096841140
77,"23097409684",102.86,"1b",230974096841140
77,"23097409684",102.86,"2",230974096841141
78,"23097409684",96.0,"2",230974096841141
78,"23097409684",96.0,"3",230974096841142
79,"23097409684",93.71,"3",230974096841142
79,"23097409684",93.71,"4",230974096841143
80,"23097409684",59.43,"4",230974096841143
81,"23097409684",41.14,"4",230974096841143
81,"23097409684",41.14,"1",230974265701144
0,"23097426570",0.0,"1",230974265701144
1,"23097426570",0.0,"1",230974265701144
2,"23097426570",0.29,"1",230974265701144
3,"23097426570",1.14,"1",230974265701144
4,"23097426570",3.43,"1",230974265701144
4,"23097426570",3.43,"1b",230974265701145
5,"23097426570",10.86,"1b",230974265701145
5,"23097426570",10.86,"2",230974265701146
6,"23097426570",14.71,"2",230974265701146
7,"23097426570",20.86,"2",230974265701146
7,"23097426570",20.86,"3",230974265701147
8,"23097426570",21.14,"3",230974265701147
9,"23097426570",26.86,"3",230974265701147
10,"23097426570",29.14,"3",230974265701147
11,"23097426570",21.71,"3",230974265701147
12,"23097426570",13.14,"3",230974265701147
13,"23097426570",16.0,"3",230974265701147
14,"23097426570",12.57,"3",230974265701147
15,"23097426570",12.57,"3",230974265701147
16,"23097426570",3.43,"3",230974265701147
17,"23097426570",4.57,"3",230974265701147
18,"23097426570",1.43,"3",230974265701147
19,"23097426570",2.14,"3",230974265701147
19,"23097426570",2.14,"2",230974265701148
20,"23097426570",1.57,"2",230974265701148
21,"23097426570",0.14,"2",230974265701148
21,"23097426570",0.14,"1b",230974265701149
22,"23097426570",0.29,"1b",230974265701149
23,"23097426570",0.0,"1b",230974265701149
23,"23097426570",0.0,"1",230974265701150
24,"23097426570",0.0,"1",230974265701150
25,"23097426570",0.0,"1",230974265701150
26,"23097426570",0.0,"1",230974265701150
27,"23097426570",0.0,"1",230974265701150
28,"23097426570",0.0,"1",230974265701150
29,"23097426570",0.29,"1",230974265701150
30,"23097426570",0.14,"1",230974265701150
31,"23097426570",0.14,"1",230974265701150
32,"23097426570",1.14,"1",230974265701150
33,"23097426570",1.14,"1",230974265701150
34,"23097426570",2.14,"1",230974265701150
35,"23097426570",4.0,"1",230974265701150
36,"23097426570",5.14,"1",230974265701150
37,"23097426570",8.0,"1",230974265701150
38,"23097426570",11.14,"1",230974265701150
39,"23097426570",11.14,"1",230974265701150
40,"23097426570",17.14,"1",230974265701150
41,"23097426570",14.29,"1",230974265701150
42,"23097426570",21.71,"1",230974265701150
43,"23097426570",32.0,"1",230974265701150
44,"23097426570",68.0,"1",230974265701150
45,"23097426570",77.14,"1",230974265701150
45,"23097426570",77.14,"1b",230974265701151
46,"23097426570",102.86,"1b",230974265701151
46,"23097426570",102.86,"2",230974265701152
47,"23097426570",112.0,"2",230974265701152
47,"23097426570",112.0,"3",230974265701153
48,"23097426570",82.29,"3",230974265701153
48,"23097426570",82.29,"4",230974265701154
49,"23097426570",41.14,"4",230974265701154
50,"23097426570",28.0,"4",230974265701154
50,"23097426570",28.0,"3",230974265701155
51,"23097426570",13.71,"3",230974265701155
51,"23097426570",13.71,"4",230974265701156
52,"23097426570",6.86,"4",230974265701156
53,"23097426570",2.29,"4",230974265701156
53,"23097426570",2.29,"3",230974265701157
54,"23097426570",0.29,"3",230974265701157
55,"23097426570",0.14,"3",230974265701157
55,"23097426570",0.14,"2",230974265701158
56,"23097426570",0.43,"2",230974265701158
57,"23097426570",0.71,"2",230974265701158
57,"23097426570",0.71,"1b",230974265701159
58,"23097426570",0.57,"1b",230974265701159
59,"23097426570",1.71,"1b",230974265701159
59,"23097426570",1.71,"1",230974265701160
60,"23097426570",4.57,"1",230974265701160
61,"23097426570",11.29,"1",230974265701160
62,"23097426570",18.57,"1",230974265701160
63,"23097426570",35.0,"1",230974265701160
64,"23097426570",56.57,"1",230974265701160
65,"23097426570",73.71,"1",230974265701160
65,"23097426570",73.71,"3",230974265701161
66,"23097426570",27.43,"3",230974265701161
67,"23097426570",16.0,"3",230974265701161
67,"23097426570",16.0,"2",230974265701162
68,"23097426570",21.71,"2",230974265701162
69,"23097426570",9.14,"2",230974265701162
69,"23097426570",9.14,"1b",230974265701163
70,"23097426570",5.71,"1b",230974265701163
71,"23097426570",5.71,"1b",230974265701163
71,"23097426570",5.71,"1",230974265701164
72,"23097426570",7.43,"1",230974265701164
73,"23097426570",18.0,"1",230974265701164
74,"23097426570",16.57,"1",230974265701164
75,"23097426570",23.43,"1",230974265701164
76,"23097426570",36.57,"1",230974265701164
77,"23097426570",60.57,"1",230974265701164
78,"23097426570",92.57,"1",230974265701164
78,"23097426570",92.57,"1b",230974265701165
79,"23097426570",114.29,"1b",230974265701165
79,"23097426570",114.29,"2",230974265701166
80,"23097426570",146.29,"2",230974265701166
80,"23097426570",146.29,"3",230974265701167
81,"23097426570",100.57,"1",230976731168
81,"23097426570",100.57,"3",230974265701167
0,"23097673",0.0,"1",230976731168
1,"23097673",0.0,"1",230976731168
2,"23097673",0.0,"1",230976731168
3,"23097673",0.0,"1",230976731168
4,"23097673",0.86,"1",230976731168
5,"23097673",5.71,"1",230976731168
5,"23097673",5.71,"1b",230976731169
6,"23097673",10.43,"1b",230976731169
6,"23097673",10.43,"2",230976731170
7,"23097673",16.0,"2",230976731170
7,"23097673",16.0,"3",230976731171
8,"23097673",13.71,"3",230976731171
9,"23097673",18.29,"3",230976731171
10,"23097673",19.43,"3",230976731171
10,"23097673",19.43,"2",230976731172
11,"23097673",34.29,"2",230976731172
11,"23097673",34.29,"3",230976731173
12,"23097673",44.0,"3",230976731173
13,"23097673",58.86,"3",230976731173
14,"23097673",59.43,"3",230976731173
14,"23097673",59.43,"4",230976731174
15,"23097673",22.86,"4",230976731174
16,"23097673",16.0,"4",230976731174
16,"23097673",16.0,"3",230976731175
17,"23097673",25.14,"3",230976731175
17,"23097673",25.14,"4",230976731176
18,"23097673",18.29,"4",230976731176
19,"23097673",8.57,"4",230976731176
19,"23097673",8.57,"3",230976731177
20,"23097673",5.71,"3",230976731177
21,"23097673",9.57,"3",230976731177
22,"23097673",2.71,"3",230976731177
22,"23097673",2.71,"2",230976731178
23,"23097673",2.86,"2",230976731178
24,"23097673",1.86,"2",230976731178
24,"23097673",1.86,"1b",230976731179
25,"23097673",1.86,"1b",230976731179
25,"23097673",1.86,"2",230976731180
26,"23097673",1.14,"2",230976731180
27,"23097673",1.29,"2",230976731180
28,"23097673",5.57,"2",230976731180
29,"23097673",5.57,"2",230976731180
29,"23097673",5.57,"1b",230976731181
30,"23097673",6.29,"1b",230976731181
31,"23097673",9.57,"1b",230976731181
31,"23097673",9.57,"1",230976731182
32,"23097673",15.0,"1",230976731182
33,"23097673",18.0,"1",230976731182
34,"23097673",24.57,"1",230976731182
35,"23097673",48.0,"1",230976731182
36,"23097673",85.71,"1",230976731182
36,"23097673",85.71,"1b",230976731183
37,"23097673",128.0,"1b",230976731183
38,"23097673",205.71,"1b",230976731183
38,"23097673",205.71,"2",230976731184
39,"23097673",363.43,"2",230976731184
39,"23097673",363.43,"4",230976731185
40,"23097673",219.43,"4",230976731185
41,"23097673",155.43,"4",230976731185
42,"23097673",66.29,"4",230976731185
43,"23097673",32.0,"4",230976731185
44,"23097673",24.0,"4",230976731185
44,"23097673",24.0,"3",230976731186
45,"23097673",11.43,"3",230976731186
46,"23097673",3.43,"3",230976731186
46,"23097673",3.43,"2",230976731187
47,"23097673",3.71,"2",230976731187
48,"23097673",1.57,"2",230976731187
48,"23097673",1.57,"1b",230976731188
49,"23097673",1.71,"1b",230976731188
50,"23097673",3.57,"1b",230976731188
50,"23097673",3.57,"1",230976731189
51,"23097673",3.71,"1",230976731189
52,"23097673",3.86,"1",230976731189
53,"23097673",15.14,"1",230976731189
54,"23097673",29.29,"1",230976731189
55,"23097673",36.57,"1",230976731189
56,"23097673",96.0,"1",230976731189
56,"23097673",96.0,"1b",230976731190
57,"23097673",214.86,"1b",230976731190
57,"23097673",214.86,"2",230976731191
58,"23097673",226.29,"2",230976731191
58,"23097673",226.29,"3",230976731192
59,"23097673",144.0,"3",230976731192
59,"23097673",144.0,"4",230976731193
60,"23097673",36.57,"4",230976731193
61,"23097673",36.57,"4",230976731193
62,"23097673",17.71,"4",230976731193
63,"23097673",8.57,"4",230976731193
63,"23097673",8.57,"3",230976731194
64,"23097673",5.43,"3",230976731194
65,"23097673",2.0,"3",230976731194
65,"23097673",2.0,"2",230976731195
66,"23097673",1.29,"2",230976731195
67,"23097673",1.43,"2",230976731195
67,"23097673",1.43,"1b",230976731196
68,"23097673",0.14,"1b",230976731196
69,"23097673",0.14,"1b",230976731196
69,"23097673",0.14,"1",230976731197
70,"23097673",0.0,"1",230976731197
71,"23097673",0.0,"1",230976731197
72,"23097673",0.0,"1",230976731197
73,"23097673",0.57,"1",230976731197
74,"23097673",2.86,"1",230976731197
75,"23097673",10.43,"1",230976731197
76,"23097673",22.86,"1",230976731197
77,"23097673",60.0,"1",230976731197
78,"23097673",77.14,"1",230976731197
78,"23097673",77.14,"3",230976731198
79,"23097673",73.14,"3",230976731198
80,"23097673",61.71,"3",230976731198
80,"23097673",61.71,"4",230976731199
81,"23097673",64.0,"4",230976731199
81,"23097673",64.0,"1",230978736571200
0,"23097873657",0.0,"1",230978736571200
1,"23097873657",0.0,"1",230978736571200
2,"23097873657",0.0,"1",230978736571200
3,"23097873657",0.0,"1",230978736571200
4,"23097873657",0.0,"1",230978736571200
5,"23097873657",0.0,"1",230978736571200
6,"23097873657",0.0,"1",230978736571200
7,"23097873657",0.0,"1",230978736571200
8,"23097873657",0.0,"1",230978736571200
9,"23097873657",0.0,"1",230978736571200
10,"23097873657",0.0,"1",230978736571200
11,"23097873657",0.0,"1",230978736571200
12,"23097873657",0.0,"1",230978736571200
13,"23097873657",0.0,"1",230978736571200
14,"23097873657",0.0,"1",230978736571200
15,"23097873657",0.0,"1",230978736571200
16,"23097873657",0.29,"1",230978736571200
16,"23097873657",0.29,"1b",230978736571201
17,"23097873657",0.0,"1b",230978736571201
18,"23097873657",1.57,"1b",230978736571201
19,"23097873657",2.43,"1b",230978736571201
19,"23097873657",2.43,"1",230978736571202
20,"23097873657",6.29,"1",230978736571202
20,"23097873657",6.29,"2",230978736571203
21,"23097873657",6.0,"2",230978736571203
22,"23097873657",7.57,"2",230978736571203
23,"23097873657",7.0,"2",230978736571203
23,"23097873657",7.0,"3",230978736571204
24,"23097873657",7.57,"3",230978736571204
25,"23097873657",6.43,"3",230978736571204
25,"23097873657",6.43,"2",230978736571205
26,"23097873657",4.86,"2",230978736571205
27,"23097873657",6.57,"2",230978736571205
28,"23097873657",5.86,"2",230978736571205
29,"23097873657",8.0,"2",230978736571205
29,"23097873657",8.0,"1b",230978736571206
30,"23097873657",8.71,"1b",230978736571206
31,"23097873657",9.71,"1b",230978736571206
31,"23097873657",9.71,"1",230978736571207
32,"23097873657",15.71,"1",230978736571207
33,"23097873657",11.43,"1",230978736571207
34,"23097873657",24.57,"1",230978736571207
35,"23097873657",23.43,"1",230978736571207
36,"23097873657",44.0,"1",230978736571207
37,"23097873657",46.29,"1",230978736571207
38,"23097873657",56.0,"1",230978736571207
38,"23097873657",56.0,"2",230978736571208
39,"23097873657",52.57,"2",230978736571208
39,"23097873657",52.57,"3",230978736571209
40,"23097873657",41.14,"3",230978736571209
40,"23097873657",41.14,"2",230978736571210
41,"23097873657",22.86,"2",230978736571210
42,"23097873657",29.71,"2",230978736571210
42,"23097873657",29.71,"1b",230978736571211
43,"23097873657",54.86,"1b",230978736571211
43,"23097873657",54.86,"2",230978736571212
44,"23097873657",22.86,"2",230978736571212
45,"23097873657",29.71,"2",230978736571212
45,"23097873657",29.71,"1b",230978736571213
46,"23097873657",45.71,"1b",230978736571213
47,"23097873657",43.43,"1b",230978736571213
47,"23097873657",43.43,"1",230978736571214
48,"23097873657",73.14,"1",230978736571214
49,"23097873657",102.86,"1",230978736571214
49,"23097873657",102.86,"1b",230978736571215
50,"23097873657",240.0,"1b",230978736571215
50,"23097873657",240.0,"2",230978736571216
51,"23097873657",272.0,"2",230978736571216
51,"23097873657",272.0,"4",230978736571217
52,"23097873657",118.86,"4",230978736571217
53,"23097873657",91.43,"4",230978736571217
53,"23097873657",91.43,"3",230978736571218
54,"23097873657",68.57,"3",230978736571218
54,"23097873657",68.57,"4",230978736571219
55,"23097873657",50.29,"4",230978736571219
56,"23097873657",25.14,"4",230978736571219
57,"23097873657",17.14,"4",230978736571219
57,"23097873657",17.14,"3",230978736571220
58,"23097873657",13.14,"3",230978736571220
59,"23097873657",9.71,"3",230978736571220
59,"23097873657",9.71,"2",230978736571221
60,"23097873657",4.57,"2",230978736571221
61,"23097873657",4.43,"2",230978736571221
61,"23097873657",4.43,"1b",230978736571222
62,"23097873657",4.29,"1b",230978736571222
63,"23097873657",5.43,"1b",230978736571222
63,"23097873657",5.43,"1",230978736571223
64,"23097873657",12.29,"1",230978736571223
65,"23097873657",20.71,"1",230978736571223
66,"23097873657",24.57,"1",230978736571223
67,"23097873657",51.43,"1",230978736571223
68,"23097873657",88.0,"1",230978736571223
68,"23097873657",88.0,"1b",230978736571224
69,"23097873657",80.0,"1b",230978736571224
70,"23097873657",246.86,"1b",230978736571224
70,"23097873657",246.86,"2",230978736571225
71,"23097873657",292.57,"2",230978736571225
71,"23097873657",292.57,"4",230978736571226
72,"23097873657",146.29,"4",230978736571226
73,"23097873657",100.57,"4",230978736571226
74,"23097873657",43.43,"4",230978736571226
75,"23097873657",27.43,"4",230978736571226
76,"23097873657",9.14,"4",230978736571226
76,"23097873657",9.14,"3",230978736571227
77,"23097873657",5.14,"3",230978736571227
78,"23097873657",4.86,"3",230978736571227
78,"23097873657",4.86,"2",230978736571228
79,"23097873657",2.57,"2",230978736571228
80,"23097873657",3.14,"2",230978736571228
80,"23097873657",3.14,"1b",230978736571229
81,"23097873657",3.43,"1b",230978736571229
81,"23097873657",3.43,"1",230982118621230
0,"23098211862",0.0,"1",230982118621230
1,"23098211862",0.29,"1",230982118621230
2,"23098211862",1.14,"1",230982118621230
2,"23098211862",1.14,"1b",230982118621231
3,"23098211862",7.43,"1b",230982118621231
3,"23098211862",7.43,"2",230982118621232
4,"23098211862",9.86,"2",230982118621232
4,"23098211862",9.86,"3",230982118621233
5,"23098211862",16.0,"3",230982118621233
6,"23098211862",10.71,"3",230982118621233
7,"23098211862",6.29,"3",230982118621233
7,"23098211862",6.29,"2",230982118621234
8,"23098211862",14.29,"2",230982118621234
8,"23098211862",14.29,"3",230982118621235
9,"23098211862",11.43,"3",230982118621235
10,"23098211862",13.71,"3",230982118621235
11,"23098211862",13.71,"3",230982118621235
12,"23098211862",15.43,"3",230982118621235
12,"23098211862",15.43,"2",230982118621236
13,"23098211862",22.86,"2",230982118621236
13,"23098211862",22.86,"3",230982118621237
14,"23098211862",24.57,"3",230982118621237
15,"23098211862",26.86,"3",230982118621237
16,"23098211862",20.57,"3",230982118621237
17,"23098211862",17.71,"3",230982118621237
18,"23098211862",17.14,"3",230982118621237
18,"23098211862",17.14,"2",230982118621238
19,"23098211862",12.0,"2",230982118621238
20,"23098211862",14.86,"2",230982118621238
21,"23098211862",16.57,"2",230982118621238
22,"23098211862",23.43,"2",230982118621238
23,"23098211862",27.43,"2",230982118621238
23,"23098211862",27.43,"3",230982118621239
24,"23098211862",28.0,"3",230982118621239
25,"23098211862",26.86,"3",230982118621239
26,"23098211862",18.29,"3",230982118621239
27,"23098211862",18.86,"3",230982118621239
28,"23098211862",10.86,"3",230982118621239
29,"23098211862",12.57,"3",230982118621239
29,"23098211862",12.57,"2",230982118621240
30,"23098211862",8.29,"2",230982118621240
31,"23098211862",4.71,"2",230982118621240
31,"23098211862",4.71,"1b",230982118621241
32,"23098211862",4.86,"1b",230982118621241
33,"23098211862",4.57,"1b",230982118621241
33,"23098211862",4.57,"1",230982118621242
34,"23098211862",8.71,"1",230982118621242
35,"23098211862",13.14,"1",230982118621242
36,"23098211862",16.43,"1",230982118621242
37,"23098211862",7.43,"1",230982118621242
38,"23098211862",6.86,"1",230982118621242
39,"23098211862",22.86,"1",230982118621242
40,"23098211862",28.57,"1",230982118621242
41,"23098211862",47.43,"1",230982118621242
42,"23098211862",68.57,"1",230982118621242
42,"23098211862",68.57,"1b",230982118621243
43,"23098211862",93.71,"1b",230982118621243
44,"23098211862",98.29,"1b",230982118621243
45,"23098211862",144.0,"1b",230982118621243
45,"23098211862",144.0,"3",230982118621244
46,"23098211862",86.86,"3",230982118621244
46,"23098211862",86.86,"4",230982118621245
47,"23098211862",43.43,"4",230982118621245
48,"23098211862",22.86,"4",230982118621245
49,"23098211862",16.57,"4",230982118621245
49,"23098211862",16.57,"3",230982118621246
50,"23098211862",7.43,"3",230982118621246
51,"23098211862",2.14,"3",230982118621246
51,"23098211862",2.14,"2",230982118621247
52,"23098211862",0.43,"2",230982118621247
53,"23098211862",1.71,"2",230982118621247
53,"23098211862",1.71,"1b",230982118621248
54,"23098211862",0.57,"1b",230982118621248
55,"23098211862",1.14,"1b",230982118621248
55,"23098211862",1.14,"1",230982118621249
56,"23098211862",2.71,"1",230982118621249
57,"23098211862",5.57,"1",230982118621249
58,"23098211862",8.43,"1",230982118621249
59,"23098211862",14.29,"1",230982118621249
60,"23098211862",18.43,"1",230982118621249
61,"23098211862",21.14,"1",230982118621249
62,"23098211862",33.71,"1",230982118621249
63,"23098211862",43.43,"1",230982118621249
64,"23098211862",87.43,"1",230982118621249
64,"23098211862",87.43,"2",230982118621250
65,"23098211862",148.57,"2",230982118621250
65,"23098211862",148.57,"3",230982118621251
66,"23098211862",102.86,"3",230982118621251
66,"23098211862",102.86,"4",230982118621252
67,"23098211862",45.71,"4",230982118621252
68,"23098211862",45.71,"4",230982118621252
69,"23098211862",12.57,"4",230982118621252
70,"23098211862",5.14,"4",230982118621252
70,"23098211862",5.14,"3",230982118621253
71,"23098211862",4.29,"3",230982118621253
72,"23098211862",1.86,"3",230982118621253
72,"23098211862",1.86,"2",230982118621254
73,"23098211862",1.0,"2",230982118621254
74,"23098211862",2.14,"2",230982118621254
74,"23098211862",2.14,"1b",230982118621255
75,"23098211862",1.86,"1b",230982118621255
76,"23098211862",1.71,"1b",230982118621255
76,"23098211862",1.71,"1",230982118621256
77,"23098211862",1.57,"1",230982118621256
78,"23098211862",2.29,"1",230982118621256
79,"23098211862",2.71,"1",230982118621256
80,"23098211862",5.43,"1",230982118621256
81,"23098211862",7.71,"1",230982118621256
81,"23098211862",7.71,"1",230991108791256
0,"23099110879",0.0,"1",230991108791256
1,"23099110879",0.0,"1",230991108791256
2,"23099110879",0.29,"1",230991108791256
3,"23099110879",2.71,"1",230991108791256
3,"23099110879",2.71,"1b",230991108791257
4,"23099110879",8.57,"1b",230991108791257
4,"23099110879",8.57,"3",230991108791258
5,"23099110879",6.43,"3",230991108791258
6,"23099110879",7.14,"3",230991108791258
6,"23099110879",7.14,"2",230991108791259
7,"23099110879",7.43,"2",230991108791259
8,"23099110879",8.71,"2",230991108791259
9,"23099110879",8.29,"2",230991108791259
9,"23099110879",8.29,"3",230991108791260
10,"23099110879",6.86,"3",230991108791260
11,"23099110879",9.43,"3",230991108791260
11,"23099110879",9.43,"2",230991108791261
12,"23099110879",10.14,"2",230991108791261
13,"23099110879",12.14,"2",230991108791261
14,"23099110879",11.86,"2",230991108791261
14,"23099110879",11.86,"3",230991108791262
15,"23099110879",14.0,"3",230991108791262
16,"23099110879",8.57,"3",230991108791262
16,"23099110879",8.57,"2",230991108791263
17,"23099110879",8.57,"2",230991108791263
18,"23099110879",14.86,"2",230991108791263
19,"23099110879",20.0,"2",230991108791263
20,"23099110879",25.71,"2",230991108791263
21,"23099110879",37.14,"2",230991108791263
21,"23099110879",37.14,"3",230991108791264
22,"23099110879",26.29,"3",230991108791264
23,"23099110879",20.57,"3",230991108791264
24,"23099110879",15.43,"3",230991108791264
24,"23099110879",15.43,"2",230991108791265
25,"23099110879",18.86,"2",230991108791265
26,"23099110879",22.29,"2",230991108791265
26,"23099110879",22.29,"3",230991108791266
27,"23099110879",22.86,"3",230991108791266
28,"23099110879",22.29,"3",230991108791266
29,"23099110879",20.57,"3",230991108791266
29,"23099110879",20.57,"2",230991108791267
30,"23099110879",17.71,"2",230991108791267
31,"23099110879",16.0,"2",230991108791267
31,"23099110879",16.0,"1b",230991108791268
32,"23099110879",25.71,"1b",230991108791268
33,"23099110879",18.29,"1b",230991108791268
33,"23099110879",18.29,"1",230991108791269
34,"23099110879",29.71,"1",230991108791269
35,"23099110879",53.14,"1",230991108791269
36,"23099110879",80.0,"1",230991108791269
36,"23099110879",80.0,"1b",230991108791270
37,"23099110879",123.43,"1b",230991108791270
37,"23099110879",123.43,"3",230991108791271
38,"23099110879",112.0,"3",230991108791271
38,"23099110879",112.0,"4",230991108791272
39,"23099110879",89.14,"4",230991108791272
40,"23099110879",64.0,"4",230991108791272
41,"23099110879",20.57,"4",230991108791272
41,"23099110879",20.57,"3",230991108791273
42,"23099110879",18.29,"3",230991108791273
42,"23099110879",18.29,"4",230991108791274
43,"23099110879",9.14,"4",230991108791274
44,"23099110879",5.86,"4",230991108791274
44,"23099110879",5.86,"3",230991108791275
45,"23099110879",3.43,"3",230991108791275
46,"23099110879",1.86,"3",230991108791275
46,"23099110879",1.86,"2",230991108791276
47,"23099110879",0.57,"2",230991108791276
48,"23099110879",0.29,"2",230991108791276
48,"23099110879",0.29,"1b",230991108791277
49,"23099110879",1.29,"1b",230991108791277
50,"23099110879",0.43,"1b",230991108791277
50,"23099110879",0.43,"1",230991108791278
51,"23099110879",0.14,"1",230991108791278
52,"23099110879",1.0,"1",230991108791278
53,"23099110879",3.43,"1",230991108791278
54,"23099110879",4.86,"1",230991108791278
55,"23099110879",6.29,"1",230991108791278
56,"23099110879",6.71,"1",230991108791278
57,"23099110879",11.29,"1",230991108791278
58,"23099110879",13.43,"1",230991108791278
59,"23099110879",24.57,"1",230991108791278
60,"23099110879",43.43,"1",230991108791278
61,"23099110879",75.43,"1",230991108791278
61,"23099110879",75.43,"1b",230991108791279
62,"23099110879",68.57,"1b",230991108791279
63,"23099110879",118.86,"1b",230991108791279
64,"23099110879",141.71,"1b",230991108791279
64,"23099110879",141.71,"2",230991108791280
65,"23099110879",185.14,"2",230991108791280
65,"23099110879",185.14,"3",230991108791281
66,"23099110879",146.29,"3",230991108791281
66,"23099110879",146.29,"4",230991108791282
67,"23099110879",32.0,"4",230991108791282
68,"23099110879",45.71,"4",230991108791282
69,"23099110879",21.14,"4",230991108791282
70,"23099110879",10.29,"4",230991108791282
70,"23099110879",10.29,"3",230991108791283
71,"23099110879",6.86,"3",230991108791283
72,"23099110879",3.29,"3",230991108791283
72,"23099110879",3.29,"2",230991108791284
73,"23099110879",2.71,"2",230991108791284
74,"23099110879",3.57,"2",230991108791284
74,"23099110879",3.57,"1b",230991108791285
75,"23099110879",4.14,"1b",230991108791285
76,"23099110879",4.0,"1b",230991108791285
76,"23099110879",4.0,"1",230991108791286
77,"23099110879",6.57,"1",230991108791286
78,"23099110879",9.14,"1",230991108791286
79,"23099110879",16.14,"1",230991108791286
80,"23099110879",18.14,"1",230991108791286
81,"23099110879",16.0,"1",230991108791286
81,"23099110879",16.0,"1",230996975151286
0,"23099697515",0.0,"1",230996975151286
1,"23099697515",0.0,"1",230996975151286
2,"23099697515",0.0,"1",230996975151286
3,"23099697515",1.0,"1",230996975151286
3,"23099697515",1.0,"1b",230996975151287
4,"23099697515",1.86,"1b",230996975151287
4,"23099697515",1.86,"2",230996975151288
5,"23099697515",2.14,"2",230996975151288
6,"23099697515",1.0,"2",230996975151288
6,"23099697515",1.0,"1b",230996975151289
7,"23099697515",0.86,"1b",230996975151289
8,"23099697515",2.43,"1b",230996975151289
9,"23099697515",6.0,"1b",230996975151289
9,"23099697515",6.0,"2",230996975151290
10,"23099697515",6.0,"2",230996975151290
11,"23099697515",9.71,"2",230996975151290
12,"23099697515",13.57,"2",230996975151290
13,"23099697515",17.14,"2",230996975151290
13,"23099697515",17.14,"3",230996975151291
14,"23099697515",10.29,"3",230996975151291
15,"23099697515",5.14,"3",230996975151291
15,"23099697515",5.14,"2",230996975151292
16,"23099697515",5.14,"2",230996975151292
16,"23099697515",5.14,"3",230996975151293
17,"23099697515",2.86,"3",230996975151293
18,"23099697515",1.71,"3",230996975151293
18,"23099697515",1.71,"2",230996975151294
19,"23099697515",1.14,"2",230996975151294
20,"23099697515",1.43,"2",230996975151294
21,"23099697515",0.71,"2",230996975151294
21,"23099697515",0.71,"1b",230996975151295
22,"23099697515",1.29,"1b",230996975151295
23,"23099697515",1.29,"1b",230996975151295
23,"23099697515",1.29,"2",230996975151296
24,"23099697515",0.14,"2",230996975151296
25,"23099697515",1.14,"2",230996975151296
25,"23099697515",1.14,"1b",230996975151297
26,"23099697515",1.29,"1b",230996975151297
26,"23099697515",1.29,"2",230996975151298
27,"23099697515",0.86,"2",230996975151298
28,"23099697515",0.57,"2",230996975151298
28,"23099697515",0.57,"1b",230996975151299
29,"23099697515",0.0,"1b",230996975151299
30,"23099697515",0.29,"1b",230996975151299
30,"23099697515",0.29,"1",230996975151300
31,"23099697515",0.14,"1",230996975151300
32,"23099697515",0.14,"1",230996975151300
33,"23099697515",0.71,"1",230996975151300
34,"23099697515",3.71,"1",230996975151300
35,"23099697515",9.0,"1",230996975151300
36,"23099697515",16.0,"1",230996975151300
37,"23099697515",24.14,"1",230996975151300
38,"23099697515",27.43,"1",230996975151300
39,"23099697515",34.86,"1",230996975151300
40,"23099697515",42.29,"1",230996975151300
41,"23099697515",68.0,"1",230996975151300
41,"23099697515",68.0,"1b",230996975151301
42,"23099697515",93.71,"1b",230996975151301
43,"23099697515",107.43,"1b",230996975151301
43,"23099697515",107.43,"2",230996975151302
44,"23099697515",125.71,"2",230996975151302
44,"23099697515",125.71,"3",230996975151303
45,"23099697515",80.0,"3",230996975151303
45,"23099697515",80.0,"4",230996975151304
46,"23099697515",59.43,"4",230996975151304
47,"23099697515",45.71,"4",230996975151304
48,"23099697515",16.0,"4",230996975151304
49,"23099697515",3.43,"4",230996975151304
49,"23099697515",3.43,"3",230996975151305
50,"23099697515",4.29,"3",230996975151305
51,"23099697515",2.57,"3",230996975151305
51,"23099697515",2.57,"2",230996975151306
52,"23099697515",0.86,"2",230996975151306
53,"23099697515",0.57,"2",230996975151306
53,"23099697515",0.57,"1b",230996975151307
54,"23099697515",2.57,"1b",230996975151307
55,"23099697515",3.14,"1b",230996975151307
55,"23099697515",3.14,"1",230996975151308
56,"23099697515",5.29,"1",230996975151308
57,"23099697515",7.57,"1",230996975151308
58,"23099697515",16.29,"1",230996975151308
59,"23099697515",20.86,"1",230996975151308
60,"23099697515",33.71,"1",230996975151308
61,"23099697515",42.29,"1",230996975151308
62,"23099697515",41.14,"1",230996975151308
63,"23099697515",62.29,"1",230996975151308
63,"23099697515",62.29,"1b",230996975151309
64,"23099697515",112.0,"1b",230996975151309
65,"23099697515",105.14,"1b",230996975151309
65,"23099697515",105.14,"3",230996975151310
66,"23099697515",118.86,"3",230996975151310
66,"23099697515",118.86,"4",230996975151311
67,"23099697515",86.86,"4",230996975151311
68,"23099697515",52.57,"4",230996975151311
69,"23099697515",20.57,"4",230996975151311
69,"23099697515",20.57,"3",230996975151312
70,"23099697515",13.71,"3",230996975151312
70,"23099697515",13.71,"4",230996975151313
71,"23099697515",6.29,"4",230996975151313
72,"23099697515",2.71,"4",230996975151313
72,"23099697515",2.71,"3",230996975151314
73,"23099697515",1.29,"3",230996975151314
74,"23099697515",1.29,"3",230996975151314
74,"23099697515",1.29,"2",230996975151315
75,"23099697515",0.57,"2",230996975151315
76,"23099697515",1.0,"2",230996975151315
76,"23099697515",1.0,"1b",230996975151316
77,"23099697515",1.14,"1b",230996975151316
78,"23099697515",0.71,"1b",230996975151316
78,"23099697515",0.71,"1",230996975151317
79,"23099697515",1.57,"1",230996975151317
80,"23099697515",0.29,"1",230996975151317
81,"23099697515",0.14,"1",230996975151317
81,"23099697515",0.14,"1",230997436491317
0,"23099743649",0.0,"1",230997436491317
1,"23099743649",0.0,"1",230997436491317
2,"23099743649",0.0,"1",230997436491317
3,"23099743649",0.14,"1",230997436491317
4,"23099743649",0.57,"1",230997436491317
4,"23099743649",0.57,"1b",230997436491318
5,"23099743649",1.43,"1b",230997436491318
5,"23099743649",1.43,"2",230997436491319
6,"23099743649",1.14,"2",230997436491319
7,"23099743649",0.14,"2",230997436491319
7,"23099743649",0.14,"1b",230997436491320
8,"23099743649",0.29,"1b",230997436491320
9,"23099743649",0.0,"1b",230997436491320
9,"23099743649",0.0,"1",230997436491321
10,"23099743649",0.0,"1",230997436491321
11,"23099743649",0.0,"1",230997436491321
12,"23099743649",0.0,"1",230997436491321
13,"23099743649",0.0,"1",230997436491321
14,"23099743649",0.0,"1",230997436491321
15,"23099743649",0.0,"1",230997436491321
16,"23099743649",0.0,"1",230997436491321
17,"23099743649",0.0,"1",230997436491321
18,"23099743649",0.0,"1",230997436491321
19,"23099743649",0.0,"1",230997436491321
20,"23099743649",0.43,"1",230997436491321
20,"23099743649",0.43,"1b",230997436491322
21,"23099743649",1.0,"1b",230997436491322
22,"23099743649",1.14,"1b",230997436491322
22,"23099743649",1.14,"2",230997436491323
23,"23099743649",0.71,"2",230997436491323
24,"23099743649",0.29,"2",230997436491323
24,"23099743649",0.29,"1b",230997436491324
25,"23099743649",0.0,"1b",230997436491324
26,"23099743649",0.0,"1b",230997436491324
26,"23099743649",0.0,"1",230997436491325
27,"23099743649",0.0,"1",230997436491325
28,"23099743649",0.0,"1",230997436491325
29,"23099743649",0.0,"1",230997436491325
30,"23099743649",0.0,"1",230997436491325
31,"23099743649",0.0,"1",230997436491325
32,"23099743649",0.71,"1",230997436491325
33,"23099743649",2.29,"1",230997436491325
34,"23099743649",5.14,"1",230997436491325
35,"23099743649",10.71,"1",230997436491325
36,"23099743649",18.71,"1",230997436491325
37,"23099743649",16.0,"1",230997436491325
38,"23099743649",20.0,"1",230997436491325
39,"23099743649",25.14,"1",230997436491325
40,"23099743649",57.71,"1",230997436491325
41,"23099743649",72.57,"1",230997436491325
41,"23099743649",72.57,"3",230997436491326
42,"23099743649",43.43,"3",230997436491326
43,"23099743649",43.43,"3",230997436491326
43,"23099743649",43.43,"4",230997436491327
44,"23099743649",18.29,"4",230997436491327
45,"23099743649",10.29,"4",230997436491327
46,"23099743649",4.14,"4",230997436491327
46,"23099743649",4.14,"3",230997436491328
47,"23099743649",3.0,"3",230997436491328
48,"23099743649",0.86,"3",230997436491328
48,"23099743649",0.86,"2",230997436491329
49,"23099743649",2.14,"2",230997436491329
50,"23099743649",4.57,"2",230997436491329
50,"23099743649",4.57,"1b",230997436491330
51,"23099743649",9.43,"1b",230997436491330
52,"23099743649",13.0,"1b",230997436491330
52,"23099743649",13.0,"1",230997436491331
53,"23099743649",22.14,"1",230997436491331
54,"23099743649",28.0,"1",230997436491331
55,"23099743649",46.29,"1",230997436491331
56,"23099743649",105.14,"1",230997436491331
56,"23099743649",105.14,"1b",230997436491332
57,"23099743649",169.14,"1b",230997436491332
57,"23099743649",169.14,"3",230997436491333
58,"23099743649",134.86,"3",230997436491333
58,"23099743649",134.86,"4",230997436491334
59,"23099743649",102.86,"4",230997436491334
60,"23099743649",89.14,"4",230997436491334
61,"23099743649",36.57,"4",230997436491334
62,"23099743649",18.29,"4",230997436491334
63,"23099743649",10.29,"4",230997436491334
63,"23099743649",10.29,"3",230997436491335
64,"23099743649",3.71,"3",230997436491335
65,"23099743649",2.57,"3",230997436491335
65,"23099743649",2.57,"2",230997436491336
66,"23099743649",1.14,"2",230997436491336
67,"23099743649",1.0,"2",230997436491336
67,"23099743649",1.0,"1b",230997436491337
68,"23099743649",1.0,"1b",230997436491337
69,"23099743649",1.0,"1b",230997436491337
69,"23099743649",1.0,"1",230997436491338
70,"23099743649",2.86,"1",230997436491338
71,"23099743649",1.71,"1",230997436491338
72,"23099743649",4.0,"1",230997436491338
73,"23099743649",5.0,"1",230997436491338
74,"23099743649",10.0,"1",230997436491338
75,"23099743649",14.43,"1",230997436491338
76,"23099743649",25.71,"1",230997436491338
77,"23099743649",36.57,"1",230997436491338
78,"23099743649",36.0,"1",230997436491338
79,"23099743649",46.86,"1",230997436491338
80,"23099743649",55.43,"1",230997436491338
80,"23099743649",55.43,"1b",230997436491339
81,"23099743649",60.0,"1b",230997436491339
81,"23099743649",60.0,"1",230999957371340
0,"23099995737",0.0,"1",230999957371340
1,"23099995737",0.0,"1",230999957371340
2,"23099995737",0.0,"1",230999957371340
3,"23099995737",0.0,"1",230999957371340
4,"23099995737",0.14,"1",230999957371340
5,"23099995737",0.71,"1",230999957371340
6,"23099995737",1.86,"1",230999957371340
7,"23099995737",5.29,"1",230999957371340
7,"23099995737",5.29,"1b",230999957371341
8,"23099995737",12.71,"1b",230999957371341
8,"23099995737",12.71,"2",230999957371342
9,"23099995737",18.86,"2",230999957371342
9,"23099995737",18.86,"3",230999957371343
10,"23099995737",15.43,"3",230999957371343
11,"23099995737",18.86,"3",230999957371343
12,"23099995737",20.0,"3",230999957371343
12,"23099995737",20.0,"2",230999957371344
13,"23099995737",37.71,"2",230999957371344
13,"23099995737",37.71,"3",230999957371345
14,"23099995737",25.71,"3",230999957371345
15,"23099995737",23.43,"3",230999957371345
16,"23099995737",30.29,"3",230999957371345
17,"23099995737",32.57,"3",230999957371345
18,"23099995737",26.86,"3",230999957371345
19,"23099995737",33.71,"3",230999957371345
20,"23099995737",27.43,"3",230999957371345
21,"23099995737",26.29,"3",230999957371345
22,"23099995737",24.57,"3",230999957371345
22,"23099995737",24.57,"4",230999957371346
23,"23099995737",16.57,"4",230999957371346
24,"23099995737",12.0,"4",230999957371346
24,"23099995737",12.0,"3",230999957371347
25,"23099995737",6.86,"3",230999957371347
26,"23099995737",4.57,"3",230999957371347
27,"23099995737",3.0,"3",230999957371347
27,"23099995737",3.0,"2",230999957371348
28,"23099995737",3.0,"2",230999957371348
29,"23099995737",3.43,"2",230999957371348
29,"23099995737",3.43,"1b",230999957371349
30,"23099995737",5.71,"1b",230999957371349
31,"23099995737",9.29,"1b",230999957371349
31,"23099995737",9.29,"1",230999957371350
32,"23099995737",17.43,"1",230999957371350
33,"23099995737",13.43,"1",230999957371350
34,"23099995737",40.0,"1",230999957371350
35,"23099995737",69.14,"1",230999957371350
36,"23099995737",167.43,"1",230999957371350
36,"23099995737",167.43,"2",230999957371351
37,"23099995737",205.71,"2",230999957371351
37,"23099995737",205.71,"4",230999957371352
38,"23099995737",160.0,"4",230999957371352
39,"23099995737",98.29,"4",230999957371352
40,"23099995737",91.43,"4",230999957371352
41,"23099995737",61.71,"4",230999957371352
42,"23099995737",52.57,"4",230999957371352
43,"23099995737",43.43,"4",230999957371352
44,"23099995737",32.57,"4",230999957371352
45,"23099995737",10.86,"4",230999957371352
45,"23099995737",10.86,"3",230999957371353
46,"23099995737",9.71,"3",230999957371353
47,"23099995737",6.57,"3",230999957371353
47,"23099995737",6.57,"2",230999957371354
48,"23099995737",3.57,"2",230999957371354
49,"23099995737",5.29,"2",230999957371354
49,"23099995737",5.29,"1b",230999957371355
50,"23099995737",7.57,"1b",230999957371355
51,"23099995737",10.71,"1b",230999957371355
51,"23099995737",10.71,"1",230999957371356
52,"23099995737",20.43,"1",230999957371356
53,"23099995737",28.57,"1",230999957371356
54,"23099995737",42.29,"1",230999957371356
55,"23099995737",82.29,"1",230999957371356
55,"23099995737",82.29,"2",230999957371357
56,"23099995737",89.14,"2",230999957371357
56,"23099995737",89.14,"3",230999957371358
57,"23099995737",80.0,"3",230999957371358
58,"23099995737",128.0,"3",230999957371358
58,"23099995737",128.0,"2",230999957371359
59,"23099995737",146.29,"2",230999957371359
59,"23099995737",146.29,"3",230999957371360
60,"23099995737",130.29,"3",230999957371360
60,"23099995737",130.29,"4",230999957371361
61,"23099995737",100.57,"4",230999957371361
62,"23099995737",89.14,"4",230999957371361
63,"23099995737",61.71,"4",230999957371361
64,"23099995737",20.57,"4",230999957371361
65,"23099995737",12.57,"4",230999957371361
66,"23099995737",3.57,"4",230999957371361
66,"23099995737",3.57,"3",230999957371362
67,"23099995737",2.43,"3",230999957371362
68,"23099995737",1.71,"3",230999957371362
68,"23099995737",1.71,"2",230999957371363
69,"23099995737",1.14,"2",230999957371363
70,"23099995737",1.43,"2",230999957371363
70,"23099995737",1.43,"1b",230999957371364
71,"23099995737",4.86,"1b",230999957371364
72,"23099995737",7.57,"1b",230999957371364
72,"23099995737",7.57,"1",230999957371365
73,"23099995737",18.57,"1",230999957371365
74,"23099995737",21.57,"1",230999957371365
75,"23099995737",46.29,"1",230999957371365
76,"23099995737",88.57,"1",230999957371365
76,"23099995737",88.57,"1b",230999957371366
77,"23099995737",93.71,"1b",230999957371366
77,"23099995737",93.71,"2",230999957371367
78,"23099995737",75.43,"2",230999957371367
78,"23099995737",75.43,"3",230999957371368
79,"23099995737",86.86,"3",230999957371368
79,"23099995737",86.86,"4",230999957371369
80,"23099995737",38.86,"4",230999957371369
81,"23099995737",26.29,"4",230999957371369
81,"23099995737",26.29,"1",346110602981370
0,"34611060298",0.0,"1",346110602981370
1,"34611060298",0.86,"1",346110602981370
2,"34611060298",4.71,"1",346110602981370
2,"34611060298",4.71,"1b",346110602981371
3,"34611060298",8.57,"1b",346110602981371
3,"34611060298",8.57,"3",346110602981372
4,"34611060298",10.57,"3",346110602981372
5,"34611060298",10.0,"3",346110602981372
6,"34611060298",9.14,"3",346110602981372
7,"34611060298",7.29,"3",346110602981372
7,"34611060298",7.29,"2",346110602981373
8,"34611060298",6.86,"2",346110602981373
9,"34611060298",12.29,"2",346110602981373
10,"34611060298",16.86,"2",346110602981373
10,"34611060298",16.86,"3",346110602981374
11,"34611060298",17.71,"3",346110602981374
12,"34611060298",17.14,"3",346110602981374
13,"34611060298",24.0,"3",346110602981374
14,"34611060298",27.43,"3",346110602981374
15,"34611060298",21.14,"3",346110602981374
16,"34611060298",22.29,"3",346110602981374
17,"34611060298",22.86,"3",346110602981374
18,"34611060298",21.71,"3",346110602981374
19,"34611060298",18.86,"3",346110602981374
20,"34611060298",24.0,"3",346110602981374
21,"34611060298",16.0,"3",346110602981374
22,"34611060298",22.29,"3",346110602981374
23,"34611060298",16.0,"3",346110602981374
24,"34611060298",12.0,"3",346110602981374
24,"34611060298",12.0,"2",346110602981375
25,"34611060298",19.43,"2",346110602981375
26,"34611060298",27.43,"2",346110602981375
26,"34611060298",27.43,"3",346110602981376
27,"34611060298",24.57,"3",346110602981376
28,"34611060298",17.71,"3",346110602981376
29,"34611060298",14.29,"3",346110602981376
29,"34611060298",14.29,"2",346110602981377
30,"34611060298",17.14,"2",346110602981377
31,"34611060298",21.14,"2",346110602981377
31,"34611060298",21.14,"1b",346110602981378
32,"34611060298",34.86,"1b",346110602981378
33,"34611060298",35.43,"1b",346110602981378
34,"34611060298",52.0,"1b",346110602981378
34,"34611060298",52.0,"1",346110602981379
35,"34611060298",64.0,"1",346110602981379
35,"34611060298",64.0,"1b",346110602981380
36,"34611060298",84.57,"1b",346110602981380
36,"34611060298",84.57,"2",346110602981381
37,"34611060298",66.29,"2",346110602981381
37,"34611060298",66.29,"3",346110602981382
38,"34611060298",75.43,"3",346110602981382
39,"34611060298",75.43,"3",346110602981382
39,"34611060298",75.43,"4",346110602981383
40,"34611060298",34.29,"4",346110602981383
41,"34611060298",25.14,"4",346110602981383
41,"34611060298",25.14,"3",346110602981384
42,"34611060298",8.0,"3",346110602981384
42,"34611060298",8.0,"4",346110602981385
43,"34611060298",5.57,"4",346110602981385
44,"34611060298",2.14,"4",346110602981385
44,"34611060298",2.14,"3",346110602981386
45,"34611060298",1.43,"3",346110602981386
46,"34611060298",1.86,"3",346110602981386
46,"34611060298",1.86,"2",346110602981387
47,"34611060298",1.14,"2",346110602981387
48,"34611060298",0.43,"2",346110602981387
48,"34611060298",0.43,"1b",346110602981388
49,"34611060298",0.57,"1b",346110602981388
50,"34611060298",0.57,"1b",346110602981388
50,"34611060298",0.57,"1",346110602981389
51,"34611060298",1.43,"1",346110602981389
52,"34611060298",2.71,"1",346110602981389
53,"34611060298",3.29,"1",346110602981389
54,"34611060298",2.86,"1",346110602981389
55,"34611060298",2.57,"1",346110602981389
56,"34611060298",4.29,"1",346110602981389
57,"34611060298",7.43,"1",346110602981389
58,"34611060298",10.86,"1",346110602981389
59,"34611060298",15.71,"1",346110602981389
60,"34611060298",19.29,"1",346110602981389
61,"34611060298",30.86,"1",346110602981389
62,"34611060298",25.14,"1",346110602981389
63,"34611060298",51.43,"1",346110602981389
64,"34611060298",90.86,"1",346110602981389
64,"34611060298",90.86,"2",346110602981390
65,"34611060298",77.71,"2",346110602981390
65,"34611060298",77.71,"3",346110602981391
66,"34611060298",59.43,"3",346110602981391
67,"34611060298",86.86,"3",346110602981391
68,"34611060298",52.57,"3",346110602981391
69,"34611060298",98.29,"3",346110602981391
69,"34611060298",98.29,"4",346110602981392
70,"34611060298",32.0,"4",346110602981392
71,"34611060298",27.43,"4",346110602981392
71,"34611060298",27.43,"3",346110602981393
72,"34611060298",10.86,"3",346110602981393
72,"34611060298",10.86,"4",346110602981394
73,"34611060298",7.43,"4",346110602981394
74,"34611060298",3.71,"4",346110602981394
74,"34611060298",3.71,"3",346110602981395
75,"34611060298",2.0,"3",346110602981395
76,"34611060298",1.0,"3",346110602981395
76,"34611060298",1.0,"2",346110602981396
77,"34611060298",1.43,"2",346110602981396
78,"34611060298",1.0,"2",346110602981396
78,"34611060298",1.0,"1b",346110602981397
79,"34611060298",1.57,"1b",346110602981397
80,"34611060298",1.43,"1b",346110602981397
80,"34611060298",1.43,"1",346110602981398
81,"34611060298",5.43,"1",346110602981398
81,"34611060298",5.43,"1",346112059981398
0,"34611205998",0.0,"1",346112059981398
1,"34611205998",0.0,"1",346112059981398
2,"34611205998",0.0,"1",346112059981398
3,"34611205998",2.43,"1",346112059981398
3,"34611205998",2.43,"1b",346112059981399
4,"34611205998",5.0,"1b",346112059981399
4,"34611205998",5.0,"2",346112059981400
5,"34611205998",8.0,"2",346112059981400
5,"34611205998",8.0,"3",346112059981401
6,"34611205998",7.14,"3",346112059981401
7,"34611205998",8.29,"3",346112059981401
8,"34611205998",10.71,"3",346112059981401
9,"34611205998",11.0,"3",346112059981401
10,"34611205998",15.29,"3",346112059981401
11,"34611205998",7.43,"3",346112059981401
12,"34611205998",9.14,"3",346112059981401
13,"34611205998",3.43,"3",346112059981401
14,"34611205998",3.14,"3",346112059981401
15,"34611205998",4.14,"3",346112059981401
15,"34611205998",4.14,"2",346112059981402
16,"34611205998",3.43,"2",346112059981402
17,"34611205998",6.29,"2",346112059981402
18,"34611205998",7.0,"2",346112059981402
19,"34611205998",7.57,"2",346112059981402
20,"34611205998",6.43,"2",346112059981402
21,"34611205998",9.43,"2",346112059981402
22,"34611205998",14.14,"2",346112059981402
22,"34611205998",14.14,"3",346112059981403
23,"34611205998",8.71,"3",346112059981403
24,"34611205998",9.14,"3",346112059981403
25,"34611205998",7.43,"3",346112059981403
26,"34611205998",4.43,"3",346112059981403
26,"34611205998",4.43,"2",346112059981404
27,"34611205998",4.0,"2",346112059981404
28,"34611205998",6.43,"2",346112059981404
29,"34611205998",8.86,"2",346112059981404
30,"34611205998",10.43,"2",346112059981404
30,"34611205998",10.43,"1b",346112059981405
31,"34611205998",11.71,"1b",346112059981405
32,"34611205998",18.0,"1b",346112059981405
32,"34611205998",18.0,"1",346112059981406
33,"34611205998",20.57,"1",346112059981406
34,"34611205998",40.0,"1",346112059981406
35,"34611205998",60.0,"1",346112059981406
35,"34611205998",60.0,"1b",346112059981407
36,"34611205998",88.0,"1b",346112059981407
36,"34611205998",88.0,"3",346112059981408
37,"34611205998",34.29,"3",346112059981408
38,"34611205998",41.14,"3",346112059981408
38,"34611205998",41.14,"2",346112059981409
39,"34611205998",18.29,"2",346112059981409
39,"34611205998",18.29,"3",346112059981410
40,"34611205998",17.71,"3",346112059981410
40,"34611205998",17.71,"4",346112059981411
41,"34611205998",9.14,"4",346112059981411
42,"34611205998",6.0,"4",346112059981411
42,"34611205998",6.0,"3",346112059981412
43,"34611205998",2.14,"3",346112059981412
44,"34611205998",1.57,"3",346112059981412
44,"34611205998",1.57,"2",346112059981413
45,"34611205998",1.43,"2",346112059981413
46,"34611205998",0.86,"2",346112059981413
46,"34611205998",0.86,"1b",346112059981414
47,"34611205998",1.29,"1b",346112059981414
48,"34611205998",0.43,"1b",346112059981414
48,"34611205998",0.43,"1",346112059981415
49,"34611205998",0.71,"1",346112059981415
50,"34611205998",1.14,"1",346112059981415
51,"34611205998",2.0,"1",346112059981415
52,"34611205998",6.0,"1",346112059981415
53,"34611205998",7.43,"1",346112059981415
54,"34611205998",12.14,"1",346112059981415
55,"34611205998",18.71,"1",346112059981415
56,"34611205998",30.86,"1",346112059981415
57,"34611205998",49.71,"1",346112059981415
58,"34611205998",74.86,"1",346112059981415
58,"34611205998",74.86,"1b",346112059981416
59,"34611205998",66.29,"1b",346112059981416
59,"34611205998",66.29,"3",346112059981417
60,"34611205998",57.14,"3",346112059981417
60,"34611205998",57.14,"4",346112059981418
61,"34611205998",38.86,"4",346112059981418
62,"34611205998",10.86,"4",346112059981418
62,"34611205998",10.86,"3",346112059981419
63,"34611205998",13.14,"3",346112059981419
63,"34611205998",13.14,"4",346112059981420
64,"34611205998",5.71,"4",346112059981420
65,"34611205998",3.57,"4",346112059981420
65,"34611205998",3.57,"3",346112059981421
66,"34611205998",1.29,"3",346112059981421
67,"34611205998",1.29,"3",346112059981421
67,"34611205998",1.29,"2",346112059981422
68,"34611205998",0.86,"2",346112059981422
69,"34611205998",1.86,"2",346112059981422
69,"34611205998",1.86,"1b",346112059981423
70,"34611205998",1.57,"1b",346112059981423
71,"34611205998",3.86,"1b",346112059981423
71,"34611205998",3.86,"1",346112059981424
72,"34611205998",10.29,"1",346112059981424
73,"34611205998",19.0,"1",346112059981424
74,"34611205998",23.57,"1",346112059981424
75,"34611205998",25.71,"1",346112059981424
76,"34611205998",31.43,"1",346112059981424
77,"34611205998",42.86,"1",346112059981424
78,"34611205998",60.0,"1",346112059981424
78,"34611205998",60.0,"1b",346112059981425
79,"34611205998",108.0,"1b",346112059981425
80,"34611205998",150.86,"1b",346112059981425
80,"34611205998",150.86,"3",346112059981426
81,"34611205998",105.14,"3",346112059981426
81,"34611205998",105.14,"1",346112266331427
0,"34611226633",0.0,"1",346112266331427
1,"34611226633",0.0,"1",346112266331427
2,"34611226633",0.0,"1",346112266331427
3,"34611226633",0.0,"1",346112266331427
4,"34611226633",0.14,"1",346112266331427
4,"34611226633",0.14,"1b",346112266331428
5,"34611226633",0.29,"1b",346112266331428
6,"34611226633",0.0,"1b",346112266331428
6,"34611226633",0.0,"1",346112266331429
7,"34611226633",0.0,"1",346112266331429
8,"34611226633",0.0,"1",346112266331429
9,"34611226633",0.57,"1",346112266331429
10,"34611226633",2.14,"1",346112266331429
10,"34611226633",2.14,"2",346112266331430
11,"34611226633",1.57,"2",346112266331430
12,"34611226633",0.14,"2",346112266331430
12,"34611226633",0.14,"1b",346112266331431
13,"34611226633",0.29,"1b",346112266331431
14,"34611226633",0.29,"1b",346112266331431
15,"34611226633",0.14,"1b",346112266331431
15,"34611226633",0.14,"1",346112266331432
16,"34611226633",0.29,"1",346112266331432
16,"34611226633",0.29,"1b",346112266331433
17,"34611226633",0.29,"1b",346112266331433
18,"34611226633",0.43,"1b",346112266331433
18,"34611226633",0.43,"1",346112266331434
19,"34611226633",1.0,"1",346112266331434
20,"34611226633",3.86,"1",346112266331434
20,"34611226633",3.86,"1b",346112266331435
21,"34611226633",9.57,"1b",346112266331435
21,"34611226633",9.57,"2",346112266331436
22,"34611226633",9.43,"2",346112266331436
22,"34611226633",9.43,"3",346112266331437
23,"34611226633",8.71,"3",346112266331437
24,"34611226633",5.71,"3",346112266331437
24,"34611226633",5.71,"2",346112266331438
25,"34611226633",2.57,"2",346112266331438
26,"34611226633",3.29,"2",346112266331438
27,"34611226633",3.71,"2",346112266331438
27,"34611226633",3.71,"1b",346112266331439
28,"34611226633",7.86,"1b",346112266331439
28,"34611226633",7.86,"2",346112266331440
29,"34611226633",8.57,"2",346112266331440
30,"34611226633",9.29,"2",346112266331440
30,"34611226633",9.29,"1b",346112266331441
31,"34611226633",9.86,"1b",346112266331441
32,"34611226633",10.57,"1b",346112266331441
32,"34611226633",10.57,"1",346112266331442
33,"34611226633",12.0,"1",346112266331442
34,"34611226633",16.0,"1",346112266331442
35,"34611226633",31.43,"1",346112266331442
36,"34611226633",50.86,"1",346112266331442
37,"34611226633",90.86,"1",346112266331442
37,"34611226633",90.86,"3",346112266331443
38,"34611226633",48.0,"3",346112266331443
39,"34611226633",38.86,"3",346112266331443
39,"34611226633",38.86,"2",346112266331444
40,"34611226633",116.57,"2",346112266331444
40,"34611226633",116.57,"3",346112266331445
41,"34611226633",91.43,"3",346112266331445
41,"34611226633",91.43,"4",346112266331446
42,"34611226633",84.57,"4",346112266331446
43,"34611226633",57.14,"4",346112266331446
44,"34611226633",36.57,"4",346112266331446
44,"34611226633",36.57,"3",346112266331447
45,"34611226633",32.0,"3",346112266331447
46,"34611226633",32.0,"3",346112266331447
46,"34611226633",32.0,"2",346112266331448
47,"34611226633",20.0,"2",346112266331448
47,"34611226633",20.0,"3",346112266331449
48,"34611226633",13.71,"3",346112266331449
49,"34611226633",10.29,"3",346112266331449
49,"34611226633",10.29,"2",346112266331450
50,"34611226633",6.0,"2",346112266331450
51,"34611226633",3.14,"2",346112266331450
51,"34611226633",3.14,"1b",346112266331451
52,"34611226633",1.43,"1b",346112266331451
53,"34611226633",2.29,"1b",346112266331451
53,"34611226633",2.29,"1",346112266331452
54,"34611226633",2.0,"1",346112266331452
55,"34611226633",3.71,"1",346112266331452
56,"34611226633",5.43,"1",346112266331452
57,"34611226633",8.86,"1",346112266331452
58,"34611226633",19.43,"1",346112266331452
59,"34611226633",19.0,"1",346112266331452
60,"34611226633",44.57,"1",346112266331452
61,"34611226633",77.71,"1",346112266331452
61,"34611226633",77.71,"1b",346112266331453
62,"34611226633",54.86,"1b",346112266331453
63,"34611226633",38.86,"1b",346112266331453
64,"34611226633",64.0,"1b",346112266331453
64,"34611226633",64.0,"1",346112266331454
65,"34611226633",82.29,"1",346112266331454
66,"34611226633",150.86,"1",346112266331454
66,"34611226633",150.86,"1b",346112266331455
67,"34611226633",153.14,"1b",346112266331455
67,"34611226633",153.14,"2",346112266331456
68,"34611226633",162.29,"2",346112266331456
68,"34611226633",162.29,"3",346112266331457
69,"34611226633",112.0,"3",346112266331457
69,"34611226633",112.0,"4",346112266331458
70,"34611226633",91.43,"4",346112266331458
71,"34611226633",59.43,"4",346112266331458
71,"34611226633",59.43,"3",346112266331459
72,"34611226633",50.29,"3",346112266331459
72,"34611226633",50.29,"4",346112266331460
73,"34611226633",52.57,"4",346112266331460
74,"34611226633",16.57,"4",346112266331460
75,"34611226633",12.0,"4",346112266331460
75,"34611226633",12.0,"3",346112266331461
76,"34611226633",6.29,"3",346112266331461
77,"34611226633",2.29,"3",346112266331461
77,"34611226633",2.29,"2",346112266331462
78,"34611226633",1.14,"2",346112266331462
79,"34611226633",1.43,"2",346112266331462
79,"34611226633",1.43,"1b",346112266331463
80,"34611226633",0.43,"1b",346112266331463
81,"34611226633",0.86,"1b",346112266331463
81,"34611226633",0.86,"1",346113037041464
0,"34611303704",0.0,"1",346113037041464
1,"34611303704",0.0,"1",346113037041464
2,"34611303704",0.0,"1",346113037041464
3,"34611303704",0.14,"1",346113037041464
3,"34611303704",0.14,"1b",346113037041465
4,"34611303704",0.0,"1b",346113037041465
5,"34611303704",0.0,"1b",346113037041465
5,"34611303704",0.0,"1",346113037041466
6,"34611303704",0.29,"1",346113037041466
7,"34611303704",1.57,"1",346113037041466
7,"34611303704",1.57,"2",346113037041467
8,"34611303704",1.29,"2",346113037041467
9,"34611303704",1.0,"2",346113037041467
9,"34611303704",1.0,"1b",346113037041468
10,"34611303704",0.86,"1b",346113037041468
10,"34611303704",0.86,"2",346113037041469
11,"34611303704",1.14,"2",346113037041469
12,"34611303704",0.0,"2",346113037041469
12,"34611303704",0.0,"1b",346113037041470
13,"34611303704",0.43,"1b",346113037041470
14,"34611303704",0.86,"1b",346113037041470
15,"34611303704",0.29,"1b",346113037041470
16,"34611303704",0.57,"1b",346113037041470
17,"34611303704",0.14,"1b",346113037041470
17,"34611303704",0.14,"1",346113037041471
18,"34611303704",2.57,"1",346113037041471
18,"34611303704",2.57,"1b",346113037041472
19,"34611303704",9.43,"1b",346113037041472
19,"34611303704",9.43,"2",346113037041473
20,"34611303704",8.43,"2",346113037041473
21,"34611303704",11.57,"2",346113037041473
22,"34611303704",13.0,"2",346113037041473
22,"34611303704",13.0,"3",346113037041474
23,"34611303704",15.43,"3",346113037041474
24,"34611303704",15.43,"3",346113037041474
25,"34611303704",18.86,"3",346113037041474
26,"34611303704",30.86,"3",346113037041474
27,"34611303704",31.43,"3",346113037041474
28,"34611303704",36.57,"3",346113037041474
29,"34611303704",40.57,"3",346113037041474
29,"34611303704",40.57,"2",346113037041475
30,"34611303704",46.86,"2",346113037041475
31,"34611303704",79.43,"2",346113037041475
31,"34611303704",79.43,"3",346113037041476
32,"34611303704",84.57,"3",346113037041476
32,"34611303704",84.57,"4",346113037041477
33,"34611303704",116.57,"4",346113037041477
34,"34611303704",43.43,"4",346113037041477
35,"34611303704",29.71,"4",346113037041477
35,"34611303704",29.71,"3",346113037041478
36,"34611303704",25.71,"3",346113037041478
36,"34611303704",25.71,"4",346113037041479
37,"34611303704",13.71,"4",346113037041479
38,"34611303704",6.29,"4",346113037041479
38,"34611303704",6.29,"3",346113037041480
39,"34611303704",8.14,"3",346113037041480
40,"34611303704",5.86,"3",346113037041480
40,"34611303704",5.86,"2",346113037041481
41,"34611303704",5.0,"2",346113037041481
42,"34611303704",7.43,"2",346113037041481
42,"34611303704",7.43,"1b",346113037041482
43,"34611303704",7.14,"1b",346113037041482
44,"34611303704",7.29,"1b",346113037041482
44,"34611303704",7.29,"1",346113037041483
45,"34611303704",14.43,"1",346113037041483
46,"34611303704",22.0,"1",346113037041483
47,"34611303704",25.14,"1",346113037041483
48,"34611303704",48.57,"1",346113037041483
49,"34611303704",72.57,"1",346113037041483
49,"34611303704",72.57,"3",346113037041484
50,"34611303704",66.29,"3",346113037041484
51,"34611303704",107.43,"3",346113037041484
51,"34611303704",107.43,"2",346113037041485
52,"34611303704",153.14,"2",346113037041485
53,"34611303704",210.29,"2",346113037041485
53,"34611303704",210.29,"3",346113037041486
54,"34611303704",230.86,"3",346113037041486
54,"34611303704",230.86,"4",346113037041487
55,"34611303704",146.29,"4",346113037041487
56,"34611303704",237.71,"4",346113037041487
57,"34611303704",109.71,"4",346113037041487
58,"34611303704",82.29,"4",346113037041487
59,"34611303704",64.0,"4",346113037041487
60,"34611303704",61.71,"4",346113037041487
61,"34611303704",34.29,"4",346113037041487
62,"34611303704",34.29,"4",346113037041487
62,"34611303704",34.29,"3",346113037041488
63,"34611303704",43.43,"3",346113037041488
64,"34611303704",77.71,"3",346113037041488
65,"34611303704",86.86,"3",346113037041488
66,"34611303704",112.0,"3",346113037041488
66,"34611303704",112.0,"2",346113037041489
67,"34611303704",112.0,"2",346113037041489
67,"34611303704",112.0,"3",346113037041490
68,"34611303704",96.0,"3",346113037041490
68,"34611303704",96.0,"4",346113037041491
69,"34611303704",64.0,"4",346113037041491
70,"34611303704",57.14,"4",346113037041491
71,"34611303704",36.57,"4",346113037041491
71,"34611303704",36.57,"3",346113037041492
72,"34611303704",22.29,"3",346113037041492
72,"34611303704",22.29,"4",346113037041493
73,"34611303704",13.14,"4",346113037041493
74,"34611303704",13.14,"4",346113037041493
74,"34611303704",13.14,"3",346113037041494
75,"34611303704",8.43,"3",346113037041494
76,"34611303704",4.57,"3",346113037041494
76,"34611303704",4.57,"2",346113037041495
77,"34611303704",3.86,"2",346113037041495
78,"34611303704",4.43,"2",346113037041495
78,"34611303704",4.43,"1b",346113037041496
79,"34611303704",4.71,"1b",346113037041496
80,"34611303704",8.0,"1b",346113037041496
80,"34611303704",8.0,"1",346113037041497
81,"34611303704",16.29,"1",346113037041497
81,"34611303704",16.29,"1",346126951711497
0,"34612695171",0.0,"1",346126951711497
1,"34612695171",0.14,"1",346126951711497
2,"34612695171",0.14,"1",346126951711497
2,"34612695171",0.14,"1b",346126951711498
3,"34612695171",0.14,"1b",346126951711498
4,"34612695171",0.0,"1b",346126951711498
4,"34612695171",0.0,"1",346126951711499
5,"34612695171",0.29,"1",346126951711499
5,"34612695171",0.29,"1b",346126951711500
6,"34612695171",0.71,"1b",346126951711500
6,"34612695171",0.71,"2",346126951711501
7,"34612695171",1.43,"2",346126951711501
8,"34612695171",0.29,"2",346126951711501
8,"34612695171",0.29,"1b",346126951711502
9,"34612695171",0.71,"1b",346126951711502
10,"34612695171",0.29,"1b",346126951711502
11,"34612695171",0.29,"1b",346126951711502
12,"34612695171",0.57,"1b",346126951711502
13,"34612695171",0.71,"1b",346126951711502
13,"34612695171",0.71,"2",346126951711503
14,"34612695171",0.14,"2",346126951711503
15,"34612695171",0.86,"2",346126951711503
16,"34612695171",0.0,"2",346126951711503
17,"34612695171",0.0,"2",346126951711503
17,"34612695171",0.0,"1b",346126951711504
18,"34612695171",0.29,"1b",346126951711504
19,"34612695171",0.14,"1b",346126951711504
20,"34612695171",0.43,"1b",346126951711504
21,"34612695171",0.57,"1b",346126951711504
22,"34612695171",0.14,"1b",346126951711504
22,"34612695171",0.14,"1",346126951711505
23,"34612695171",0.57,"1",346126951711505
24,"34612695171",0.86,"1",346126951711505
25,"34612695171",1.43,"1",346126951711505
25,"34612695171",1.43,"2",346126951711506
26,"34612695171",1.71,"2",346126951711506
27,"34612695171",0.86,"2",346126951711506
27,"34612695171",0.86,"1b",346126951711507
28,"34612695171",0.57,"1b",346126951711507
29,"34612695171",2.43,"1b",346126951711507
29,"34612695171",2.43,"1",346126951711508
30,"34612695171",5.57,"1",346126951711508
31,"34612695171",11.43,"1",346126951711508
32,"34612695171",15.86,"1",346126951711508
33,"34612695171",18.71,"1",346126951711508
34,"34612695171",12.57,"1",346126951711508
35,"34612695171",4.0,"1",346126951711508
36,"34612695171",4.86,"1",346126951711508
37,"34612695171",1.86,"1",346126951711508
38,"34612695171",3.86,"1",346126951711508
39,"34612695171",7.86,"1",346126951711508
40,"34612695171",8.86,"1",346126951711508
41,"34612695171",11.86,"1",346126951711508
42,"34612695171",15.14,"1",346126951711508
43,"34612695171",22.29,"1",346126951711508
44,"34612695171",49.14,"1",346126951711508
45,"34612695171",72.0,"1",346126951711508
45,"34612695171",72.0,"1b",346126951711509
46,"34612695171",94.29,"1b",346126951711509
47,"34612695171",89.14,"1b",346126951711509
47,"34612695171",89.14,"3",346126951711510
48,"34612695171",82.29,"3",346126951711510
49,"34612695171",68.57,"3",346126951711510
50,"34612695171",52.57,"3",346126951711510
50,"34612695171",52.57,"2",346126951711511
51,"34612695171",45.71,"2",346126951711511
52,"34612695171",66.29,"2",346126951711511
52,"34612695171",66.29,"3",346126951711512
53,"34612695171",64.0,"3",346126951711512
54,"34612695171",61.71,"3",346126951711512
54,"34612695171",61.71,"4",346126951711513
55,"34612695171",29.71,"4",346126951711513
56,"34612695171",15.43,"4",346126951711513
57,"34612695171",5.71,"4",346126951711513
57,"34612695171",5.71,"3",346126951711514
58,"34612695171",3.86,"3",346126951711514
59,"34612695171",1.43,"3",346126951711514
59,"34612695171",1.43,"2",346126951711515
60,"34612695171",1.0,"2",346126951711515
61,"34612695171",1.71,"2",346126951711515
61,"34612695171",1.71,"1b",346126951711516
62,"34612695171",0.43,"1b",346126951711516
63,"34612695171",1.29,"1b",346126951711516
63,"34612695171",1.29,"1",346126951711517
64,"34612695171",3.14,"1",346126951711517
65,"34612695171",4.29,"1",346126951711517
66,"34612695171",3.29,"1",346126951711517
67,"34612695171",3.29,"1",346126951711517
68,"34612695171",4.43,"1",346126951711517
69,"34612695171",7.43,"1",346126951711517
70,"34612695171",8.0,"1",346126951711517
71,"34612695171",7.86,"1",346126951711517
72,"34612695171",11.71,"1",346126951711517
73,"34612695171",13.86,"1",346126951711517
74,"34612695171",9.71,"1",346126951711517
75,"34612695171",13.71,"1",346126951711517
76,"34612695171",12.57,"1",346126951711517
77,"34612695171",9.71,"1",346126951711517
78,"34612695171",9.71,"1",346126951711517
79,"34612695171",9.71,"1",346126951711517
80,"34612695171",24.0,"1",346126951711517
81,"34612695171",26.86,"1",346126951711517
81,"34612695171",26.86,"1",346132224431517
0,"34613222443",0.0,"1",346132224431517
1,"34613222443",0.0,"1",346132224431517
2,"34613222443",0.0,"1",346132224431517
3,"34613222443",0.0,"1",346132224431517
4,"34613222443",0.0,"1",346132224431517
5,"34613222443",0.0,"1",346132224431517
6,"34613222443",0.0,"1",346132224431517
7,"34613222443",1.29,"1",346132224431517
8,"34613222443",2.71,"1",346132224431517
8,"34613222443",2.71,"2",346132224431518
9,"34613222443",3.29,"2",346132224431518
10,"34613222443",6.43,"2",346132224431518
11,"34613222443",6.14,"2",346132224431518
12,"34613222443",10.0,"2",346132224431518
12,"34613222443",10.0,"3",346132224431519
13,"34613222443",6.71,"3",346132224431519
14,"34613222443",6.71,"3",346132224431519
14,"34613222443",6.71,"2",346132224431520
15,"34613222443",10.86,"2",346132224431520
16,"34613222443",11.71,"2",346132224431520
17,"34613222443",12.29,"2",346132224431520
17,"34613222443",12.29,"3",346132224431521
18,"34613222443",12.29,"3",346132224431521
19,"34613222443",9.71,"3",346132224431521
19,"34613222443",9.71,"2",346132224431522
20,"34613222443",8.57,"2",346132224431522
21,"34613222443",10.29,"2",346132224431522
21,"34613222443",10.29,"1b",346132224431523
22,"34613222443",13.14,"1b",346132224431523
22,"34613222443",13.14,"3",346132224431524
23,"34613222443",16.0,"3",346132224431524
24,"34613222443",13.71,"3",346132224431524
25,"34613222443",9.14,"3",346132224431524
26,"34613222443",5.14,"3",346132224431524
27,"34613222443",1.57,"3",346132224431524
28,"34613222443",0.29,"3",346132224431524
29,"34613222443",0.14,"3",346132224431524
29,"34613222443",0.14,"2",346132224431525
30,"34613222443",0.0,"2",346132224431525
31,"34613222443",0.0,"2",346132224431525
31,"34613222443",0.0,"1b",346132224431526
32,"34613222443",0.57,"1b",346132224431526
33,"34613222443",0.0,"1b",346132224431526
33,"34613222443",0.0,"1",346132224431527
34,"34613222443",1.57,"1",346132224431527
35,"34613222443",3.29,"1",346132224431527
36,"34613222443",4.86,"1",346132224431527
37,"34613222443",12.43,"1",346132224431527
38,"34613222443",24.71,"1",346132224431527
39,"34613222443",25.71,"1",346132224431527
40,"34613222443",65.71,"1",346132224431527
40,"34613222443",65.71,"1b",346132224431528
41,"34613222443",96.0,"1b",346132224431528
41,"34613222443",96.0,"3",346132224431529
42,"34613222443",93.71,"3",346132224431529
42,"34613222443",93.71,"4",346132224431530
43,"34613222443",61.71,"4",346132224431530
44,"34613222443",34.29,"4",346132224431530
45,"34613222443",32.57,"4",346132224431530
46,"34613222443",12.0,"4",346132224431530
46,"34613222443",12.0,"3",346132224431531
47,"34613222443",9.71,"3",346132224431531
48,"34613222443",11.57,"3",346132224431531
48,"34613222443",11.57,"2",346132224431532
49,"34613222443",3.43,"2",346132224431532
50,"34613222443",2.57,"2",346132224431532
50,"34613222443",2.57,"1b",346132224431533
51,"34613222443",1.57,"1b",346132224431533
52,"34613222443",3.29,"1b",346132224431533
52,"34613222443",3.29,"1",346132224431534
53,"34613222443",5.86,"1",346132224431534
54,"34613222443",6.71,"1",346132224431534
55,"34613222443",11.14,"1",346132224431534
56,"34613222443",13.71,"1",346132224431534
57,"34613222443",15.43,"1",346132224431534
58,"34613222443",13.71,"1",346132224431534
59,"34613222443",12.57,"1",346132224431534
60,"34613222443",18.29,"1",346132224431534
61,"34613222443",45.14,"1",346132224431534
62,"34613222443",82.29,"1",346132224431534
62,"34613222443",82.29,"2",346132224431535
63,"34613222443",116.57,"2",346132224431535
63,"34613222443",116.57,"3",346132224431536
64,"34613222443",68.57,"3",346132224431536
64,"34613222443",68.57,"4",346132224431537
65,"34613222443",61.71,"4",346132224431537
66,"34613222443",27.43,"4",346132224431537
67,"34613222443",21.71,"4",346132224431537
68,"34613222443",8.0,"4",346132224431537
68,"34613222443",8.0,"3",346132224431538
69,"34613222443",3.86,"3",346132224431538
70,"34613222443",3.29,"3",346132224431538
70,"34613222443",3.29,"2",346132224431539
71,"34613222443",4.29,"2",346132224431539
72,"34613222443",4.57,"2",346132224431539
72,"34613222443",4.57,"1b",346132224431540
73,"34613222443",5.29,"1b",346132224431540
74,"34613222443",7.0,"1b",346132224431540
74,"34613222443",7.0,"1",346132224431541
75,"34613222443",11.14,"1",346132224431541
76,"34613222443",16.71,"1",346132224431541
77,"34613222443",33.29,"1",346132224431541
78,"34613222443",55.43,"1",346132224431541
79,"34613222443",87.43,"1",346132224431541
79,"34613222443",87.43,"3",346132224431542
80,"34613222443",32.0,"3",346132224431542
81,"34613222443",32.0,"3",346132224431542
81,"34613222443",32.0,"1",346132348251543
0,"34613234825",0.0,"1",346132348251543
1,"34613234825",0.0,"1",346132348251543
2,"34613234825",0.0,"1",346132348251543
3,"34613234825",0.0,"1",346132348251543
4,"34613234825",0.0,"1",346132348251543
5,"34613234825",0.0,"1",346132348251543
6,"34613234825",0.0,"1",346132348251543
7,"34613234825",0.0,"1",346132348251543
8,"34613234825",0.0,"1",346132348251543
9,"34613234825",0.0,"1",346132348251543
10,"34613234825",0.14,"1",346132348251543
11,"34613234825",0.43,"1",346132348251543
12,"34613234825",1.0,"1",346132348251543
12,"34613234825",1.0,"1b",346132348251544
13,"34613234825",1.29,"1b",346132348251544
13,"34613234825",1.29,"2",346132348251545
14,"34613234825",0.57,"2",346132348251545
15,"34613234825",0.29,"2",346132348251545
15,"34613234825",0.29,"1b",346132348251546
16,"34613234825",0.0,"1b",346132348251546
17,"34613234825",0.14,"1b",346132348251546
17,"34613234825",0.14,"1",346132348251547
18,"34613234825",0.0,"1",346132348251547
19,"34613234825",0.43,"1",346132348251547
20,"34613234825",0.14,"1",346132348251547
21,"34613234825",0.14,"1",346132348251547
22,"34613234825",0.0,"1",346132348251547
23,"34613234825",0.0,"1",346132348251547
24,"34613234825",0.0,"1",346132348251547
25,"34613234825",0.0,"1",346132348251547
26,"34613234825",0.0,"1",346132348251547
27,"34613234825",0.0,"1",346132348251547
28,"34613234825",0.0,"1",346132348251547
29,"34613234825",0.0,"1",346132348251547
30,"34613234825",0.14,"1",346132348251547
31,"34613234825",2.0,"1",346132348251547
32,"34613234825",2.14,"1",346132348251547
33,"34613234825",6.57,"1",346132348251547
34,"34613234825",14.57,"1",346132348251547
35,"34613234825",23.43,"1",346132348251547
36,"34613234825",41.71,"1",346132348251547
37,"34613234825",60.57,"1",346132348251547
37,"34613234825",60.57,"1b",346132348251548
38,"34613234825",91.43,"1b",346132348251548
38,"34613234825",91.43,"2",346132348251549
39,"34613234825",96.0,"2",346132348251549
39,"34613234825",96.0,"4",346132348251550
40,"34613234825",66.29,"4",346132348251550
41,"34613234825",36.57,"4",346132348251550
42,"34613234825",25.14,"4",346132348251550
43,"34613234825",12.57,"4",346132348251550
43,"34613234825",12.57,"3",346132348251551
44,"34613234825",6.86,"3",346132348251551
45,"34613234825",1.57,"3",346132348251551
45,"34613234825",1.57,"2",346132348251552
46,"34613234825",0.43,"2",346132348251552
47,"34613234825",0.57,"2",346132348251552
47,"34613234825",0.57,"1b",346132348251553
48,"34613234825",0.43,"1b",346132348251553
49,"34613234825",0.57,"1b",346132348251553
49,"34613234825",0.57,"1",346132348251554
50,"34613234825",1.57,"1",346132348251554
51,"34613234825",3.43,"1",346132348251554
52,"34613234825",5.0,"1",346132348251554
53,"34613234825",10.57,"1",346132348251554
54,"34613234825",14.14,"1",346132348251554
55,"34613234825",16.71,"1",346132348251554
56,"34613234825",29.14,"1",346132348251554
57,"34613234825",41.14,"1",346132348251554
58,"34613234825",61.71,"1",346132348251554
58,"34613234825",61.71,"1b",346132348251555
59,"34613234825",85.14,"1b",346132348251555
60,"34613234825",137.14,"1b",346132348251555
61,"34613234825",128.0,"1b",346132348251555
61,"34613234825",128.0,"2",346132348251556
62,"34613234825",171.43,"2",346132348251556
62,"34613234825",171.43,"3",346132348251557
63,"34613234825",93.71,"3",346132348251557
63,"34613234825",93.71,"4",346132348251558
64,"34613234825",59.43,"4",346132348251558
65,"34613234825",13.71,"4",346132348251558
66,"34613234825",7.43,"4",346132348251558
67,"34613234825",5.0,"4",346132348251558
67,"34613234825",5.0,"3",346132348251559
68,"34613234825",1.57,"3",346132348251559
69,"34613234825",0.86,"3",346132348251559
69,"34613234825",0.86,"2",346132348251560
70,"34613234825",0.14,"2",346132348251560
71,"34613234825",0.14,"2",346132348251560
71,"34613234825",0.14,"1b",346132348251561
72,"34613234825",0.0,"1b",346132348251561
73,"34613234825",0.0,"1b",346132348251561
73,"34613234825",0.0,"1",346132348251562
74,"34613234825",0.29,"1",346132348251562
75,"34613234825",0.57,"1",346132348251562
76,"34613234825",0.57,"1",346132348251562
77,"34613234825",2.71,"1",346132348251562
78,"34613234825",4.86,"1",346132348251562
79,"34613234825",11.29,"1",346132348251562
80,"34613234825",16.43,"1",346132348251562
81,"34613234825",25.71,"1",346132348251562
81,"34613234825",25.71,"1",346136210441562
0,"34613621044",0.14,"1",346136210441562
1,"34613621044",1.43,"1",346136210441562
1,"34613621044",1.43,"2",346136210441563
2,"34613621044",1.71,"2",346136210441563
3,"34613621044",2.0,"2",346136210441563
4,"34613621044",3.0,"2",346136210441563
5,"34613621044",1.86,"2",346136210441563
6,"34613621044",2.0,"2",346136210441563
7,"34613621044",1.57,"2",346136210441563
8,"34613621044",1.14,"2",346136210441563
8,"34613621044",1.14,"1b",346136210441564
9,"34613621044",1.86,"1b",346136210441564
9,"34613621044",1.86,"2",346136210441565
10,"34613621044",3.14,"2",346136210441565
11,"34613621044",2.29,"2",346136210441565
11,"34613621044",2.29,"1b",346136210441566
12,"34613621044",3.43,"1b",346136210441566
12,"34613621044",3.43,"2",346136210441567
13,"34613621044",4.86,"2",346136210441567
14,"34613621044",5.0,"2",346136210441567
15,"34613621044",6.86,"2",346136210441567
16,"34613621044",10.43,"2",346136210441567
16,"34613621044",10.43,"3",346136210441568
17,"34613621044",5.71,"3",346136210441568
18,"34613621044",5.57,"3",346136210441568
18,"34613621044",5.57,"2",346136210441569
19,"34613621044",5.43,"2",346136210441569
20,"34613621044",2.57,"2",346136210441569
20,"34613621044",2.57,"3",346136210441570
21,"34613621044",1.86,"3",346136210441570
22,"34613621044",2.57,"3",346136210441570
22,"34613621044",2.57,"2",346136210441571
23,"34613621044",1.14,"2",346136210441571
24,"34613621044",1.43,"2",346136210441571
24,"34613621044",1.43,"1b",346136210441572
25,"34613621044",1.0,"1b",346136210441572
26,"34613621044",2.29,"1b",346136210441572
26,"34613621044",2.29,"2",346136210441573
27,"34613621044",1.14,"2",346136210441573
28,"34613621044",0.71,"2",346136210441573
28,"34613621044",0.71,"1b",346136210441574
29,"34613621044",0.29,"1b",346136210441574
30,"34613621044",0.29,"1b",346136210441574
30,"34613621044",0.29,"1",346136210441575
31,"34613621044",0.14,"1",346136210441575
32,"34613621044",0.43,"1",346136210441575
33,"34613621044",0.86,"1",346136210441575
34,"34613621044",1.14,"1",346136210441575
35,"34613621044",1.71,"1",346136210441575
36,"34613621044",1.71,"1",346136210441575
37,"34613621044",1.86,"1",346136210441575
38,"34613621044",1.29,"1",346136210441575
39,"34613621044",1.0,"1",346136210441575
40,"34613621044",1.43,"1",346136210441575
41,"34613621044",2.57,"1",346136210441575
42,"34613621044",4.57,"1",346136210441575
43,"34613621044",7.29,"1",346136210441575
44,"34613621044",11.43,"1",346136210441575
45,"34613621044",24.57,"1",346136210441575
46,"34613621044",23.43,"1",346136210441575
47,"34613621044",49.14,"1",346136210441575
48,"34613621044",104.0,"1",346136210441575
48,"34613621044",104.0,"1b",346136210441576
49,"34613621044",203.43,"1b",346136210441576
49,"34613621044",203.43,"3",346136210441577
50,"34613621044",224.0,"3",346136210441577
50,"34613621044",224.0,"4",346136210441578
51,"34613621044",100.57,"4",346136210441578
52,"34613621044",70.86,"4",346136210441578
53,"34613621044",54.86,"4",346136210441578
54,"34613621044",36.57,"4",346136210441578
55,"34613621044",18.29,"4",346136210441578
56,"34613621044",6.29,"4",346136210441578
56,"34613621044",6.29,"3",346136210441579
57,"34613621044",4.14,"3",346136210441579
58,"34613621044",0.86,"3",346136210441579
58,"34613621044",0.86,"2",346136210441580
59,"34613621044",1.71,"2",346136210441580
60,"34613621044",1.29,"2",346136210441580
60,"34613621044",1.29,"1b",346136210441581
61,"34613621044",2.14,"1b",346136210441581
62,"34613621044",1.71,"1b",346136210441581
62,"34613621044",1.71,"1",346136210441582
63,"34613621044",3.86,"1",346136210441582
64,"34613621044",5.43,"1",346136210441582
65,"34613621044",12.57,"1",346136210441582
66,"34613621044",19.14,"1",346136210441582
67,"34613621044",25.71,"1",346136210441582
68,"34613621044",47.43,"1",346136210441582
69,"34613621044",66.29,"1",346136210441582
69,"34613621044",66.29,"1b",346136210441583
70,"34613621044",64.57,"1b",346136210441583
70,"34613621044",64.57,"3",346136210441584
71,"34613621044",70.86,"3",346136210441584
71,"34613621044",70.86,"4",346136210441585
72,"34613621044",25.14,"4",346136210441585
73,"34613621044",36.57,"4",346136210441585
74,"34613621044",29.71,"4",346136210441585
75,"34613621044",20.57,"4",346136210441585
75,"34613621044",20.57,"3",346136210441586
76,"34613621044",10.29,"3",346136210441586
77,"34613621044",4.0,"3",346136210441586
77,"34613621044",4.0,"2",346136210441587
78,"34613621044",3.29,"2",346136210441587
79,"34613621044",1.43,"2",346136210441587
79,"34613621044",1.43,"1b",346136210441588
80,"34613621044",2.0,"1b",346136210441588
81,"34613621044",1.29,"1b",346136210441588
81,"34613621044",1.29,"1",346147665241589
0,"34614766524",0.0,"1",346147665241589
1,"34614766524",0.0,"1",346147665241589
2,"34614766524",0.0,"1",346147665241589
3,"34614766524",0.0,"1",346147665241589
4,"34614766524",0.0,"1",346147665241589
5,"34614766524",0.0,"1",346147665241589
6,"34614766524",0.14,"1",346147665241589
7,"34614766524",0.0,"1",346147665241589
8,"34614766524",0.71,"1",346147665241589
8,"34614766524",0.71,"1b",346147665241590
9,"34614766524",2.43,"1b",346147665241590
9,"34614766524",2.43,"2",346147665241591
10,"34614766524",2.57,"2",346147665241591
11,"34614766524",3.14,"2",346147665241591
12,"34614766524",3.57,"2",346147665241591
13,"34614766524",3.86,"2",346147665241591
14,"34614766524",2.57,"2",346147665241591
15,"34614766524",1.57,"2",346147665241591
16,"34614766524",1.86,"2",346147665241591
17,"34614766524",2.29,"2",346147665241591
18,"34614766524",1.57,"2",346147665241591
19,"34614766524",0.43,"2",346147665241591
19,"34614766524",0.43,"1b",346147665241592
20,"34614766524",0.29,"1b",346147665241592
21,"34614766524",0.86,"1b",346147665241592
21,"34614766524",0.86,"1",346147665241593
22,"34614766524",1.71,"1",346147665241593
22,"34614766524",1.71,"1b",346147665241594
23,"34614766524",2.43,"1b",346147665241594
23,"34614766524",2.43,"2",346147665241595
24,"34614766524",2.57,"2",346147665241595
25,"34614766524",2.0,"2",346147665241595
25,"34614766524",2.0,"1b",346147665241596
26,"34614766524",1.86,"1b",346147665241596
26,"34614766524",1.86,"2",346147665241597
27,"34614766524",1.0,"2",346147665241597
28,"34614766524",0.71,"2",346147665241597
28,"34614766524",0.71,"1b",346147665241598
29,"34614766524",0.86,"1b",346147665241598
30,"34614766524",0.29,"1b",346147665241598
30,"34614766524",0.29,"1",346147665241599
31,"34614766524",0.86,"1",346147665241599
32,"34614766524",3.71,"1",346147665241599
33,"34614766524",7.29,"1",346147665241599
34,"34614766524",10.14,"1",346147665241599
35,"34614766524",15.86,"1",346147665241599
36,"34614766524",16.0,"1",346147665241599
37,"34614766524",21.71,"1",346147665241599
38,"34614766524",21.71,"1",346147665241599
39,"34614766524",49.71,"1",346147665241599
40,"34614766524",66.29,"1",346147665241599
40,"34614766524",66.29,"1b",346147665241600
41,"34614766524",81.71,"1b",346147665241600
41,"34614766524",81.71,"2",346147665241601
42,"34614766524",157.71,"2",346147665241601
42,"34614766524",157.71,"3",346147665241602
43,"34614766524",173.71,"3",346147665241602
43,"34614766524",173.71,"4",346147665241603
44,"34614766524",153.14,"4",346147665241603
45,"34614766524",107.43,"4",346147665241603
46,"34614766524",61.71,"4",346147665241603
47,"34614766524",50.29,"4",346147665241603
47,"34614766524",50.29,"3",346147665241604
48,"34614766524",36.57,"3",346147665241604
49,"34614766524",50.29,"3",346147665241604
49,"34614766524",50.29,"4",346147665241605
50,"34614766524",16.0,"4",346147665241605
51,"34614766524",5.71,"4",346147665241605
52,"34614766524",3.14,"4",346147665241605
52,"34614766524",3.14,"3",346147665241606
53,"34614766524",1.86,"3",346147665241606
54,"34614766524",1.71,"3",346147665241606
54,"34614766524",1.71,"2",346147665241607
55,"34614766524",1.86,"2",346147665241607
56,"34614766524",1.43,"2",346147665241607
56,"34614766524",1.43,"1b",346147665241608
57,"34614766524",0.86,"1b",346147665241608
58,"34614766524",1.71,"1b",346147665241608
58,"34614766524",1.71,"1",346147665241609
59,"34614766524",4.14,"1",346147665241609
60,"34614766524",5.43,"1",346147665241609
61,"34614766524",8.14,"1",346147665241609
62,"34614766524",13.71,"1",346147665241609
63,"34614766524",12.43,"1",346147665241609
64,"34614766524",13.71,"1",346147665241609
65,"34614766524",32.57,"1",346147665241609
66,"34614766524",56.57,"1",346147665241609
67,"34614766524",77.14,"1",346147665241609
67,"34614766524",77.14,"3",346147665241610
68,"34614766524",50.29,"3",346147665241610
69,"34614766524",73.14,"3",346147665241610
69,"34614766524",73.14,"2",346147665241611
70,"34614766524",80.0,"2",346147665241611
70,"34614766524",80.0,"3",346147665241612
71,"34614766524",61.71,"3",346147665241612
72,"34614766524",93.71,"3",346147665241612
72,"34614766524",93.71,"4",346147665241613
73,"34614766524",98.29,"4",346147665241613
74,"34614766524",75.43,"4",346147665241613
75,"34614766524",36.57,"4",346147665241613
75,"34614766524",36.57,"3",346147665241614
76,"34614766524",34.29,"3",346147665241614
76,"34614766524",34.29,"4",346147665241615
77,"34614766524",16.57,"4",346147665241615
78,"34614766524",8.0,"4",346147665241615
78,"34614766524",8.0,"3",346147665241616
79,"34614766524",2.57,"3",346147665241616
80,"34614766524",2.14,"3",346147665241616
80,"34614766524",2.14,"2",346147665241617
81,"34614766524",1.86,"2",346147665241617
81,"34614766524",1.86,"1",346148026671618
0,"34614802667",0.0,"1",346148026671618
1,"34614802667",0.0,"1",346148026671618
2,"34614802667",0.0,"1",346148026671618
3,"34614802667",0.43,"1",346148026671618
4,"34614802667",0.71,"1",346148026671618
4,"34614802667",0.71,"1b",346148026671619
5,"34614802667",1.71,"1b",346148026671619
6,"34614802667",4.57,"1b",346148026671619
7,"34614802667",5.14,"1b",346148026671619
7,"34614802667",5.14,"3",346148026671620
8,"34614802667",5.0,"3",346148026671620
9,"34614802667",3.57,"3",346148026671620
9,"34614802667",3.57,"2",346148026671621
10,"34614802667",2.71,"2",346148026671621
11,"34614802667",1.86,"2",346148026671621
12,"34614802667",1.43,"2",346148026671621
12,"34614802667",1.43,"1b",346148026671622
13,"34614802667",0.71,"1b",346148026671622
14,"34614802667",0.14,"1b",346148026671622
14,"34614802667",0.14,"1",346148026671623
15,"34614802667",0.14,"1",346148026671623
15,"34614802667",0.14,"1b",346148026671624
16,"34614802667",0.14,"1b",346148026671624
17,"34614802667",0.71,"1b",346148026671624
18,"34614802667",1.29,"1b",346148026671624
19,"34614802667",2.57,"1b",346148026671624
19,"34614802667",2.57,"2",346148026671625
20,"34614802667",1.71,"2",346148026671625
21,"34614802667",2.43,"2",346148026671625
22,"34614802667",1.14,"2",346148026671625
22,"34614802667",1.14,"1b",346148026671626
23,"34614802667",3.57,"1b",346148026671626
23,"34614802667",3.57,"2",346148026671627
24,"34614802667",1.57,"2",346148026671627
25,"34614802667",1.43,"2",346148026671627
26,"34614802667",1.14,"2",346148026671627
26,"34614802667",1.14,"1b",346148026671628
27,"34614802667",0.14,"1b",346148026671628
28,"34614802667",0.43,"1b",346148026671628
29,"34614802667",0.29,"1b",346148026671628
29,"34614802667",0.29,"1",346148026671629
30,"34614802667",0.14,"1",346148026671629
31,"34614802667",1.43,"1",346148026671629
32,"34614802667",3.86,"1",346148026671629
33,"34614802667",11.29,"1",346148026671629
34,"34614802667",16.29,"1",346148026671629
35,"34614802667",17.14,"1",346148026671629
36,"34614802667",22.86,"1",346148026671629
37,"34614802667",26.86,"1",346148026671629
38,"34614802667",38.86,"1",346148026671629
39,"34614802667",45.14,"1",346148026671629
40,"34614802667",42.86,"1",346148026671629
41,"34614802667",37.71,"1",346148026671629
42,"34614802667",58.86,"1",346148026671629
43,"34614802667",49.71,"1",346148026671629
43,"34614802667",49.71,"1b",346148026671630
44,"34614802667",61.71,"1b",346148026671630
45,"34614802667",64.0,"1b",346148026671630
46,"34614802667",73.14,"1b",346148026671630
46,"34614802667",73.14,"1",346148026671631
47,"34614802667",116.57,"1",346148026671631
47,"34614802667",116.57,"1b",346148026671632
48,"34614802667",128.0,"1b",346148026671632
48,"34614802667",128.0,"2",346148026671633
49,"34614802667",112.0,"2",346148026671633
49,"34614802667",112.0,"3",346148026671634
50,"34614802667",98.29,"3",346148026671634
50,"34614802667",98.29,"4",346148026671635
51,"34614802667",64.0,"4",346148026671635
52,"34614802667",57.14,"4",346148026671635
53,"34614802667",25.14,"4",346148026671635
53,"34614802667",25.14,"3",346148026671636
54,"34614802667",10.29,"3",346148026671636
54,"34614802667",10.29,"4",346148026671637
55,"34614802667",5.71,"4",346148026671637
56,"34614802667",3.14,"4",346148026671637
56,"34614802667",3.14,"3",346148026671638
57,"34614802667",1.29,"3",346148026671638
58,"34614802667",0.71,"3",346148026671638
58,"34614802667",0.71,"2",346148026671639
59,"34614802667",0.71,"2",346148026671639
60,"34614802667",1.0,"2",346148026671639
60,"34614802667",1.0,"1b",346148026671640
61,"34614802667",1.0,"1b",346148026671640
62,"34614802667",1.29,"1b",346148026671640
62,"34614802667",1.29,"1",346148026671641
63,"34614802667",4.71,"1",346148026671641
64,"34614802667",9.86,"1",346148026671641
65,"34614802667",7.86,"1",346148026671641
66,"34614802667",10.14,"1",346148026671641
67,"34614802667",12.29,"1",346148026671641
68,"34614802667",13.14,"1",346148026671641
69,"34614802667",12.57,"1",346148026671641
70,"34614802667",16.57,"1",346148026671641
71,"34614802667",26.86,"1",346148026671641
72,"34614802667",32.0,"1",346148026671641
73,"34614802667",62.86,"1",346148026671641
74,"34614802667",47.43,"1",346148026671641
74,"34614802667",47.43,"1b",346148026671642
75,"34614802667",48.0,"1b",346148026671642
76,"34614802667",50.29,"1b",346148026671642
77,"34614802667",70.86,"1b",346148026671642
77,"34614802667",70.86,"1",346148026671643
78,"34614802667",164.57,"1",346148026671643
78,"34614802667",164.57,"1b",346148026671644
79,"34614802667",173.71,"1b",346148026671644
79,"34614802667",173.71,"3",346148026671645
80,"34614802667",173.71,"3",346148026671645
80,"34614802667",173.71,"4",346148026671646
81,"34614802667",80.0,"4",346148026671646
81,"34614802667",80.0,"1",346151733591647
0,"34615173359",0.0,"1",346151733591647
1,"34615173359",0.0,"1",346151733591647
2,"34615173359",0.0,"1",346151733591647
3,"34615173359",0.0,"1",346151733591647
4,"34615173359",0.14,"1",346151733591647
5,"34615173359",0.57,"1",346151733591647
5,"34615173359",0.57,"1b",346151733591648
6,"34615173359",0.43,"1b",346151733591648
6,"34615173359",0.43,"2",346151733591649
7,"34615173359",0.0,"2",346151733591649
8,"34615173359",0.0,"2",346151733591649
8,"34615173359",0.0,"1b",346151733591650
9,"34615173359",0.14,"1b",346151733591650
10,"34615173359",0.0,"1b",346151733591650
11,"34615173359",0.0,"1b",346151733591650
11,"34615173359",0.0,"1",346151733591651
12,"34615173359",0.0,"1",346151733591651
13,"34615173359",0.0,"1",346151733591651
14,"34615173359",0.0,"1",346151733591651
15,"34615173359",0.0,"1",346151733591651
16,"34615173359",0.14,"1",346151733591651
17,"34615173359",0.43,"1",346151733591651
18,"34615173359",1.57,"1",346151733591651
18,"34615173359",1.57,"2",346151733591652
19,"34615173359",1.29,"2",346151733591652
20,"34615173359",0.86,"2",346151733591652
20,"34615173359",0.86,"1b",346151733591653
21,"34615173359",0.0,"1b",346151733591653
22,"34615173359",0.14,"1b",346151733591653
23,"34615173359",0.0,"1b",346151733591653
23,"34615173359",0.0,"1",346151733591654
24,"34615173359",0.0,"1",346151733591654
25,"34615173359",0.0,"1",346151733591654
26,"34615173359",0.0,"1",346151733591654
27,"34615173359",0.0,"1",346151733591654
28,"34615173359",0.0,"1",346151733591654
29,"34615173359",0.0,"1",346151733591654
30,"34615173359",0.0,"1",346151733591654
31,"34615173359",0.0,"1",346151733591654
32,"34615173359",1.71,"1",346151733591654
33,"34615173359",3.29,"1",346151733591654
34,"34615173359",9.14,"1",346151733591654
35,"34615173359",14.57,"1",346151733591654
36,"34615173359",14.14,"1",346151733591654
37,"34615173359",13.14,"1",346151733591654
38,"34615173359",29.71,"1",346151733591654
39,"34615173359",58.29,"1",346151733591654
40,"34615173359",57.71,"1",346151733591654
40,"34615173359",57.71,"1b",346151733591655
41,"34615173359",57.14,"1b",346151733591655
41,"34615173359",57.14,"2",346151733591656
42,"34615173359",75.43,"2",346151733591656
42,"34615173359",75.43,"3",346151733591657
43,"34615173359",59.43,"3",346151733591657
44,"34615173359",34.29,"3",346151733591657
44,"34615173359",34.29,"2",346151733591658
45,"34615173359",59.43,"2",346151733591658
46,"34615173359",45.71,"2",346151733591658
47,"34615173359",34.29,"2",346151733591658
48,"34615173359",29.71,"2",346151733591658
48,"34615173359",29.71,"1b",346151733591659
49,"34615173359",22.86,"1b",346151733591659
50,"34615173359",13.71,"1b",346151733591659
50,"34615173359",13.71,"1",346151733591660
51,"34615173359",7.43,"1",346151733591660
52,"34615173359",6.43,"1",346151733591660
53,"34615173359",2.57,"1",346151733591660
54,"34615173359",2.14,"1",346151733591660
55,"34615173359",1.86,"1",346151733591660
56,"34615173359",1.71,"1",346151733591660
57,"34615173359",1.57,"1",346151733591660
58,"34615173359",1.57,"1",346151733591660
59,"34615173359",3.0,"1",346151733591660
60,"34615173359",3.29,"1",346151733591660
61,"34615173359",3.57,"1",346151733591660
62,"34615173359",6.71,"1",346151733591660
63,"34615173359",7.43,"1",346151733591660
64,"34615173359",13.14,"1",346151733591660
65,"34615173359",17.57,"1",346151733591660
66,"34615173359",21.71,"1",346151733591660
67,"34615173359",20.57,"1",346151733591660
68,"34615173359",29.71,"1",346151733591660
69,"34615173359",57.71,"1",346151733591660
70,"34615173359",71.43,"1",346151733591660
70,"34615173359",71.43,"1b",346151733591661
71,"34615173359",50.29,"1b",346151733591661
72,"34615173359",54.86,"1b",346151733591661
72,"34615173359",54.86,"1",346151733591662
73,"34615173359",96.0,"1",346151733591662
73,"34615173359",96.0,"2",346151733591663
74,"34615173359",84.57,"2",346151733591663
74,"34615173359",84.57,"3",346151733591664
75,"34615173359",59.43,"3",346151733591664
75,"34615173359",59.43,"4",346151733591665
76,"34615173359",22.86,"4",346151733591665
77,"34615173359",13.71,"4",346151733591665
78,"34615173359",7.43,"4",346151733591665
78,"34615173359",7.43,"3",346151733591666
79,"34615173359",2.29,"3",346151733591666
80,"34615173359",2.0,"3",346151733591666
80,"34615173359",2.0,"2",346151733591667
81,"34615173359",1.29,"2",346151733591667
81,"34615173359",1.29,"1",346157656171668
0,"34615765617",0.0,"1",346157656171668
1,"34615765617",0.14,"1",346157656171668
2,"34615765617",1.0,"1",346157656171668
2,"34615765617",1.0,"1b",346157656171669
3,"34615765617",1.57,"1b",346157656171669
3,"34615765617",1.57,"2",346157656171670
4,"34615765617",2.57,"2",346157656171670
5,"34615765617",3.0,"2",346157656171670
6,"34615765617",3.57,"2",346157656171670
7,"34615765617",6.43,"2",346157656171670
8,"34615765617",11.86,"2",346157656171670
8,"34615765617",11.86,"3",346157656171671
9,"34615765617",10.29,"3",346157656171671
10,"34615765617",9.43,"3",346157656171671
10,"34615765617",9.43,"2",346157656171672
11,"34615765617",11.71,"2",346157656171672
11,"34615765617",11.71,"3",346157656171673
12,"34615765617",11.14,"3",346157656171673
13,"34615765617",10.43,"3",346157656171673
14,"34615765617",10.71,"3",346157656171673
15,"34615765617",12.57,"3",346157656171673
16,"34615765617",13.0,"3",346157656171673
17,"34615765617",9.71,"3",346157656171673
18,"34615765617",10.86,"3",346157656171673
18,"34615765617",10.86,"2",346157656171674
19,"34615765617",22.29,"2",346157656171674
20,"34615765617",35.43,"2",346157656171674
20,"34615765617",35.43,"3",346157656171675
21,"34615765617",37.71,"3",346157656171675
22,"34615765617",45.14,"3",346157656171675
23,"34615765617",46.29,"3",346157656171675
24,"34615765617",44.57,"3",346157656171675
25,"34615765617",30.86,"3",346157656171675
26,"34615765617",24.0,"3",346157656171675
27,"34615765617",29.71,"3",346157656171675
28,"34615765617",35.43,"3",346157656171675
29,"34615765617",38.86,"3",346157656171675
30,"34615765617",39.43,"3",346157656171675
30,"34615765617",39.43,"2",346157656171676
31,"34615765617",50.86,"2",346157656171676
32,"34615765617",58.29,"2",346157656171676
32,"34615765617",58.29,"3",346157656171677
33,"34615765617",70.86,"3",346157656171677
33,"34615765617",70.86,"4",346157656171678
34,"34615765617",41.14,"4",346157656171678
35,"34615765617",41.14,"4",346157656171678
35,"34615765617",41.14,"3",346157656171679
36,"34615765617",20.57,"3",346157656171679
36,"34615765617",20.57,"4",346157656171680
37,"34615765617",8.57,"4",346157656171680
38,"34615765617",7.43,"4",346157656171680
38,"34615765617",7.43,"3",346157656171681
39,"34615765617",3.71,"3",346157656171681
40,"34615765617",2.71,"3",346157656171681
40,"34615765617",2.71,"2",346157656171682
41,"34615765617",2.0,"2",346157656171682
42,"34615765617",0.71,"2",346157656171682
42,"34615765617",0.71,"1b",346157656171683
43,"34615765617",1.0,"1b",346157656171683
44,"34615765617",1.86,"1b",346157656171683
44,"34615765617",1.86,"1",346157656171684
45,"34615765617",4.14,"1",346157656171684
46,"34615765617",5.43,"1",346157656171684
47,"34615765617",14.0,"1",346157656171684
48,"34615765617",23.29,"1",346157656171684
49,"34615765617",62.29,"1",346157656171684
50,"34615765617",125.14,"1",346157656171684
50,"34615765617",125.14,"3",346157656171685
51,"34615765617",73.14,"3",346157656171685
51,"34615765617",73.14,"4",346157656171686
52,"34615765617",48.0,"4",346157656171686
53,"34615765617",34.29,"4",346157656171686
54,"34615765617",16.0,"4",346157656171686
55,"34615765617",9.14,"4",346157656171686
55,"34615765617",9.14,"3",346157656171687
56,"34615765617",3.71,"3",346157656171687
57,"34615765617",4.57,"3",346157656171687
57,"34615765617",4.57,"2",346157656171688
58,"34615765617",3.86,"2",346157656171688
59,"34615765617",5.0,"2",346157656171688
59,"34615765617",5.0,"1b",346157656171689
60,"34615765617",8.57,"1b",346157656171689
61,"34615765617",12.29,"1b",346157656171689
61,"34615765617",12.29,"1",346157656171690
62,"34615765617",16.14,"1",346157656171690
63,"34615765617",33.71,"1",346157656171690
64,"34615765617",58.29,"1",346157656171690
65,"34615765617",92.0,"1",346157656171690
65,"34615765617",92.0,"1b",346157656171691
66,"34615765617",212.57,"1b",346157656171691
66,"34615765617",212.57,"3",346157656171692
67,"34615765617",242.29,"3",346157656171692
67,"34615765617",242.29,"4",346157656171693
68,"34615765617",121.14,"4",346157656171693
69,"34615765617",64.0,"4",346157656171693
70,"34615765617",48.0,"4",346157656171693
70,"34615765617",48.0,"3",346157656171694
71,"34615765617",34.29,"3",346157656171694
71,"34615765617",34.29,"4",346157656171695
72,"34615765617",18.86,"4",346157656171695
73,"34615765617",12.57,"4",346157656171695
73,"34615765617",12.57,"3",346157656171696
74,"34615765617",5.0,"3",346157656171696
75,"34615765617",4.29,"3",346157656171696
75,"34615765617",4.29,"2",346157656171697
76,"34615765617",3.29,"2",346157656171697
77,"34615765617",1.71,"2",346157656171697
77,"34615765617",1.71,"1b",346157656171698
78,"34615765617",2.29,"1b",346157656171698
79,"34615765617",4.57,"1b",346157656171698
79,"34615765617",4.57,"1",346157656171699
80,"34615765617",7.71,"1",346157656171699
81,"34615765617",9.57,"1",346157656171699
81,"34615765617",9.57,"1",346163689611699
0,"34616368961",0.0,"1",346163689611699
1,"34616368961",0.0,"1",346163689611699
2,"34616368961",0.0,"1",346163689611699
3,"34616368961",1.43,"1",346163689611699
3,"34616368961",1.43,"2",346163689611700
4,"34616368961",3.57,"2",346163689611700
5,"34616368961",2.29,"2",346163689611700
6,"34616368961",2.86,"2",346163689611700
7,"34616368961",2.86,"2",346163689611700
8,"34616368961",8.29,"2",346163689611700
9,"34616368961",7.71,"2",346163689611700
10,"34616368961",11.29,"2",346163689611700
10,"34616368961",11.29,"3",346163689611701
11,"34616368961",11.43,"3",346163689611701
12,"34616368961",7.86,"3",346163689611701
12,"34616368961",7.86,"2",346163689611702
13,"34616368961",6.71,"2",346163689611702
14,"34616368961",6.29,"2",346163689611702
15,"34616368961",5.0,"2",346163689611702
16,"34616368961",4.29,"2",346163689611702
17,"34616368961",2.0,"2",346163689611702
18,"34616368961",2.43,"2",346163689611702
18,"34616368961",2.43,"1b",346163689611703
19,"34616368961",2.86,"1b",346163689611703
20,"34616368961",3.43,"1b",346163689611703
20,"34616368961",3.43,"2",346163689611704
21,"34616368961",2.71,"2",346163689611704
22,"34616368961",5.43,"2",346163689611704
23,"34616368961",6.14,"2",346163689611704
24,"34616368961",6.14,"2",346163689611704
25,"34616368961",3.43,"2",346163689611704
26,"34616368961",4.0,"2",346163689611704
27,"34616368961",3.14,"2",346163689611704
28,"34616368961",1.57,"2",346163689611704
29,"34616368961",1.86,"2",346163689611704
29,"34616368961",1.86,"1b",346163689611705
30,"34616368961",2.29,"1b",346163689611705
31,"34616368961",3.14,"1b",346163689611705
31,"34616368961",3.14,"1",346163689611706
32,"34616368961",7.71,"1",346163689611706
33,"34616368961",10.29,"1",346163689611706
34,"34616368961",13.86,"1",346163689611706
35,"34616368961",22.57,"1",346163689611706
36,"34616368961",28.57,"1",346163689611706
37,"34616368961",38.29,"1",346163689611706
38,"34616368961",55.43,"1",346163689611706
39,"34616368961",52.57,"1",346163689611706
39,"34616368961",52.57,"1b",346163689611707
40,"34616368961",89.14,"1b",346163689611707
41,"34616368961",160.0,"1b",346163689611707
41,"34616368961",160.0,"3",346163689611708
42,"34616368961",105.14,"3",346163689611708
42,"34616368961",105.14,"4",346163689611709
43,"34616368961",96.0,"4",346163689611709
44,"34616368961",36.57,"4",346163689611709
44,"34616368961",36.57,"3",346163689611710
45,"34616368961",22.86,"3",346163689611710
45,"34616368961",22.86,"4",346163689611711
46,"34616368961",6.29,"4",346163689611711
47,"34616368961",4.86,"4",346163689611711
47,"34616368961",4.86,"3",346163689611712
48,"34616368961",1.14,"3",346163689611712
49,"34616368961",0.43,"3",346163689611712
49,"34616368961",0.43,"2",346163689611713
50,"34616368961",0.57,"2",346163689611713
51,"34616368961",0.57,"2",346163689611713
51,"34616368961",0.57,"1b",346163689611714
52,"34616368961",0.71,"1b",346163689611714
53,"34616368961",1.57,"1b",346163689611714
53,"34616368961",1.57,"1",346163689611715
54,"34616368961",0.57,"1",346163689611715
55,"34616368961",0.57,"1",346163689611715
56,"34616368961",1.0,"1",346163689611715
57,"34616368961",0.86,"1",346163689611715
58,"34616368961",2.57,"1",346163689611715
59,"34616368961",1.71,"1",346163689611715
60,"34616368961",2.57,"1",346163689611715
61,"34616368961",2.86,"1",346163689611715
62,"34616368961",4.86,"1",346163689611715
63,"34616368961",8.14,"1",346163689611715
64,"34616368961",9.43,"1",346163689611715
65,"34616368961",15.86,"1",346163689611715
66,"34616368961",16.29,"1",346163689611715
67,"34616368961",25.71,"1",346163689611715
68,"34616368961",58.29,"1",346163689611715
69,"34616368961",80.0,"1",346163689611715
69,"34616368961",80.0,"1b",346163689611716
70,"34616368961",123.43,"1b",346163689611716
71,"34616368961",132.57,"1b",346163689611716
71,"34616368961",132.57,"2",346163689611717
72,"34616368961",125.71,"2",346163689611717
73,"34616368961",146.29,"2",346163689611717
73,"34616368961",146.29,"3",346163689611718
74,"34616368961",144.0,"3",346163689611718
74,"34616368961",144.0,"4",346163689611719
75,"34616368961",114.29,"4",346163689611719
76,"34616368961",59.43,"4",346163689611719
77,"34616368961",54.86,"4",346163689611719
77,"34616368961",54.86,"3",346163689611720
78,"34616368961",38.86,"3",346163689611720
79,"34616368961",26.29,"3",346163689611720
79,"34616368961",26.29,"4",346163689611721
80,"34616368961",15.43,"4",346163689611721
81,"34616368961",8.0,"4",346163689611721
81,"34616368961",8.0,"1",346168682941722
0,"34616868294",0.0,"1",346168682941722
1,"34616868294",2.14,"1",346168682941722
2,"34616868294",5.86,"1",346168682941722
2,"34616868294",5.86,"2",346168682941723
3,"34616868294",4.43,"2",346168682941723
3,"34616868294",4.43,"3",346168682941724
4,"34616868294",3.86,"3",346168682941724
5,"34616868294",3.29,"3",346168682941724
5,"34616868294",3.29,"2",346168682941725
6,"34616868294",2.86,"2",346168682941725
7,"34616868294",2.43,"2",346168682941725
8,"34616868294",1.29,"2",346168682941725
9,"34616868294",1.86,"2",346168682941725
10,"34616868294",1.57,"2",346168682941725
11,"34616868294",0.57,"2",346168682941725
11,"34616868294",0.57,"1b",346168682941726
12,"34616868294",0.71,"1b",346168682941726
13,"34616868294",0.71,"1b",346168682941726
14,"34616868294",1.0,"1b",346168682941726
14,"34616868294",1.0,"1",346168682941727
15,"34616868294",1.14,"1",346168682941727
15,"34616868294",1.14,"2",346168682941728
16,"34616868294",1.0,"2",346168682941728
17,"34616868294",0.14,"2",346168682941728
17,"34616868294",0.14,"1b",346168682941729
18,"34616868294",0.43,"1b",346168682941729
19,"34616868294",0.29,"1b",346168682941729
20,"34616868294",0.0,"1b",346168682941729
20,"34616868294",0.0,"1",346168682941730
21,"34616868294",0.43,"1",346168682941730
22,"34616868294",0.43,"1",346168682941730
23,"34616868294",0.14,"1",346168682941730
23,"34616868294",0.14,"1b",346168682941731
24,"34616868294",0.0,"1b",346168682941731
25,"34616868294",0.0,"1b",346168682941731
25,"34616868294",0.0,"1",346168682941732
26,"34616868294",0.0,"1",346168682941732
27,"34616868294",0.0,"1",346168682941732
28,"34616868294",0.0,"1",346168682941732
29,"34616868294",0.0,"1",346168682941732
30,"34616868294",1.0,"1",346168682941732
31,"34616868294",0.86,"1",346168682941732
32,"34616868294",1.0,"1",346168682941732
33,"34616868294",1.86,"1",346168682941732
34,"34616868294",2.86,"1",346168682941732
35,"34616868294",3.71,"1",346168682941732
36,"34616868294",6.43,"1",346168682941732
37,"34616868294",9.71,"1",346168682941732
38,"34616868294",13.29,"1",346168682941732
39,"34616868294",14.14,"1",346168682941732
40,"34616868294",12.0,"1",346168682941732
41,"34616868294",5.14,"1",346168682941732
42,"34616868294",13.71,"1",346168682941732
43,"34616868294",38.29,"1",346168682941732
44,"34616868294",51.43,"1",346168682941732
45,"34616868294",81.14,"1",346168682941732
45,"34616868294",81.14,"2",346168682941733
46,"34616868294",68.57,"2",346168682941733
46,"34616868294",68.57,"3",346168682941734
47,"34616868294",59.43,"3",346168682941734
47,"34616868294",59.43,"2",346168682941735
48,"34616868294",93.71,"2",346168682941735
48,"34616868294",93.71,"3",346168682941736
49,"34616868294",48.0,"3",346168682941736
49,"34616868294",48.0,"4",346168682941737
50,"34616868294",27.43,"4",346168682941737
51,"34616868294",8.57,"4",346168682941737
52,"34616868294",4.57,"4",346168682941737
52,"34616868294",4.57,"3",346168682941738
53,"34616868294",2.29,"3",346168682941738
54,"34616868294",1.14,"3",346168682941738
54,"34616868294",1.14,"2",346168682941739
55,"34616868294",0.86,"2",346168682941739
56,"34616868294",0.86,"2",346168682941739
56,"34616868294",0.86,"1b",346168682941740
57,"34616868294",0.29,"1b",346168682941740
58,"34616868294",0.71,"1b",346168682941740
58,"34616868294",0.71,"1",346168682941741
59,"34616868294",1.29,"1",346168682941741
60,"34616868294",1.14,"1",346168682941741
61,"34616868294",3.0,"1",346168682941741
62,"34616868294",9.0,"1",346168682941741
63,"34616868294",18.14,"1",346168682941741
64,"34616868294",13.57,"1",346168682941741
65,"34616868294",18.86,"1",346168682941741
66,"34616868294",26.29,"1",346168682941741
67,"34616868294",21.14,"1",346168682941741
68,"34616868294",34.86,"1",346168682941741
69,"34616868294",48.57,"1",346168682941741
70,"34616868294",72.0,"1",346168682941741
70,"34616868294",72.0,"2",346168682941742
71,"34616868294",54.86,"2",346168682941742
71,"34616868294",54.86,"3",346168682941743
72,"34616868294",48.0,"3",346168682941743
72,"34616868294",48.0,"2",346168682941744
73,"34616868294",36.57,"2",346168682941744
74,"34616868294",50.29,"2",346168682941744
74,"34616868294",50.29,"1b",346168682941745
75,"34616868294",75.43,"1b",346168682941745
76,"34616868294",84.57,"1b",346168682941745
76,"34616868294",84.57,"3",346168682941746
77,"34616868294",57.14,"3",346168682941746
77,"34616868294",57.14,"4",346168682941747
78,"34616868294",27.43,"4",346168682941747
79,"34616868294",15.43,"4",346168682941747
80,"34616868294",8.57,"4",346168682941747
80,"34616868294",8.57,"3",346168682941748
81,"34616868294",2.71,"3",346168682941748
81,"34616868294",2.71,"1",346171428521749
0,"34617142852",0.0,"1",346171428521749
1,"34617142852",0.29,"1",346171428521749
2,"34617142852",0.14,"1",346171428521749
3,"34617142852",0.71,"1",346171428521749
4,"34617142852",0.29,"1",346171428521749
5,"34617142852",1.0,"1",346171428521749
6,"34617142852",6.43,"1",346171428521749
6,"34617142852",6.43,"2",346171428521750
7,"34617142852",10.57,"2",346171428521750
7,"34617142852",10.57,"3",346171428521751
8,"34617142852",20.0,"3",346171428521751
9,"34617142852",14.86,"3",346171428521751
10,"34617142852",12.0,"3",346171428521751
10,"34617142852",12.0,"2",346171428521752
11,"34617142852",19.43,"2",346171428521752
11,"34617142852",19.43,"3",346171428521753
12,"34617142852",20.57,"3",346171428521753
13,"34617142852",19.43,"3",346171428521753
14,"34617142852",19.43,"3",346171428521753
15,"34617142852",29.71,"3",346171428521753
16,"34617142852",36.0,"3",346171428521753
17,"34617142852",46.86,"3",346171428521753
18,"34617142852",33.14,"3",346171428521753
18,"34617142852",33.14,"4",346171428521754
19,"34617142852",17.71,"4",346171428521754
20,"34617142852",17.14,"4",346171428521754
20,"34617142852",17.14,"3",346171428521755
21,"34617142852",13.71,"3",346171428521755
22,"34617142852",15.43,"3",346171428521755
23,"34617142852",12.57,"3",346171428521755
24,"34617142852",10.86,"3",346171428521755
25,"34617142852",8.0,"3",346171428521755
26,"34617142852",13.71,"3",346171428521755
27,"34617142852",23.43,"3",346171428521755
27,"34617142852",23.43,"2",346171428521756
28,"34617142852",24.0,"2",346171428521756
28,"34617142852",24.0,"3",346171428521757
29,"34617142852",28.0,"3",346171428521757
30,"34617142852",26.86,"3",346171428521757
30,"34617142852",26.86,"2",346171428521758
31,"34617142852",36.57,"2",346171428521758
32,"34617142852",42.86,"2",346171428521758
32,"34617142852",42.86,"1b",346171428521759
33,"34617142852",69.14,"1b",346171428521759
33,"34617142852",69.14,"3",346171428521760
34,"34617142852",45.71,"3",346171428521760
35,"34617142852",59.43,"3",346171428521760
35,"34617142852",59.43,"2",346171428521761
36,"34617142852",64.0,"2",346171428521761
37,"34617142852",144.0,"2",346171428521761
38,"34617142852",155.43,"2",346171428521761
38,"34617142852",155.43,"3",346171428521762
39,"34617142852",123.43,"3",346171428521762
39,"34617142852",123.43,"4",346171428521763
40,"34617142852",75.43,"4",346171428521763
41,"34617142852",38.86,"4",346171428521763
42,"34617142852",25.14,"4",346171428521763
43,"34617142852",22.86,"4",346171428521763
44,"34617142852",11.43,"4",346171428521763
44,"34617142852",11.43,"3",346171428521764
45,"34617142852",8.57,"3",346171428521764
46,"34617142852",14.86,"3",346171428521764
46,"34617142852",14.86,"2",346171428521765
47,"34617142852",27.43,"2",346171428521765
48,"34617142852",34.29,"2",346171428521765
48,"34617142852",34.29,"1b",346171428521766
49,"34617142852",48.57,"1b",346171428521766
50,"34617142852",74.86,"1b",346171428521766
50,"34617142852",74.86,"3",346171428521767
51,"34617142852",59.43,"3",346171428521767
51,"34617142852",59.43,"4",346171428521768
52,"34617142852",50.29,"4",346171428521768
53,"34617142852",22.86,"4",346171428521768
53,"34617142852",22.86,"3",346171428521769
54,"34617142852",32.0,"3",346171428521769
55,"34617142852",17.71,"3",346171428521769
55,"34617142852",17.71,"4",346171428521770
56,"34617142852",8.57,"4",346171428521770
57,"34617142852",6.14,"4",346171428521770
57,"34617142852",6.14,"3",346171428521771
58,"34617142852",4.14,"3",346171428521771
59,"34617142852",2.86,"3",346171428521771
59,"34617142852",2.86,"2",346171428521772
60,"34617142852",4.43,"2",346171428521772
61,"34617142852",2.29,"2",346171428521772
61,"34617142852",2.29,"1b",346171428521773
62,"34617142852",4.14,"1b",346171428521773
63,"34617142852",7.71,"1b",346171428521773
63,"34617142852",7.71,"1",346171428521774
64,"34617142852",25.57,"1",346171428521774
65,"34617142852",23.43,"1",346171428521774
66,"34617142852",38.86,"1",346171428521774
67,"34617142852",82.29,"1",346171428521774
67,"34617142852",82.29,"1b",346171428521775
68,"34617142852",57.14,"1b",346171428521775
69,"34617142852",192.0,"1b",346171428521775
69,"34617142852",192.0,"2",346171428521776
70,"34617142852",205.71,"2",346171428521776
70,"34617142852",205.71,"3",346171428521777
71,"34617142852",173.71,"3",346171428521777
71,"34617142852",173.71,"4",346171428521778
72,"34617142852",118.86,"4",346171428521778
73,"34617142852",118.86,"4",346171428521778
74,"34617142852",100.57,"4",346171428521778
75,"34617142852",41.14,"4",346171428521778
76,"34617142852",13.71,"4",346171428521778
76,"34617142852",13.71,"3",346171428521779
77,"34617142852",6.29,"3",346171428521779
78,"34617142852",3.0,"3",346171428521779
78,"34617142852",3.0,"2",346171428521780
79,"34617142852",2.86,"2",346171428521780
80,"34617142852",1.57,"2",346171428521780
80,"34617142852",1.57,"1b",346171428521781
81,"34617142852",3.29,"1",3461722671782
81,"34617142852",3.29,"1b",346171428521781
0,"346172267",0.0,"1",3461722671782
1,"346172267",0.0,"1",3461722671782
2,"346172267",0.0,"1",3461722671782
3,"346172267",0.0,"1",3461722671782
4,"346172267",0.43,"1",3461722671782
4,"346172267",0.43,"1b",3461722671783
5,"346172267",0.14,"1b",3461722671783
6,"346172267",0.29,"1b",3461722671783
6,"346172267",0.29,"1",3461722671784
7,"346172267",0.0,"1",3461722671784
8,"346172267",0.0,"1",3461722671784
9,"346172267",0.0,"1",3461722671784
10,"346172267",0.0,"1",3461722671784
11,"346172267",0.0,"1",3461722671784
12,"346172267",1.86,"1",3461722671784
12,"346172267",1.86,"2",3461722671785
13,"346172267",1.29,"2",3461722671785
14,"346172267",0.71,"2",3461722671785
14,"346172267",0.71,"1b",3461722671786
15,"346172267",1.0,"1b",3461722671786
15,"346172267",1.0,"2",3461722671787
16,"346172267",0.71,"2",3461722671787
17,"346172267",0.29,"2",3461722671787
17,"346172267",0.29,"1b",3461722671788
18,"346172267",0.0,"1b",3461722671788
19,"346172267",0.0,"1b",3461722671788
19,"346172267",0.0,"1",3461722671789
20,"346172267",0.0,"1",3461722671789
21,"346172267",0.0,"1",3461722671789
22,"346172267",0.0,"1",3461722671789
23,"346172267",1.57,"1",3461722671789
24,"346172267",2.86,"1",3461722671789
24,"346172267",2.86,"2",3461722671790
25,"346172267",3.29,"2",3461722671790
26,"346172267",2.29,"2",3461722671790
27,"346172267",1.71,"2",3461722671790
27,"346172267",1.71,"1b",3461722671791
28,"346172267",0.57,"1b",3461722671791
29,"346172267",1.29,"1b",3461722671791
29,"346172267",1.29,"1",3461722671792
30,"346172267",2.29,"1",3461722671792
31,"346172267",6.0,"1",3461722671792
32,"346172267",10.0,"1",3461722671792
33,"346172267",15.0,"1",3461722671792
34,"346172267",19.43,"1",3461722671792
35,"346172267",24.0,"1",3461722671792
36,"346172267",24.0,"1",3461722671792
37,"346172267",46.86,"1",3461722671792
38,"346172267",86.86,"1",3461722671792
38,"346172267",86.86,"2",3461722671793
39,"346172267",134.86,"2",3461722671793
39,"346172267",134.86,"4",3461722671794
40,"346172267",89.14,"4",3461722671794
41,"346172267",57.14,"4",3461722671794
42,"346172267",22.86,"4",3461722671794
43,"346172267",25.71,"4",3461722671794
44,"346172267",9.14,"4",3461722671794
44,"346172267",9.14,"3",3461722671795
45,"346172267",3.43,"3",3461722671795
46,"346172267",2.43,"3",3461722671795
46,"346172267",2.43,"2",3461722671796
47,"346172267",1.86,"2",3461722671796
48,"346172267",2.43,"2",3461722671796
48,"346172267",2.43,"1b",3461722671797
49,"346172267",5.57,"1b",3461722671797
50,"346172267",11.0,"1b",3461722671797
50,"346172267",11.0,"1",3461722671798
51,"346172267",18.71,"1",3461722671798
52,"346172267",16.57,"1",3461722671798
53,"346172267",30.86,"1",3461722671798
54,"346172267",70.86,"1",3461722671798
55,"346172267",102.29,"1",3461722671798
55,"346172267",102.29,"1b",3461722671799
56,"346172267",146.29,"1b",3461722671799
56,"346172267",146.29,"2",3461722671800
57,"346172267",153.14,"2",3461722671800
57,"346172267",153.14,"3",3461722671801
58,"346172267",121.14,"3",3461722671801
58,"346172267",121.14,"4",3461722671802
59,"346172267",75.43,"4",3461722671802
60,"346172267",41.14,"4",3461722671802
60,"346172267",41.14,"3",3461722671803
61,"346172267",52.57,"3",3461722671803
62,"346172267",80.0,"3",3461722671803
62,"346172267",80.0,"2",3461722671804
63,"346172267",102.86,"2",3461722671804
63,"346172267",102.86,"3",3461722671805
64,"346172267",80.0,"3",3461722671805
64,"346172267",80.0,"4",3461722671806
65,"346172267",32.0,"4",3461722671806
66,"346172267",17.71,"4",3461722671806
66,"346172267",17.71,"3",3461722671807
67,"346172267",12.0,"3",3461722671807
67,"346172267",12.0,"4",3461722671808
68,"346172267",3.43,"4",3461722671808
69,"346172267",3.0,"4",3461722671808
69,"346172267",3.0,"3",3461722671809
70,"346172267",1.57,"3",3461722671809
71,"346172267",1.43,"3",3461722671809
71,"346172267",1.43,"2",3461722671810
72,"346172267",2.86,"2",3461722671810
73,"346172267",4.29,"2",3461722671810
73,"346172267",4.29,"1b",3461722671811
74,"346172267",5.86,"1b",3461722671811
75,"346172267",10.14,"1b",3461722671811
75,"346172267",10.14,"1",3461722671812
76,"346172267",14.43,"1",3461722671812
77,"346172267",15.29,"1",3461722671812
78,"346172267",26.29,"1",3461722671812
79,"346172267",34.29,"1",3461722671812
80,"346172267",64.57,"1",3461722671812
80,"346172267",64.57,"1b",3461722671813
81,"346172267",97.14,"1b",3461722671813
81,"346172267",97.14,"1",34617519781814
0,"3461751978",0.0,"1",34617519781814
1,"3461751978",0.0,"1",34617519781814
2,"3461751978",0.0,"1",34617519781814
3,"3461751978",0.0,"1",34617519781814
4,"3461751978",0.0,"1",34617519781814
5,"3461751978",0.0,"1",34617519781814
6,"3461751978",0.0,"1",34617519781814
7,"3461751978",0.0,"1",34617519781814
8,"3461751978",0.0,"1",34617519781814
9,"3461751978",0.0,"1",34617519781814
10,"3461751978",0.0,"1",34617519781814
11,"3461751978",0.0,"1",34617519781814
12,"3461751978",0.0,"1",34617519781814
13,"3461751978",0.29,"1",34617519781814
14,"3461751978",0.0,"1",34617519781814
15,"3461751978",0.0,"1",34617519781814
16,"3461751978",0.14,"1",34617519781814
16,"3461751978",0.14,"1b",34617519781815
17,"3461751978",0.43,"1b",34617519781815
18,"3461751978",0.0,"1b",34617519781815
18,"3461751978",0.0,"1",34617519781816
19,"3461751978",0.14,"1",34617519781816
20,"3461751978",0.14,"1",34617519781816
21,"3461751978",0.0,"1",34617519781816
22,"3461751978",0.14,"1",34617519781816
23,"3461751978",0.0,"1",34617519781816
24,"3461751978",0.57,"1",34617519781816
24,"3461751978",0.57,"1b",34617519781817
25,"3461751978",1.29,"1b",34617519781817
26,"3461751978",1.57,"1b",34617519781817
26,"3461751978",1.57,"2",34617519781818
27,"3461751978",3.43,"2",34617519781818
28,"3461751978",1.43,"2",34617519781818
29,"3461751978",0.29,"2",34617519781818
29,"3461751978",0.29,"1b",34617519781819
30,"3461751978",0.0,"1b",34617519781819
31,"3461751978",0.0,"1b",34617519781819
31,"3461751978",0.0,"1",34617519781820
32,"3461751978",0.86,"1",34617519781820
33,"3461751978",1.43,"1",34617519781820
34,"3461751978",2.71,"1",34617519781820
35,"3461751978",2.71,"1",34617519781820
36,"3461751978",4.57,"1",34617519781820
37,"3461751978",3.29,"1",34617519781820
38,"3461751978",3.71,"1",34617519781820
39,"3461751978",4.0,"1",34617519781820
40,"3461751978",7.14,"1",34617519781820
41,"3461751978",9.29,"1",34617519781820
42,"3461751978",8.71,"1",34617519781820
43,"3461751978",13.0,"1",34617519781820
44,"3461751978",13.43,"1",34617519781820
45,"3461751978",12.0,"1",34617519781820
46,"3461751978",30.29,"1",34617519781820
47,"3461751978",68.0,"1",34617519781820
48,"3461751978",109.14,"1",34617519781820
48,"3461751978",109.14,"1b",34617519781821
49,"3461751978",109.71,"1b",34617519781821
49,"3461751978",109.71,"2",34617519781822
50,"3461751978",157.71,"2",34617519781822
50,"3461751978",157.71,"3",34617519781823
51,"3461751978",59.43,"3",34617519781823
51,"3461751978",59.43,"4",34617519781824
52,"3461751978",27.43,"4",34617519781824
53,"3461751978",9.14,"4",34617519781824
54,"3461751978",2.86,"4",34617519781824
54,"3461751978",2.86,"3",34617519781825
55,"3461751978",1.29,"3",34617519781825
56,"3461751978",1.43,"3",34617519781825
56,"3461751978",1.43,"2",34617519781826
57,"3461751978",0.86,"2",34617519781826
58,"3461751978",0.29,"2",34617519781826
58,"3461751978",0.29,"1b",34617519781827
59,"3461751978",0.57,"1b",34617519781827
60,"3461751978",0.71,"1b",34617519781827
60,"3461751978",0.71,"1",34617519781828
61,"3461751978",0.86,"1",34617519781828
62,"3461751978",1.86,"1",34617519781828
63,"3461751978",4.43,"1",34617519781828
64,"3461751978",9.14,"1",34617519781828
65,"3461751978",18.43,"1",34617519781828
66,"3461751978",34.71,"1",34617519781828
67,"3461751978",63.43,"1",34617519781828
68,"3461751978",67.43,"1",34617519781828
68,"3461751978",67.43,"3",34617519781829
69,"3461751978",59.43,"3",34617519781829
69,"3461751978",59.43,"4",34617519781830
70,"3461751978",18.29,"4",34617519781830
71,"3461751978",7.43,"4",34617519781830
72,"3461751978",5.57,"4",34617519781830
72,"3461751978",5.57,"3",34617519781831
73,"3461751978",2.0,"3",34617519781831
74,"3461751978",1.29,"3",34617519781831
74,"3461751978",1.29,"2",34617519781832
75,"3461751978",1.29,"2",34617519781832
76,"3461751978",0.71,"2",34617519781832
76,"3461751978",0.71,"1b",34617519781833
77,"3461751978",1.57,"1b",34617519781833
78,"3461751978",3.57,"1b",34617519781833
78,"3461751978",3.57,"1",34617519781834
79,"3461751978",6.86,"1",34617519781834
80,"3461751978",10.14,"1",34617519781834
81,"3461751978",13.29,"1",34617519781834
81,"3461751978",13.29,"1",346177431971834
0,"34617743197",0.0,"1",346177431971834
1,"34617743197",0.0,"1",346177431971834
2,"34617743197",0.0,"1",346177431971834
3,"34617743197",1.29,"1",346177431971834
4,"34617743197",3.14,"1",346177431971834
4,"34617743197",3.14,"2",346177431971835
5,"34617743197",7.71,"2",346177431971835
6,"34617743197",12.43,"2",346177431971835
6,"34617743197",12.43,"3",346177431971836
7,"34617743197",6.57,"3",346177431971836
8,"34617743197",7.86,"3",346177431971836
8,"34617743197",7.86,"2",346177431971837
9,"34617743197",11.43,"2",346177431971837
9,"34617743197",11.43,"3",346177431971838
10,"34617743197",13.14,"3",346177431971838
11,"34617743197",9.71,"3",346177431971838
12,"34617743197",8.71,"3",346177431971838
12,"34617743197",8.71,"2",346177431971839
13,"34617743197",8.71,"2",346177431971839
13,"34617743197",8.71,"3",346177431971840
14,"34617743197",9.29,"3",346177431971840
15,"34617743197",6.43,"3",346177431971840
16,"34617743197",2.29,"3",346177431971840
16,"34617743197",2.29,"2",346177431971841
17,"34617743197",2.71,"2",346177431971841
18,"34617743197",1.71,"2",346177431971841
18,"34617743197",1.71,"1b",346177431971842
19,"34617743197",1.29,"1b",346177431971842
20,"34617743197",5.71,"1b",346177431971842
20,"34617743197",5.71,"2",346177431971843
21,"34617743197",3.29,"2",346177431971843
22,"34617743197",4.14,"2",346177431971843
23,"34617743197",4.43,"2",346177431971843
24,"34617743197",4.29,"2",346177431971843
25,"34617743197",3.29,"2",346177431971843
26,"34617743197",5.29,"2",346177431971843
27,"34617743197",5.86,"2",346177431971843
28,"34617743197",7.0,"2",346177431971843
29,"34617743197",5.71,"2",346177431971843
30,"34617743197",4.57,"2",346177431971843
30,"34617743197",4.57,"1b",346177431971844
31,"34617743197",6.71,"1b",346177431971844
32,"34617743197",7.29,"1b",346177431971844
32,"34617743197",7.29,"1",346177431971845
33,"34617743197",7.43,"1",346177431971845
34,"34617743197",9.14,"1",346177431971845
35,"34617743197",14.14,"1",346177431971845
36,"34617743197",15.0,"1",346177431971845
37,"34617743197",14.29,"1",346177431971845
38,"34617743197",7.43,"1",346177431971845
39,"34617743197",5.14,"1",346177431971845
40,"34617743197",6.43,"1",346177431971845
41,"34617743197",1.71,"1",346177431971845
42,"34617743197",4.14,"1",346177431971845
43,"34617743197",6.86,"1",346177431971845
44,"34617743197",13.0,"1",346177431971845
45,"34617743197",17.57,"1",346177431971845
46,"34617743197",12.0,"1",346177431971845
47,"34617743197",18.29,"1",346177431971845
48,"34617743197",22.29,"1",346177431971845
49,"34617743197",38.29,"1",346177431971845
50,"34617743197",52.57,"1",346177431971845
51,"34617743197",63.43,"1",346177431971845
51,"34617743197",63.43,"1b",346177431971846
52,"34617743197",50.29,"1b",346177431971846
53,"34617743197",52.57,"1b",346177431971846
53,"34617743197",52.57,"2",346177431971847
54,"34617743197",34.29,"2",346177431971847
54,"34617743197",34.29,"3",346177431971848
55,"34617743197",29.71,"3",346177431971848
56,"34617743197",18.29,"3",346177431971848
56,"34617743197",18.29,"2",346177431971849
57,"34617743197",9.71,"2",346177431971849
58,"34617743197",12.0,"2",346177431971849
58,"34617743197",12.0,"1b",346177431971850
59,"34617743197",6.29,"1b",346177431971850
60,"34617743197",3.43,"1b",346177431971850
60,"34617743197",3.43,"1",346177431971851
61,"34617743197",3.71,"1",346177431971851
62,"34617743197",3.29,"1",346177431971851
63,"34617743197",3.86,"1",346177431971851
64,"34617743197",6.86,"1",346177431971851
65,"34617743197",6.29,"1",346177431971851
66,"34617743197",8.86,"1",346177431971851
67,"34617743197",14.14,"1",346177431971851
68,"34617743197",14.0,"1",346177431971851
69,"34617743197",6.29,"1",346177431971851
70,"34617743197",4.0,"1",346177431971851
71,"34617743197",2.86,"1",346177431971851
72,"34617743197",1.43,"1",346177431971851
73,"34617743197",3.29,"1",346177431971851
74,"34617743197",4.71,"1",346177431971851
75,"34617743197",4.0,"1",346177431971851
76,"34617743197",3.29,"1",346177431971851
77,"34617743197",3.71,"1",346177431971851
78,"34617743197",2.14,"1",346177431971851
79,"34617743197",3.14,"1",346177431971851
80,"34617743197",5.14,"1",346177431971851
81,"34617743197",8.43,"1",34618287811851
81,"34617743197",8.43,"1",346177431971851
0,"3461828781",0.0,"1",34618287811851
1,"3461828781",0.0,"1",34618287811851
2,"3461828781",0.0,"1",34618287811851
3,"3461828781",0.0,"1",34618287811851
4,"3461828781",0.0,"1",34618287811851
5,"3461828781",0.29,"1",34618287811851
6,"3461828781",1.57,"1",34618287811851
7,"3461828781",5.29,"1",34618287811851
7,"3461828781",5.29,"2",34618287811852
8,"3461828781",6.57,"2",34618287811852
9,"3461828781",7.71,"2",34618287811852
10,"3461828781",5.0,"2",34618287811852
11,"3461828781",4.0,"2",34618287811852
12,"3461828781",4.57,"2",34618287811852
13,"3461828781",4.29,"2",34618287811852
14,"3461828781",5.0,"2",34618287811852
15,"3461828781",3.71,"2",34618287811852
16,"3461828781",4.57,"2",34618287811852
17,"3461828781",5.29,"2",34618287811852
18,"3461828781",4.71,"2",34618287811852
19,"3461828781",8.0,"2",34618287811852
20,"3461828781",6.86,"2",34618287811852
21,"3461828781",6.0,"2",34618287811852
22,"3461828781",4.14,"2",34618287811852
23,"3461828781",3.43,"2",34618287811852
24,"3461828781",2.71,"2",34618287811852
25,"3461828781",1.29,"2",34618287811852
26,"3461828781",1.0,"2",34618287811852
26,"3461828781",1.0,"1b",34618287811853
27,"3461828781",0.57,"1b",34618287811853
28,"3461828781",2.14,"1b",34618287811853
29,"3461828781",1.57,"1b",34618287811853
29,"3461828781",1.57,"2",34618287811854
30,"3461828781",1.57,"2",34618287811854
31,"3461828781",0.29,"2",34618287811854
31,"3461828781",0.29,"1b",34618287811855
32,"3461828781",0.29,"1b",34618287811855
33,"3461828781",0.86,"1b",34618287811855
33,"3461828781",0.86,"1",34618287811856
34,"3461828781",0.86,"1",34618287811856
35,"3461828781",0.71,"1",34618287811856
36,"3461828781",2.0,"1",34618287811856
37,"3461828781",6.29,"1",34618287811856
38,"3461828781",8.57,"1",34618287811856
39,"3461828781",9.71,"1",34618287811856
40,"3461828781",10.57,"1",34618287811856
41,"3461828781",13.0,"1",34618287811856
42,"3461828781",18.14,"1",34618287811856
43,"3461828781",10.86,"1",34618287811856
44,"3461828781",25.71,"1",34618287811856
45,"3461828781",21.71,"1",34618287811856
46,"3461828781",36.0,"1",34618287811856
47,"3461828781",54.29,"1",34618287811856
48,"3461828781",50.86,"1",34618287811856
48,"3461828781",50.86,"1b",34618287811857
49,"3461828781",69.14,"1b",34618287811857
50,"3461828781",59.43,"1b",34618287811857
51,"3461828781",45.71,"1b",34618287811857
52,"3461828781",54.86,"1b",34618287811857
52,"3461828781",54.86,"1",34618287811858
53,"3461828781",50.29,"1",34618287811858
54,"3461828781",96.0,"1",34618287811858
55,"3461828781",137.14,"1",34618287811858
55,"3461828781",137.14,"2",34618287811859
56,"3461828781",116.57,"2",34618287811859
56,"3461828781",116.57,"4",34618287811860
57,"3461828781",107.43,"4",34618287811860
58,"3461828781",48.0,"4",34618287811860
59,"3461828781",50.29,"4",34618287811860
59,"3461828781",50.29,"3",34618287811861
60,"3461828781",80.0,"3",34618287811861
61,"3461828781",75.43,"3",34618287811861
61,"3461828781",75.43,"4",34618287811862
62,"3461828781",68.57,"4",34618287811862
63,"3461828781",25.14,"4",34618287811862
63,"3461828781",25.14,"3",34618287811863
64,"3461828781",19.43,"3",34618287811863
64,"3461828781",19.43,"4",34618287811864
65,"3461828781",12.57,"4",34618287811864
66,"3461828781",7.71,"4",34618287811864
66,"3461828781",7.71,"3",34618287811865
67,"3461828781",2.14,"3",34618287811865
68,"3461828781",1.14,"3",34618287811865
68,"3461828781",1.14,"2",34618287811866
69,"3461828781",0.57,"2",34618287811866
70,"3461828781",0.43,"2",34618287811866
70,"3461828781",0.43,"1b",34618287811867
71,"3461828781",2.14,"1b",34618287811867
72,"3461828781",3.57,"1b",34618287811867
72,"3461828781",3.57,"1",34618287811868
73,"3461828781",4.86,"1",34618287811868
74,"3461828781",3.86,"1",34618287811868
75,"3461828781",2.43,"1",34618287811868
76,"3461828781",1.86,"1",34618287811868
77,"3461828781",4.0,"1",34618287811868
78,"3461828781",4.86,"1",34618287811868
79,"3461828781",9.0,"1",34618287811868
80,"3461828781",7.86,"1",34618287811868
81,"3461828781",9.43,"1",34618287811868
81,"3461828781",9.43,"1",346184479071868
0,"34618447907",0.0,"1",346184479071868
1,"34618447907",0.43,"1",346184479071868
2,"34618447907",3.0,"1",346184479071868
3,"34618447907",12.0,"1",346184479071868
3,"34618447907",12.0,"2",346184479071869
4,"34618447907",21.57,"2",346184479071869
4,"34618447907",21.57,"3",346184479071870
5,"34618447907",18.86,"3",346184479071870
6,"34618447907",17.71,"3",346184479071870
7,"34618447907",23.43,"3",346184479071870
8,"34618447907",24.0,"3",346184479071870
9,"34618447907",26.86,"3",346184479071870
10,"34618447907",35.43,"3",346184479071870
11,"34618447907",33.14,"3",346184479071870
12,"34618447907",33.14,"3",346184479071870
13,"34618447907",29.14,"3",346184479071870
14,"34618447907",39.43,"3",346184479071870
15,"34618447907",26.86,"3",346184479071870
16,"34618447907",28.57,"3",346184479071870
17,"34618447907",23.43,"3",346184479071870
18,"34618447907",24.57,"3",346184479071870
19,"34618447907",23.43,"3",346184479071870
20,"34618447907",13.14,"3",346184479071870
21,"34618447907",8.57,"3",346184479071870
22,"34618447907",1.57,"3",346184479071870
23,"34618447907",2.14,"3",346184479071870
24,"34618447907",0.29,"3",346184479071870
24,"34618447907",0.29,"2",346184479071871
25,"34618447907",0.0,"2",346184479071871
26,"34618447907",0.0,"2",346184479071871
26,"34618447907",0.0,"1b",346184479071872
27,"34618447907",0.0,"1b",346184479071872
28,"34618447907",0.0,"1b",346184479071872
28,"34618447907",0.0,"1",346184479071873
29,"34618447907",0.0,"1",346184479071873
30,"34618447907",0.43,"1",346184479071873
31,"34618447907",1.0,"1",346184479071873
32,"34618447907",5.43,"1",346184479071873
33,"34618447907",9.29,"1",346184479071873
34,"34618447907",15.29,"1",346184479071873
35,"34618447907",21.57,"1",346184479071873
36,"34618447907",44.0,"1",346184479071873
37,"34618447907",74.29,"1",346184479071873
38,"34618447907",161.71,"1",346184479071873
39,"34618447907",274.29,"1",346184479071873
39,"34618447907",274.29,"3",346184479071874
40,"34618447907",182.86,"3",346184479071874
40,"34618447907",182.86,"4",346184479071875
41,"34618447907",118.86,"4",346184479071875
42,"34618447907",27.43,"4",346184479071875
43,"34618447907",22.86,"4",346184479071875
44,"34618447907",4.57,"4",346184479071875
44,"34618447907",4.57,"3",346184479071876
45,"34618447907",3.57,"3",346184479071876
46,"34618447907",2.43,"3",346184479071876
46,"34618447907",2.43,"2",346184479071877
47,"34618447907",0.71,"2",346184479071877
48,"34618447907",0.57,"2",346184479071877
48,"34618447907",0.57,"1b",346184479071878
49,"34618447907",0.43,"1b",346184479071878
50,"34618447907",1.0,"1b",346184479071878
50,"34618447907",1.0,"1",346184479071879
51,"34618447907",0.57,"1",346184479071879
52,"34618447907",1.14,"1",346184479071879
53,"34618447907",3.29,"1",346184479071879
54,"34618447907",8.14,"1",346184479071879
55,"34618447907",13.43,"1",346184479071879
56,"34618447907",16.14,"1",346184479071879
57,"34618447907",17.71,"1",346184479071879
58,"34618447907",17.71,"1",346184479071879
59,"34618447907",13.14,"1",346184479071879
60,"34618447907",14.86,"1",346184479071879
61,"34618447907",30.29,"1",346184479071879
62,"34618447907",62.86,"1",346184479071879
63,"34618447907",92.57,"1",346184479071879
63,"34618447907",92.57,"2",346184479071880
64,"34618447907",116.57,"2",346184479071880
64,"34618447907",116.57,"3",346184479071881
65,"34618447907",77.71,"3",346184479071881
65,"34618447907",77.71,"4",346184479071882
66,"34618447907",36.57,"4",346184479071882
67,"34618447907",15.43,"4",346184479071882
67,"34618447907",15.43,"3",346184479071883
68,"34618447907",6.29,"3",346184479071883
68,"34618447907",6.29,"4",346184479071884
69,"34618447907",3.0,"4",346184479071884
70,"34618447907",1.43,"4",346184479071884
70,"34618447907",1.43,"3",346184479071885
71,"34618447907",1.86,"3",346184479071885
72,"34618447907",2.57,"3",346184479071885
72,"34618447907",2.57,"2",346184479071886
73,"34618447907",2.0,"2",346184479071886
74,"34618447907",1.86,"2",346184479071886
74,"34618447907",1.86,"1b",346184479071887
75,"34618447907",2.0,"1b",346184479071887
76,"34618447907",3.29,"1b",346184479071887
76,"34618447907",3.29,"1",346184479071888
77,"34618447907",10.0,"1",346184479071888
78,"34618447907",17.57,"1",346184479071888
79,"34618447907",27.0,"1",346184479071888
80,"34618447907",48.57,"1",346184479071888
81,"34618447907",74.86,"1",346184479071888
81,"34618447907",74.86,"1",346187070821888
0,"34618707082",0.0,"1",346187070821888
1,"34618707082",0.0,"1",346187070821888
2,"34618707082",0.0,"1",346187070821888
3,"34618707082",0.0,"1",346187070821888
4,"34618707082",0.0,"1",346187070821888
5,"34618707082",0.0,"1",346187070821888
6,"34618707082",0.0,"1",346187070821888
7,"34618707082",0.0,"1",346187070821888
8,"34618707082",0.0,"1",346187070821888
9,"34618707082",0.0,"1",346187070821888
10,"34618707082",0.43,"1",346187070821888
11,"34618707082",0.29,"1",346187070821888
12,"34618707082",1.57,"1",346187070821888
13,"34618707082",2.86,"1",346187070821888
13,"34618707082",2.86,"2",346187070821889
14,"34618707082",3.14,"2",346187070821889
15,"34618707082",1.29,"2",346187070821889
15,"34618707082",1.29,"1b",346187070821890
16,"34618707082",3.14,"1b",346187070821890
16,"34618707082",3.14,"2",346187070821891
17,"34618707082",3.86,"2",346187070821891
18,"34618707082",6.29,"2",346187070821891
19,"34618707082",5.14,"2",346187070821891
20,"34618707082",10.29,"2",346187070821891
20,"34618707082",10.29,"3",346187070821892
21,"34618707082",7.71,"3",346187070821892
22,"34618707082",5.86,"3",346187070821892
22,"34618707082",5.86,"2",346187070821893
23,"34618707082",4.57,"2",346187070821893
24,"34618707082",5.57,"2",346187070821893
25,"34618707082",4.29,"2",346187070821893
26,"34618707082",2.71,"2",346187070821893
27,"34618707082",5.0,"2",346187070821893
28,"34618707082",5.71,"2",346187070821893
29,"34618707082",6.86,"2",346187070821893
29,"34618707082",6.86,"3",346187070821894
30,"34618707082",3.71,"3",346187070821894
31,"34618707082",4.0,"3",346187070821894
31,"34618707082",4.0,"2",346187070821895
32,"34618707082",5.0,"2",346187070821895
33,"34618707082",8.14,"2",346187070821895
33,"34618707082",8.14,"1b",346187070821896
34,"34618707082",7.71,"1b",346187070821896
35,"34618707082",6.43,"1b",346187070821896
35,"34618707082",6.43,"1",346187070821897
36,"34618707082",9.57,"1",346187070821897
37,"34618707082",15.57,"1",346187070821897
38,"34618707082",21.0,"1",346187070821897
39,"34618707082",27.43,"1",346187070821897
40,"34618707082",40.0,"1",346187070821897
41,"34618707082",85.14,"1",346187070821897
41,"34618707082",85.14,"2",346187070821898
42,"34618707082",70.86,"2",346187070821898
42,"34618707082",70.86,"3",346187070821899
43,"34618707082",98.29,"3",346187070821899
43,"34618707082",98.29,"4",346187070821900
44,"34618707082",84.57,"4",346187070821900
45,"34618707082",70.86,"4",346187070821900
46,"34618707082",48.0,"4",346187070821900
47,"34618707082",20.57,"4",346187070821900
47,"34618707082",20.57,"3",346187070821901
48,"34618707082",10.29,"3",346187070821901
48,"34618707082",10.29,"4",346187070821902
49,"34618707082",6.29,"4",346187070821902
50,"34618707082",3.43,"4",346187070821902
50,"34618707082",3.43,"3",346187070821903
51,"34618707082",1.57,"3",346187070821903
52,"34618707082",1.71,"3",346187070821903
52,"34618707082",1.71,"2",346187070821904
53,"34618707082",1.0,"2",346187070821904
54,"34618707082",2.0,"2",346187070821904
54,"34618707082",2.0,"1b",346187070821905
55,"34618707082",3.14,"1b",346187070821905
56,"34618707082",2.86,"1b",346187070821905
56,"34618707082",2.86,"1",346187070821906
57,"34618707082",7.14,"1",346187070821906
58,"34618707082",13.86,"1",346187070821906
59,"34618707082",19.29,"1",346187070821906
60,"34618707082",22.86,"1",346187070821906
61,"34618707082",39.43,"1",346187070821906
62,"34618707082",80.57,"1",346187070821906
62,"34618707082",80.57,"2",346187070821907
63,"34618707082",45.71,"2",346187070821907
63,"34618707082",45.71,"4",346187070821908
64,"34618707082",20.57,"4",346187070821908
65,"34618707082",22.86,"4",346187070821908
66,"34618707082",3.43,"4",346187070821908
66,"34618707082",3.43,"3",346187070821909
67,"34618707082",3.86,"3",346187070821909
68,"34618707082",1.71,"3",346187070821909
68,"34618707082",1.71,"2",346187070821910
69,"34618707082",0.71,"2",346187070821910
70,"34618707082",1.71,"2",346187070821910
70,"34618707082",1.71,"1b",346187070821911
71,"34618707082",1.43,"1b",346187070821911
72,"34618707082",1.57,"1b",346187070821911
72,"34618707082",1.57,"1",346187070821912
73,"34618707082",1.43,"1",346187070821912
74,"34618707082",1.57,"1",346187070821912
75,"34618707082",1.71,"1",346187070821912
76,"34618707082",6.0,"1",346187070821912
77,"34618707082",10.29,"1",346187070821912
78,"34618707082",12.57,"1",346187070821912
79,"34618707082",17.14,"1",346187070821912
80,"34618707082",30.29,"1",346187070821912
81,"34618707082",38.86,"1",346187070821912
81,"34618707082",38.86,"1",346189229131912
0,"34618922913",0.0,"1",346189229131912
1,"34618922913",0.0,"1",346189229131912
2,"34618922913",0.0,"1",346189229131912
3,"34618922913",0.14,"1",346189229131912
4,"34618922913",0.71,"1",346189229131912
5,"34618922913",3.14,"1",346189229131912
6,"34618922913",8.14,"1",346189229131912
6,"34618922913",8.14,"2",346189229131913
7,"34618922913",14.0,"2",346189229131913
7,"34618922913",14.0,"3",346189229131914
8,"34618922913",15.14,"3",346189229131914
9,"34618922913",14.86,"3",346189229131914
10,"34618922913",13.14,"3",346189229131914
11,"34618922913",18.86,"3",346189229131914
11,"34618922913",18.86,"2",346189229131915
12,"34618922913",33.14,"2",346189229131915
12,"34618922913",33.14,"3",346189229131916
13,"34618922913",38.86,"3",346189229131916
14,"34618922913",25.14,"3",346189229131916
15,"34618922913",49.14,"3",346189229131916
16,"34618922913",38.29,"3",346189229131916
16,"34618922913",38.29,"4",346189229131917
17,"34618922913",27.43,"4",346189229131917
18,"34618922913",16.0,"4",346189229131917
18,"34618922913",16.0,"3",346189229131918
19,"34618922913",9.14,"3",346189229131918
20,"34618922913",13.71,"3",346189229131918
21,"34618922913",5.29,"3",346189229131918
22,"34618922913",4.14,"3",346189229131918
22,"34618922913",4.14,"2",346189229131919
23,"34618922913",2.29,"2",346189229131919
24,"34618922913",1.29,"2",346189229131919
25,"34618922913",0.86,"2",346189229131919
25,"34618922913",0.86,"1b",346189229131920
26,"34618922913",0.29,"1b",346189229131920
27,"34618922913",0.29,"1b",346189229131920
28,"34618922913",0.14,"1b",346189229131920
28,"34618922913",0.14,"1",346189229131921
29,"34618922913",0.0,"1",346189229131921
30,"34618922913",0.57,"1",346189229131921
31,"34618922913",3.29,"1",346189229131921
32,"34618922913",8.0,"1",346189229131921
33,"34618922913",14.29,"1",346189229131921
34,"34618922913",14.43,"1",346189229131921
35,"34618922913",10.86,"1",346189229131921
36,"34618922913",11.43,"1",346189229131921
37,"34618922913",21.14,"1",346189229131921
38,"34618922913",20.0,"1",346189229131921
39,"34618922913",35.43,"1",346189229131921
40,"34618922913",48.0,"1",346189229131921
41,"34618922913",58.86,"1",346189229131921
41,"34618922913",58.86,"2",346189229131922
42,"34618922913",32.0,"2",346189229131922
42,"34618922913",32.0,"4",346189229131923
43,"34618922913",18.29,"4",346189229131923
44,"34618922913",16.0,"4",346189229131923
44,"34618922913",16.0,"3",346189229131924
45,"34618922913",6.86,"3",346189229131924
46,"34618922913",5.14,"3",346189229131924
46,"34618922913",5.14,"2",346189229131925
47,"34618922913",3.0,"2",346189229131925
48,"34618922913",2.43,"2",346189229131925
48,"34618922913",2.43,"1b",346189229131926
49,"34618922913",3.0,"1b",346189229131926
50,"34618922913",1.71,"1b",346189229131926
50,"34618922913",1.71,"1",346189229131927
51,"34618922913",1.14,"1",346189229131927
52,"34618922913",0.71,"1",346189229131927
53,"34618922913",2.0,"1",346189229131927
54,"34618922913",5.29,"1",346189229131927
55,"34618922913",11.57,"1",346189229131927
56,"34618922913",20.29,"1",346189229131927
57,"34618922913",14.29,"1",346189229131927
58,"34618922913",31.43,"1",346189229131927
59,"34618922913",67.43,"1",346189229131927
60,"34618922913",74.29,"1",346189229131927
60,"34618922913",74.29,"1b",346189229131928
61,"34618922913",50.29,"1b",346189229131928
62,"34618922913",86.86,"1b",346189229131928
62,"34618922913",86.86,"2",346189229131929
63,"34618922913",96.0,"2",346189229131929
63,"34618922913",96.0,"3",346189229131930
64,"34618922913",66.29,"3",346189229131930
65,"34618922913",57.14,"3",346189229131930
65,"34618922913",57.14,"2",346189229131931
66,"34618922913",66.29,"2",346189229131931
67,"34618922913",114.29,"2",346189229131931
68,"34618922913",185.14,"2",346189229131931
68,"34618922913",185.14,"1b",346189229131932
69,"34618922913",363.43,"1b",346189229131932
69,"34618922913",363.43,"4",346189229131933
70,"34618922913",155.43,"4",346189229131933
71,"34618922913",155.43,"4",346189229131933
72,"34618922913",164.57,"4",346189229131933
73,"34618922913",118.86,"4",346189229131933
73,"34618922913",118.86,"3",346189229131934
74,"34618922913",192.0,"3",346189229131934
74,"34618922913",192.0,"4",346189229131935
75,"34618922913",137.14,"4",346189229131935
76,"34618922913",164.57,"4",346189229131935
77,"34618922913",128.0,"4",346189229131935
78,"34618922913",54.86,"4",346189229131935
79,"34618922913",50.29,"4",346189229131935
80,"34618922913",15.43,"4",346189229131935
80,"34618922913",15.43,"3",346189229131936
81,"34618922913",10.29,"3",346189229131936
81,"34618922913",10.29,"1",346190920191937
0,"34619092019",0.0,"1",346190920191937
1,"34619092019",0.0,"1",346190920191937
2,"34619092019",0.0,"1",346190920191937
3,"34619092019",0.0,"1",346190920191937
4,"34619092019",0.0,"1",346190920191937
5,"34619092019",0.0,"1",346190920191937
6,"34619092019",0.0,"1",346190920191937
7,"34619092019",0.0,"1",346190920191937
8,"34619092019",0.0,"1",346190920191937
9,"34619092019",0.0,"1",346190920191937
10,"34619092019",0.0,"1",346190920191937
11,"34619092019",0.0,"1",346190920191937
12,"34619092019",0.0,"1",346190920191937
13,"34619092019",0.0,"1",346190920191937
14,"34619092019",0.43,"1",346190920191937
15,"34619092019",1.57,"1",346190920191937
15,"34619092019",1.57,"2",346190920191938
16,"34619092019",1.29,"2",346190920191938
17,"34619092019",0.14,"2",346190920191938
17,"34619092019",0.14,"1b",346190920191939
18,"34619092019",0.14,"1b",346190920191939
19,"34619092019",0.29,"1b",346190920191939
19,"34619092019",0.29,"1",346190920191940
20,"34619092019",0.0,"1",346190920191940
21,"34619092019",0.0,"1",346190920191940
22,"34619092019",0.0,"1",346190920191940
23,"34619092019",0.0,"1",346190920191940
24,"34619092019",0.0,"1",346190920191940
25,"34619092019",0.0,"1",346190920191940
26,"34619092019",0.0,"1",346190920191940
27,"34619092019",0.0,"1",346190920191940
28,"34619092019",0.14,"1",346190920191940
29,"34619092019",1.43,"1",346190920191940
29,"34619092019",1.43,"1b",346190920191941
30,"34619092019",1.14,"1b",346190920191941
31,"34619092019",0.86,"1b",346190920191941
31,"34619092019",0.86,"1",346190920191942
32,"34619092019",1.0,"1",346190920191942
33,"34619092019",2.14,"1",346190920191942
34,"34619092019",3.57,"1",346190920191942
35,"34619092019",12.86,"1",346190920191942
36,"34619092019",23.57,"1",346190920191942
37,"34619092019",34.29,"1",346190920191942
38,"34619092019",73.14,"1",346190920191942
38,"34619092019",73.14,"2",346190920191943
39,"34619092019",55.43,"2",346190920191943
39,"34619092019",55.43,"3",346190920191944
40,"34619092019",41.14,"3",346190920191944
40,"34619092019",41.14,"2",346190920191945
41,"34619092019",68.57,"2",346190920191945
41,"34619092019",68.57,"3",346190920191946
42,"34619092019",77.71,"3",346190920191946
43,"34619092019",70.86,"3",346190920191946
43,"34619092019",70.86,"4",346190920191947
44,"34619092019",22.86,"4",346190920191947
45,"34619092019",22.86,"4",346190920191947
46,"34619092019",9.14,"4",346190920191947
46,"34619092019",9.14,"3",346190920191948
47,"34619092019",4.0,"3",346190920191948
48,"34619092019",2.29,"3",346190920191948
48,"34619092019",2.29,"2",346190920191949
49,"34619092019",1.29,"2",346190920191949
50,"34619092019",2.29,"2",346190920191949
50,"34619092019",2.29,"1b",346190920191950
51,"34619092019",4.14,"1b",346190920191950
52,"34619092019",2.29,"1b",346190920191950
52,"34619092019",2.29,"1",346190920191951
53,"34619092019",5.57,"1",346190920191951
54,"34619092019",9.57,"1",346190920191951
55,"34619092019",15.57,"1",346190920191951
56,"34619092019",40.0,"1",346190920191951
57,"34619092019",56.0,"1",346190920191951
58,"34619092019",81.71,"1",346190920191951
58,"34619092019",81.71,"1b",346190920191952
59,"34619092019",144.0,"1b",346190920191952
60,"34619092019",228.57,"1b",346190920191952
60,"34619092019",228.57,"3",346190920191953
61,"34619092019",272.0,"3",346190920191953
61,"34619092019",272.0,"4",346190920191954
62,"34619092019",182.86,"4",346190920191954
63,"34619092019",100.57,"4",346190920191954
64,"34619092019",73.14,"4",346190920191954
65,"34619092019",16.0,"4",346190920191954
66,"34619092019",10.29,"4",346190920191954
66,"34619092019",10.29,"3",346190920191955
67,"34619092019",5.43,"3",346190920191955
68,"34619092019",3.14,"3",346190920191955
68,"34619092019",3.14,"2",346190920191956
69,"34619092019",2.57,"2",346190920191956
70,"34619092019",1.14,"2",346190920191956
70,"34619092019",1.14,"1b",346190920191957
71,"34619092019",2.43,"1b",346190920191957
72,"34619092019",2.86,"1b",346190920191957
72,"34619092019",2.86,"1",346190920191958
73,"34619092019",3.29,"1",346190920191958
74,"34619092019",5.71,"1",346190920191958
75,"34619092019",9.86,"1",346190920191958
76,"34619092019",9.29,"1",346190920191958
77,"34619092019",11.14,"1",346190920191958
78,"34619092019",20.43,"1",346190920191958
79,"34619092019",22.29,"1",346190920191958
80,"34619092019",24.0,"1",346190920191958
81,"34619092019",18.86,"1",346190920191958
81,"34619092019",18.86,"1",346193321541958
0,"34619332154",0.0,"1",346193321541958
1,"34619332154",0.0,"1",346193321541958
2,"34619332154",0.0,"1",346193321541958
3,"34619332154",0.0,"1",346193321541958
4,"34619332154",0.0,"1",346193321541958
5,"34619332154",0.29,"1",346193321541958
6,"34619332154",1.0,"1",346193321541958
6,"34619332154",1.0,"2",346193321541959
7,"34619332154",0.86,"2",346193321541959
8,"34619332154",0.14,"2",346193321541959
8,"34619332154",0.14,"1b",346193321541960
9,"34619332154",0.14,"1b",346193321541960
10,"34619332154",0.57,"1b",346193321541960
11,"34619332154",0.14,"1b",346193321541960
12,"34619332154",0.0,"1b",346193321541960
12,"34619332154",0.0,"1",346193321541961
13,"34619332154",0.0,"1",346193321541961
14,"34619332154",0.0,"1",346193321541961
15,"34619332154",0.0,"1",346193321541961
16,"34619332154",0.0,"1",346193321541961
17,"34619332154",0.0,"1",346193321541961
18,"34619332154",0.0,"1",346193321541961
19,"34619332154",0.0,"1",346193321541961
19,"34619332154",0.0,"1b",346193321541962
20,"34619332154",0.14,"1b",346193321541962
21,"34619332154",0.0,"1b",346193321541962
21,"34619332154",0.0,"1",346193321541963
22,"34619332154",0.0,"1",346193321541963
23,"34619332154",0.71,"1",346193321541963
23,"34619332154",0.71,"1b",346193321541964
24,"34619332154",1.86,"1b",346193321541964
24,"34619332154",1.86,"2",346193321541965
25,"34619332154",0.86,"2",346193321541965
26,"34619332154",0.57,"2",346193321541965
26,"34619332154",0.57,"1b",346193321541966
27,"34619332154",0.0,"1b",346193321541966
28,"34619332154",0.0,"1b",346193321541966
28,"34619332154",0.0,"1",346193321541967
29,"34619332154",0.0,"1",346193321541967
30,"34619332154",0.43,"1",346193321541967
31,"34619332154",1.29,"1",346193321541967
32,"34619332154",0.86,"1",346193321541967
33,"34619332154",0.57,"1",346193321541967
34,"34619332154",0.57,"1",346193321541967
35,"34619332154",1.14,"1",346193321541967
36,"34619332154",2.14,"1",346193321541967
37,"34619332154",6.0,"1",346193321541967
38,"34619332154",9.29,"1",346193321541967
39,"34619332154",13.43,"1",346193321541967
40,"34619332154",12.29,"1",346193321541967
41,"34619332154",17.86,"1",346193321541967
42,"34619332154",22.86,"1",346193321541967
43,"34619332154",45.14,"1",346193321541967
44,"34619332154",89.71,"1",346193321541967
44,"34619332154",89.71,"1b",346193321541968
45,"34619332154",82.29,"1b",346193321541968
45,"34619332154",82.29,"2",346193321541969
46,"34619332154",98.29,"2",346193321541969
46,"34619332154",98.29,"3",346193321541970
47,"34619332154",82.29,"3",346193321541970
47,"34619332154",82.29,"4",346193321541971
48,"34619332154",41.14,"4",346193321541971
49,"34619332154",13.14,"4",346193321541971
50,"34619332154",10.29,"4",346193321541971
50,"34619332154",10.29,"3",346193321541972
51,"34619332154",2.43,"3",346193321541972
52,"34619332154",1.71,"3",346193321541972
52,"34619332154",1.71,"2",346193321541973
53,"34619332154",1.29,"2",346193321541973
54,"34619332154",0.0,"2",346193321541973
54,"34619332154",0.0,"1b",346193321541974
55,"34619332154",0.14,"1b",346193321541974
56,"34619332154",0.29,"1b",346193321541974
56,"34619332154",0.29,"1",346193321541975
57,"34619332154",0.0,"1",346193321541975
58,"34619332154",0.29,"1",346193321541975
59,"34619332154",0.0,"1",346193321541975
60,"34619332154",0.86,"1",346193321541975
61,"34619332154",1.86,"1",346193321541975
62,"34619332154",2.86,"1",346193321541975
63,"34619332154",4.57,"1",346193321541975
64,"34619332154",10.29,"1",346193321541975
65,"34619332154",14.43,"1",346193321541975
66,"34619332154",15.71,"1",346193321541975
67,"34619332154",12.57,"1",346193321541975
68,"34619332154",23.43,"1",346193321541975
69,"34619332154",38.29,"1",346193321541975
70,"34619332154",69.14,"1",346193321541975
71,"34619332154",122.29,"1",346193321541975
71,"34619332154",122.29,"1b",346193321541976
72,"34619332154",178.29,"1b",346193321541976
72,"34619332154",178.29,"3",346193321541977
73,"34619332154",130.29,"3",346193321541977
73,"34619332154",130.29,"4",346193321541978
74,"34619332154",93.71,"4",346193321541978
75,"34619332154",45.71,"4",346193321541978
76,"34619332154",27.43,"4",346193321541978
77,"34619332154",10.29,"4",346193321541978
77,"34619332154",10.29,"3",346193321541979
78,"34619332154",3.43,"3",346193321541979
79,"34619332154",2.57,"3",346193321541979
79,"34619332154",2.57,"2",346193321541980
80,"34619332154",1.57,"2",346193321541980
81,"34619332154",2.29,"2",346193321541980
81,"34619332154",2.29,"1",346197465481981
0,"34619746548",0.0,"1",346197465481981
1,"34619746548",0.0,"1",346197465481981
2,"34619746548",0.0,"1",346197465481981
3,"34619746548",0.0,"1",346197465481981
4,"34619746548",0.0,"1",346197465481981
5,"34619746548",0.0,"1",346197465481981
6,"34619746548",0.0,"1",346197465481981
7,"34619746548",0.0,"1",346197465481981
8,"34619746548",1.29,"1",346197465481981
8,"34619746548",1.29,"1b",346197465481982
9,"34619746548",2.14,"1b",346197465481982
9,"34619746548",2.14,"2",346197465481983
10,"34619746548",3.29,"2",346197465481983
11,"34619746548",4.57,"2",346197465481983
12,"34619746548",4.71,"2",346197465481983
12,"34619746548",4.71,"3",346197465481984
13,"34619746548",4.29,"3",346197465481984
14,"34619746548",3.71,"3",346197465481984
14,"34619746548",3.71,"2",346197465481985
15,"34619746548",3.0,"2",346197465481985
16,"34619746548",2.43,"2",346197465481985
17,"34619746548",3.29,"2",346197465481985
18,"34619746548",5.14,"2",346197465481985
19,"34619746548",7.71,"2",346197465481985
19,"34619746548",7.71,"3",346197465481986
20,"34619746548",6.0,"3",346197465481986
21,"34619746548",4.14,"3",346197465481986
21,"34619746548",4.14,"2",346197465481987
22,"34619746548",4.57,"2",346197465481987
23,"34619746548",3.57,"2",346197465481987
24,"34619746548",5.14,"2",346197465481987
25,"34619746548",8.14,"2",346197465481987
26,"34619746548",8.43,"2",346197465481987
27,"34619746548",9.57,"2",346197465481987
27,"34619746548",9.57,"3",346197465481988
28,"34619746548",6.86,"3",346197465481988
29,"34619746548",5.0,"3",346197465481988
29,"34619746548",5.0,"2",346197465481989
30,"34619746548",5.14,"2",346197465481989
31,"34619746548",7.86,"2",346197465481989
31,"34619746548",7.86,"1b",346197465481990
32,"34619746548",9.86,"1b",346197465481990
33,"34619746548",16.14,"1b",346197465481990
33,"34619746548",16.14,"1",346197465481991
34,"34619746548",27.57,"1",346197465481991
35,"34619746548",55.43,"1",346197465481991
36,"34619746548",102.86,"1",346197465481991
36,"34619746548",102.86,"2",346197465481992
37,"34619746548",112.0,"2",346197465481992
37,"34619746548",112.0,"4",346197465481993
38,"34619746548",89.14,"4",346197465481993
39,"34619746548",64.0,"4",346197465481993
39,"34619746548",64.0,"3",346197465481994
40,"34619746548",50.29,"3",346197465481994
41,"34619746548",64.0,"3",346197465481994
41,"34619746548",64.0,"4",346197465481995
42,"34619746548",50.29,"4",346197465481995
43,"34619746548",43.43,"4",346197465481995
43,"34619746548",43.43,"3",346197465481996
44,"34619746548",38.86,"3",346197465481996
45,"34619746548",29.71,"3",346197465481996
46,"34619746548",38.86,"3",346197465481996
46,"34619746548",38.86,"2",346197465481997
47,"34619746548",66.29,"2",346197465481997
48,"34619746548",89.14,"2",346197465481997
48,"34619746548",89.14,"1b",346197465481998
49,"34619746548",164.57,"1b",346197465481998
49,"34619746548",164.57,"2",346197465481999
50,"34619746548",198.86,"2",346197465481999
50,"34619746548",198.86,"3",346197465482000
51,"34619746548",144.0,"3",346197465482000
51,"34619746548",144.0,"4",346197465482001
52,"34619746548",109.71,"4",346197465482001
53,"34619746548",89.14,"4",346197465482001
53,"34619746548",89.14,"3",346197465482002
54,"34619746548",75.43,"3",346197465482002
55,"34619746548",107.43,"3",346197465482002
55,"34619746548",107.43,"4",346197465482003
56,"34619746548",75.43,"4",346197465482003
57,"34619746548",57.14,"4",346197465482003
58,"34619746548",29.71,"4",346197465482003
59,"34619746548",12.0,"4",346197465482003
60,"34619746548",9.14,"4",346197465482003
60,"34619746548",9.14,"3",346197465482004
61,"34619746548",4.43,"3",346197465482004
62,"34619746548",3.57,"3",346197465482004
62,"34619746548",3.57,"2",346197465482005
63,"34619746548",1.71,"2",346197465482005
64,"34619746548",1.0,"2",346197465482005
64,"34619746548",1.0,"1b",346197465482006
65,"34619746548",2.0,"1b",346197465482006
66,"34619746548",4.57,"1b",346197465482006
66,"34619746548",4.57,"1",346197465482007
67,"34619746548",4.57,"1",346197465482007
68,"34619746548",4.14,"1",346197465482007
69,"34619746548",6.71,"1",346197465482007
70,"34619746548",11.0,"1",346197465482007
71,"34619746548",16.14,"1",346197465482007
72,"34619746548",17.29,"1",346197465482007
73,"34619746548",43.43,"1",346197465482007
74,"34619746548",81.14,"1",346197465482007
74,"34619746548",81.14,"1b",346197465482008
75,"34619746548",105.14,"1b",346197465482008
75,"34619746548",105.14,"2",346197465482009
76,"34619746548",176.0,"2",346197465482009
76,"34619746548",176.0,"3",346197465482010
77,"34619746548",166.86,"3",346197465482010
77,"34619746548",166.86,"4",346197465482011
78,"34619746548",141.71,"4",346197465482011
79,"34619746548",77.71,"4",346197465482011
80,"34619746548",59.43,"4",346197465482011
80,"34619746548",59.43,"3",346197465482012
81,"34619746548",41.14,"1",510773262013
81,"34619746548",41.14,"3",346197465482012
0,"51077326",0.0,"1",510773262013
1,"51077326",0.0,"1",510773262013
2,"51077326",0.14,"1",510773262013
3,"51077326",1.86,"1",510773262013
4,"51077326",8.29,"1",510773262013
4,"51077326",8.29,"2",510773262014
5,"51077326",16.71,"2",510773262014
5,"51077326",16.71,"3",510773262015
6,"51077326",13.86,"3",510773262015
7,"51077326",14.29,"3",510773262015
7,"51077326",14.29,"2",510773262016
8,"51077326",14.29,"2",510773262016
9,"51077326",21.71,"2",510773262016
9,"51077326",21.71,"3",510773262017
10,"51077326",31.43,"3",510773262017
11,"51077326",33.14,"3",510773262017
12,"51077326",26.29,"3",510773262017
13,"51077326",30.29,"3",510773262017
14,"51077326",25.14,"3",510773262017
15,"51077326",27.43,"3",510773262017
16,"51077326",37.71,"3",510773262017
17,"51077326",27.43,"3",510773262017
18,"51077326",24.0,"3",510773262017
19,"51077326",31.43,"3",510773262017
20,"51077326",23.43,"3",510773262017
21,"51077326",17.14,"3",510773262017
22,"51077326",15.43,"3",510773262017
23,"51077326",18.86,"3",510773262017
24,"51077326",24.57,"3",510773262017
25,"51077326",22.29,"3",510773262017
26,"51077326",17.14,"3",510773262017
27,"51077326",11.43,"3",510773262017
27,"51077326",11.43,"2",510773262018
28,"51077326",10.86,"2",510773262018
28,"51077326",10.86,"3",510773262019
29,"51077326",9.71,"3",510773262019
30,"51077326",8.0,"3",510773262019
30,"51077326",8.0,"2",510773262020
31,"51077326",18.86,"2",510773262020
32,"51077326",14.86,"2",510773262020
32,"51077326",14.86,"1b",510773262021
33,"51077326",26.29,"1b",510773262021
34,"51077326",29.14,"1b",510773262021
35,"51077326",36.0,"1b",510773262021
35,"51077326",36.0,"1",510773262022
36,"51077326",53.14,"1",510773262022
37,"51077326",59.43,"1",510773262022
37,"51077326",59.43,"2",510773262023
38,"51077326",57.14,"2",510773262023
38,"51077326",57.14,"3",510773262024
39,"51077326",20.57,"3",510773262024
40,"51077326",8.57,"3",510773262024
40,"51077326",8.57,"2",510773262025
41,"51077326",10.86,"2",510773262025
42,"51077326",3.71,"2",510773262025
42,"51077326",3.71,"1b",510773262026
43,"51077326",2.14,"1b",510773262026
44,"51077326",2.43,"1b",510773262026
44,"51077326",2.43,"1",510773262027
45,"51077326",1.57,"1",510773262027
46,"51077326",6.14,"1",510773262027
47,"51077326",9.14,"1",510773262027
48,"51077326",17.43,"1",510773262027
49,"51077326",16.43,"1",510773262027
50,"51077326",18.29,"1",510773262027
51,"51077326",38.29,"1",510773262027
52,"51077326",43.43,"1",510773262027
53,"51077326",61.71,"1",510773262027
54,"51077326",65.14,"1",510773262027
54,"51077326",65.14,"1b",510773262028
55,"51077326",114.29,"1b",510773262028
56,"51077326",128.0,"1b",510773262028
57,"51077326",144.0,"1b",510773262028
57,"51077326",144.0,"2",510773262029
58,"51077326",121.14,"2",510773262029
58,"51077326",121.14,"3",510773262030
59,"51077326",146.29,"3",510773262030
60,"51077326",130.29,"3",510773262030
60,"51077326",130.29,"4",510773262031
61,"51077326",73.14,"4",510773262031
62,"51077326",27.43,"4",510773262031
62,"51077326",27.43,"3",510773262032
63,"51077326",34.29,"3",510773262032
63,"51077326",34.29,"4",510773262033
64,"51077326",12.0,"4",510773262033
65,"51077326",10.86,"4",510773262033
65,"51077326",10.86,"3",510773262034
66,"51077326",4.86,"3",510773262034
67,"51077326",2.14,"3",510773262034
67,"51077326",2.14,"2",510773262035
68,"51077326",1.86,"2",510773262035
69,"51077326",1.43,"2",510773262035
69,"51077326",1.43,"1b",510773262036
70,"51077326",1.29,"1b",510773262036
71,"51077326",0.29,"1b",510773262036
71,"51077326",0.29,"1",510773262037
72,"51077326",0.29,"1",510773262037
73,"51077326",2.0,"1",510773262037
74,"51077326",2.14,"1",510773262037
75,"51077326",2.0,"1",510773262037
76,"51077326",4.86,"1",510773262037
77,"51077326",8.43,"1",510773262037
78,"51077326",12.71,"1",510773262037
79,"51077326",15.86,"1",510773262037
80,"51077326",14.86,"1",510773262037
81,"51077326",31.43,"1",510773262037
81,"51077326",31.43,"1",512195252037
0,"51219525",0.0,"1",512195252037
1,"51219525",0.0,"1",512195252037
2,"51219525",0.0,"1",512195252037
3,"51219525",0.71,"1",512195252037
4,"51219525",4.14,"1",512195252037
4,"51219525",4.14,"1b",512195252038
5,"51219525",10.29,"1b",512195252038
5,"51219525",10.29,"3",512195252039
6,"51219525",15.57,"3",512195252039
7,"51219525",10.0,"3",512195252039
8,"51219525",14.29,"3",512195252039
9,"51219525",9.71,"3",512195252039
9,"51219525",9.71,"2",512195252040
10,"51219525",8.57,"2",512195252040
10,"51219525",8.57,"3",512195252041
11,"51219525",8.57,"3",512195252041
12,"51219525",3.43,"3",512195252041
12,"51219525",3.43,"2",512195252042
13,"51219525",4.0,"2",512195252042
14,"51219525",4.0,"2",512195252042
15,"51219525",2.0,"2",512195252042
15,"51219525",2.0,"3",512195252043
16,"51219525",1.43,"3",512195252043
17,"51219525",0.86,"3",512195252043
17,"51219525",0.86,"2",512195252044
18,"51219525",0.29,"2",512195252044
19,"51219525",0.0,"2",512195252044
19,"51219525",0.0,"1b",512195252045
20,"51219525",0.14,"1b",512195252045
21,"51219525",0.0,"1b",512195252045
21,"51219525",0.0,"1",512195252046
22,"51219525",0.0,"1",512195252046
23,"51219525",0.0,"1",512195252046
24,"51219525",0.0,"1",512195252046
25,"51219525",0.0,"1",512195252046
26,"51219525",0.29,"1",512195252046
27,"51219525",0.29,"1",512195252046
28,"51219525",0.14,"1",512195252046
28,"51219525",0.14,"1b",512195252047
29,"51219525",0.29,"1b",512195252047
30,"51219525",0.0,"1b",512195252047
30,"51219525",0.0,"1",512195252048
31,"51219525",1.29,"1",512195252048
32,"51219525",0.86,"1",512195252048
33,"51219525",1.43,"1",512195252048
34,"51219525",2.57,"1",512195252048
35,"51219525",3.43,"1",512195252048
36,"51219525",8.14,"1",512195252048
37,"51219525",9.86,"1",512195252048
38,"51219525",17.14,"1",512195252048
39,"51219525",25.29,"1",512195252048
40,"51219525",46.29,"1",512195252048
41,"51219525",52.57,"1",512195252048
42,"51219525",68.57,"1",512195252048
42,"51219525",68.57,"1b",512195252049
43,"51219525",57.14,"1b",512195252049
43,"51219525",57.14,"2",512195252050
44,"51219525",43.43,"2",512195252050
45,"51219525",43.43,"2",512195252050
45,"51219525",43.43,"1b",512195252051
46,"51219525",59.43,"1b",512195252051
47,"51219525",52.57,"1b",512195252051
47,"51219525",52.57,"2",512195252052
48,"51219525",41.14,"2",512195252052
49,"51219525",70.86,"2",512195252052
49,"51219525",70.86,"1b",512195252053
50,"51219525",77.71,"1b",512195252053
50,"51219525",77.71,"2",512195252054
51,"51219525",52.57,"2",512195252054
52,"51219525",64.0,"2",512195252054
52,"51219525",64.0,"3",512195252055
53,"51219525",66.29,"3",512195252055
53,"51219525",66.29,"4",512195252056
54,"51219525",22.86,"4",512195252056
55,"51219525",41.14,"4",512195252056
56,"51219525",5.14,"4",512195252056
57,"51219525",6.29,"4",512195252056
57,"51219525",6.29,"3",512195252057
58,"51219525",2.57,"3",512195252057
59,"51219525",1.29,"3",512195252057
59,"51219525",1.29,"2",512195252058
60,"51219525",1.43,"2",512195252058
61,"51219525",0.86,"2",512195252058
61,"51219525",0.86,"1b",512195252059
62,"51219525",0.71,"1b",512195252059
63,"51219525",1.43,"1b",512195252059
63,"51219525",1.43,"1",512195252060
64,"51219525",2.86,"1",512195252060
65,"51219525",4.71,"1",512195252060
66,"51219525",5.86,"1",512195252060
67,"51219525",8.0,"1",512195252060
68,"51219525",6.71,"1",512195252060
69,"51219525",7.0,"1",512195252060
70,"51219525",9.43,"1",512195252060
71,"51219525",10.86,"1",512195252060
72,"51219525",13.57,"1",512195252060
73,"51219525",14.71,"1",512195252060
74,"51219525",20.0,"1",512195252060
75,"51219525",27.43,"1",512195252060
76,"51219525",46.29,"1",512195252060
77,"51219525",86.29,"1",512195252060
77,"51219525",86.29,"1b",512195252061
78,"51219525",96.0,"1b",512195252061
78,"51219525",96.0,"3",512195252062
79,"51219525",64.0,"3",512195252062
80,"51219525",61.71,"3",512195252062
80,"51219525",61.71,"4",512195252063
81,"51219525",45.71,"4",512195252063
81,"51219525",45.71,"1",519779412064
0,"51977941",0.0,"1",519779412064
1,"51977941",0.0,"1",519779412064
2,"51977941",0.0,"1",519779412064
3,"51977941",0.29,"1",519779412064
4,"51977941",0.0,"1",519779412064
5,"51977941",2.57,"1",519779412064
5,"51977941",2.57,"1b",519779412065
6,"51977941",6.0,"1b",519779412065
6,"51977941",6.0,"2",519779412066
7,"51977941",8.71,"2",519779412066
8,"51977941",10.57,"2",519779412066
8,"51977941",10.57,"3",519779412067
9,"51977941",6.86,"3",519779412067
10,"51977941",10.14,"3",519779412067
10,"51977941",10.14,"2",519779412068
11,"51977941",11.57,"2",519779412068
11,"51977941",11.57,"3",519779412069
12,"51977941",9.86,"3",519779412069
13,"51977941",8.0,"3",519779412069
14,"51977941",6.57,"3",519779412069
14,"51977941",6.57,"2",519779412070
15,"51977941",7.86,"2",519779412070
16,"51977941",7.29,"2",519779412070
17,"51977941",11.71,"2",519779412070
18,"51977941",12.0,"2",519779412070
19,"51977941",11.14,"2",519779412070
19,"51977941",11.14,"3",519779412071
20,"51977941",7.43,"3",519779412071
21,"51977941",3.43,"3",519779412071
21,"51977941",3.43,"2",519779412072
22,"51977941",2.57,"2",519779412072
22,"51977941",2.57,"3",519779412073
23,"51977941",1.0,"3",519779412073
24,"51977941",2.14,"3",519779412073
24,"51977941",2.14,"2",519779412074
25,"51977941",2.0,"2",519779412074
26,"51977941",1.0,"2",519779412074
27,"51977941",1.0,"2",519779412074
27,"51977941",1.0,"1b",519779412075
28,"51977941",0.14,"1b",519779412075
29,"51977941",0.86,"1b",519779412075
29,"51977941",0.86,"1",519779412076
30,"51977941",1.43,"1",519779412076
31,"51977941",1.57,"1",519779412076
32,"51977941",2.0,"1",519779412076
33,"51977941",2.29,"1",519779412076
34,"51977941",9.57,"1",519779412076
35,"51977941",20.0,"1",519779412076
36,"51977941",23.57,"1",519779412076
37,"51977941",44.57,"1",519779412076
38,"51977941",77.71,"1",519779412076
38,"51977941",77.71,"3",519779412077
39,"51977941",48.0,"3",519779412077
40,"51977941",45.71,"3",519779412077
41,"51977941",22.86,"3",519779412077
41,"51977941",22.86,"2",519779412078
42,"51977941",34.29,"2",519779412078
43,"51977941",50.29,"2",519779412078
43,"51977941",50.29,"1b",519779412079
44,"51977941",73.14,"1b",519779412079
45,"51977941",89.14,"1b",519779412079
45,"51977941",89.14,"2",519779412080
46,"51977941",102.86,"2",519779412080
46,"51977941",102.86,"3",519779412081
47,"51977941",96.0,"3",519779412081
47,"51977941",96.0,"4",519779412082
48,"51977941",77.71,"4",519779412082
49,"51977941",41.14,"4",519779412082
50,"51977941",22.86,"4",519779412082
50,"51977941",22.86,"3",519779412083
51,"51977941",14.86,"3",519779412083
51,"51977941",14.86,"4",519779412084
52,"51977941",10.86,"4",519779412084
53,"51977941",4.0,"4",519779412084
53,"51977941",4.0,"3",519779412085
54,"51977941",3.43,"3",519779412085
55,"51977941",1.43,"3",519779412085
55,"51977941",1.43,"2",519779412086
56,"51977941",2.0,"2",519779412086
57,"51977941",2.29,"2",519779412086
57,"51977941",2.29,"1b",519779412087
58,"51977941",2.43,"1b",519779412087
59,"51977941",3.0,"1b",519779412087
59,"51977941",3.0,"1",519779412088
60,"51977941",3.57,"1",519779412088
61,"51977941",4.57,"1",519779412088
62,"51977941",5.71,"1",519779412088
63,"51977941",13.43,"1",519779412088
64,"51977941",17.14,"1",519779412088
65,"51977941",13.14,"1",519779412088
66,"51977941",22.29,"1",519779412088
67,"51977941",31.43,"1",519779412088
68,"51977941",53.14,"1",519779412088
69,"51977941",77.71,"1",519779412088
69,"51977941",77.71,"1b",519779412089
70,"51977941",75.43,"1b",519779412089
71,"51977941",123.43,"1b",519779412089
71,"51977941",123.43,"2",519779412090
72,"51977941",162.29,"2",519779412090
72,"51977941",162.29,"3",519779412091
73,"51977941",210.29,"3",519779412091
73,"51977941",210.29,"4",519779412092
74,"51977941",160.0,"4",519779412092
75,"51977941",70.86,"4",519779412092
76,"51977941",50.29,"4",519779412092
77,"51977941",48.0,"4",519779412092
77,"51977941",48.0,"3",519779412093
78,"51977941",30.86,"3",519779412093
78,"51977941",30.86,"4",519779412094
79,"51977941",13.71,"4",519779412094
80,"51977941",8.0,"4",519779412094
80,"51977941",8.0,"3",519779412095
81,"51977941",6.14,"3",519779412095
81,"51977941",6.14,"1",529948012096
0,"52994801",0.0,"1",529948012096
1,"52994801",0.0,"1",529948012096
2,"52994801",0.14,"1",529948012096
3,"52994801",4.71,"1",529948012096
4,"52994801",12.43,"1",529948012096
4,"52994801",12.43,"2",529948012097
5,"52994801",28.43,"2",529948012097
5,"52994801",28.43,"3",529948012098
6,"52994801",26.86,"3",529948012098
6,"52994801",26.86,"4",529948012099
7,"52994801",9.14,"4",529948012099
8,"52994801",9.14,"4",529948012099
8,"52994801",9.14,"3",529948012100
9,"52994801",6.43,"3",529948012100
10,"52994801",4.0,"3",529948012100
10,"52994801",4.0,"2",529948012101
11,"52994801",6.0,"2",529948012101
12,"52994801",8.71,"2",529948012101
13,"52994801",13.43,"2",529948012101
13,"52994801",13.43,"3",529948012102
14,"52994801",14.0,"3",529948012102
15,"52994801",7.43,"3",529948012102
15,"52994801",7.43,"2",529948012103
16,"52994801",7.43,"2",529948012103
17,"52994801",5.14,"2",529948012103
17,"52994801",5.14,"3",529948012104
18,"52994801",1.71,"3",529948012104
19,"52994801",1.86,"3",529948012104
19,"52994801",1.86,"2",529948012105
20,"52994801",0.57,"2",529948012105
21,"52994801",1.71,"2",529948012105
21,"52994801",1.71,"1b",529948012106
22,"52994801",1.29,"1b",529948012106
22,"52994801",1.29,"2",529948012107
23,"52994801",1.29,"2",529948012107
24,"52994801",0.29,"2",529948012107
24,"52994801",0.29,"1b",529948012108
25,"52994801",0.71,"1b",529948012108
26,"52994801",0.0,"1b",529948012108
26,"52994801",0.0,"1",529948012109
27,"52994801",0.43,"1",529948012109
28,"52994801",0.71,"1",529948012109
29,"52994801",2.43,"1",529948012109
30,"52994801",3.0,"1",529948012109
31,"52994801",2.57,"1",529948012109
32,"52994801",3.43,"1",529948012109
33,"52994801",10.0,"1",529948012109
34,"52994801",16.43,"1",529948012109
35,"52994801",17.57,"1",529948012109
36,"52994801",22.86,"1",529948012109
37,"52994801",48.0,"1",529948012109
38,"52994801",67.43,"1",529948012109
38,"52994801",67.43,"1b",529948012110
39,"52994801",57.14,"1b",529948012110
40,"52994801",70.86,"1b",529948012110
40,"52994801",70.86,"2",529948012111
41,"52994801",96.0,"2",529948012111
42,"52994801",109.71,"2",529948012111
42,"52994801",109.71,"1b",529948012112
43,"52994801",196.57,"1b",529948012112
43,"52994801",196.57,"2",529948012113
44,"52994801",189.71,"2",529948012113
44,"52994801",189.71,"3",529948012114
45,"52994801",180.57,"3",529948012114
45,"52994801",180.57,"4",529948012115
46,"52994801",75.43,"4",529948012115
47,"52994801",80.0,"4",529948012115
48,"52994801",54.86,"4",529948012115
49,"52994801",34.29,"4",529948012115
50,"52994801",33.71,"4",529948012115
50,"52994801",33.71,"3",529948012116
51,"52994801",15.43,"3",529948012116
51,"52994801",15.43,"4",529948012117
52,"52994801",7.43,"4",529948012117
53,"52994801",5.14,"4",529948012117
53,"52994801",5.14,"3",529948012118
54,"52994801",2.71,"3",529948012118
55,"52994801",1.71,"3",529948012118
55,"52994801",1.71,"2",529948012119
56,"52994801",1.14,"2",529948012119
57,"52994801",2.29,"2",529948012119
57,"52994801",2.29,"1b",529948012120
58,"52994801",4.86,"1b",529948012120
59,"52994801",8.0,"1b",529948012120
59,"52994801",8.0,"1",529948012121
60,"52994801",12.0,"1",529948012121
61,"52994801",18.14,"1",529948012121
62,"52994801",32.0,"1",529948012121
63,"52994801",38.86,"1",529948012121
64,"52994801",77.14,"1",529948012121
64,"52994801",77.14,"1b",529948012122
65,"52994801",146.29,"1b",529948012122
65,"52994801",146.29,"2",529948012123
66,"52994801",173.71,"2",529948012123
66,"52994801",173.71,"3",529948012124
67,"52994801",201.14,"3",529948012124
67,"52994801",201.14,"4",529948012125
68,"52994801",144.0,"4",529948012125
69,"52994801",82.29,"4",529948012125
70,"52994801",45.71,"4",529948012125
71,"52994801",36.57,"4",529948012125
72,"52994801",10.86,"4",529948012125
73,"52994801",9.14,"4",529948012125
73,"52994801",9.14,"3",529948012126
74,"52994801",3.57,"3",529948012126
75,"52994801",4.0,"3",529948012126
75,"52994801",4.0,"2",529948012127
76,"52994801",2.43,"2",529948012127
77,"52994801",0.71,"2",529948012127
77,"52994801",0.71,"1b",529948012128
78,"52994801",0.57,"1b",529948012128
79,"52994801",1.0,"1b",529948012128
79,"52994801",1.0,"1",529948012129
80,"52994801",1.86,"1",529948012129
81,"52994801",2.57,"1",529948012129
81,"52994801",2.57,"1",533748552129
0,"53374855",0.0,"1",533748552129
1,"53374855",0.0,"1",533748552129
2,"53374855",0.0,"1",533748552129
3,"53374855",0.0,"1",533748552129
4,"53374855",0.0,"1",533748552129
5,"53374855",0.0,"1",533748552129
6,"53374855",0.0,"1",533748552129
7,"53374855",0.71,"1",533748552129
8,"53374855",3.57,"1",533748552129
8,"53374855",3.57,"2",533748552130
9,"53374855",5.71,"2",533748552130
10,"53374855",7.14,"2",533748552130
11,"53374855",9.0,"2",533748552130
12,"53374855",8.57,"2",533748552130
13,"53374855",14.43,"2",533748552130
14,"53374855",21.14,"2",533748552130
14,"53374855",21.14,"3",533748552131
15,"53374855",25.71,"3",533748552131
16,"53374855",34.29,"3",533748552131
17,"53374855",22.29,"3",533748552131
18,"53374855",28.57,"3",533748552131
19,"53374855",41.14,"3",533748552131
20,"53374855",57.14,"3",533748552131
20,"53374855",57.14,"4",533748552132
21,"53374855",29.14,"4",533748552132
22,"53374855",18.86,"4",533748552132
22,"53374855",18.86,"3",533748552133
23,"53374855",26.86,"3",533748552133
24,"53374855",25.14,"3",533748552133
25,"53374855",21.71,"3",533748552133
26,"53374855",18.29,"3",533748552133
27,"53374855",13.14,"3",533748552133
28,"53374855",18.86,"3",533748552133
29,"53374855",12.57,"3",533748552133
29,"53374855",12.57,"2",533748552134
30,"53374855",14.86,"2",533748552134
31,"53374855",12.0,"2",533748552134
31,"53374855",12.0,"1b",533748552135
32,"53374855",13.71,"1b",533748552135
33,"53374855",32.57,"1b",533748552135
33,"53374855",32.57,"1",533748552136
34,"53374855",58.86,"1",533748552136
35,"53374855",116.57,"1",533748552136
35,"53374855",116.57,"2",533748552137
36,"53374855",125.71,"2",533748552137
36,"53374855",125.71,"4",533748552138
37,"53374855",77.71,"4",533748552138
38,"53374855",32.0,"4",533748552138
39,"53374855",16.0,"4",533748552138
39,"53374855",16.0,"3",533748552139
40,"53374855",10.29,"3",533748552139
40,"53374855",10.29,"4",533748552140
41,"53374855",9.71,"4",533748552140
42,"53374855",2.86,"4",533748552140
42,"53374855",2.86,"3",533748552141
43,"53374855",3.57,"3",533748552141
44,"53374855",2.29,"3",533748552141
44,"53374855",2.29,"2",533748552142
45,"53374855",1.14,"2",533748552142
46,"53374855",0.29,"2",533748552142
46,"53374855",0.29,"1b",533748552143
47,"53374855",0.14,"1b",533748552143
48,"53374855",1.14,"1b",533748552143
48,"53374855",1.14,"1",533748552144
49,"53374855",4.0,"1",533748552144
50,"53374855",5.86,"1",533748552144
51,"53374855",9.29,"1",533748552144
52,"53374855",17.14,"1",533748552144
53,"53374855",34.29,"1",533748552144
54,"53374855",57.71,"1",533748552144
55,"53374855",151.43,"1",533748552144
55,"53374855",151.43,"3",533748552145
56,"53374855",160.0,"3",533748552145
56,"53374855",160.0,"4",533748552146
57,"53374855",150.86,"4",533748552146
58,"53374855",105.14,"4",533748552146
59,"53374855",66.29,"4",533748552146
60,"53374855",36.57,"4",533748552146
60,"53374855",36.57,"3",533748552147
61,"53374855",24.57,"3",533748552147
61,"53374855",24.57,"4",533748552148
62,"53374855",11.43,"4",533748552148
63,"53374855",7.43,"4",533748552148
63,"53374855",7.43,"3",533748552149
64,"53374855",2.14,"3",533748552149
65,"53374855",1.71,"3",533748552149
65,"53374855",1.71,"2",533748552150
66,"53374855",1.86,"2",533748552150
67,"53374855",0.71,"2",533748552150
67,"53374855",0.71,"1b",533748552151
68,"53374855",0.86,"1b",533748552151
69,"53374855",0.29,"1b",533748552151
69,"53374855",0.29,"1",533748552152
70,"53374855",0.57,"1",533748552152
71,"53374855",0.86,"1",533748552152
72,"53374855",0.86,"1",533748552152
73,"53374855",0.43,"1",533748552152
74,"53374855",0.43,"1",533748552152
75,"53374855",0.86,"1",533748552152
76,"53374855",1.57,"1",533748552152
77,"53374855",3.57,"1",533748552152
78,"53374855",3.43,"1",533748552152
79,"53374855",5.86,"1",533748552152
80,"53374855",6.86,"1",533748552152
81,"53374855",11.29,"1",533748552152
81,"53374855",11.29,"1",538752172152
0,"53875217",0.0,"1",538752172152
1,"53875217",0.0,"1",538752172152
2,"53875217",0.14,"1",538752172152
2,"53875217",0.14,"1b",538752172153
3,"53875217",0.43,"1b",538752172153
4,"53875217",0.0,"1b",538752172153
4,"53875217",0.0,"1",538752172154
5,"53875217",0.0,"1",538752172154
6,"53875217",0.0,"1",538752172154
7,"53875217",0.0,"1",538752172154
8,"53875217",0.0,"1",538752172154
9,"53875217",0.0,"1",538752172154
10,"53875217",0.0,"1",538752172154
11,"53875217",0.0,"1",538752172154
12,"53875217",0.0,"1",538752172154
13,"53875217",0.14,"1",538752172154
14,"53875217",0.14,"1",538752172154
14,"53875217",0.14,"1b",538752172155
15,"53875217",0.0,"1b",538752172155
16,"53875217",0.0,"1b",538752172155
16,"53875217",0.0,"1",538752172156
17,"53875217",0.0,"1",538752172156
18,"53875217",0.14,"1",538752172156
19,"53875217",0.14,"1",538752172156
20,"53875217",0.0,"1",538752172156
21,"53875217",0.0,"1",538752172156
22,"53875217",0.0,"1",538752172156
23,"53875217",0.0,"1",538752172156
24,"53875217",0.0,"1",538752172156
25,"53875217",0.0,"1",538752172156
26,"53875217",0.0,"1",538752172156
27,"53875217",0.0,"1",538752172156
28,"53875217",0.0,"1",538752172156
29,"53875217",0.14,"1",538752172156
30,"53875217",0.0,"1",538752172156
31,"53875217",0.0,"1",538752172156
32,"53875217",0.0,"1",538752172156
33,"53875217",0.0,"1",538752172156
34,"53875217",0.0,"1",538752172156
35,"53875217",1.71,"1",538752172156
36,"53875217",3.0,"1",538752172156
37,"53875217",3.86,"1",538752172156
38,"53875217",5.29,"1",538752172156
39,"53875217",3.71,"1",538752172156
40,"53875217",5.14,"1",538752172156
41,"53875217",6.0,"1",538752172156
42,"53875217",7.29,"1",538752172156
43,"53875217",10.0,"1",538752172156
44,"53875217",13.71,"1",538752172156
45,"53875217",17.0,"1",538752172156
46,"53875217",25.71,"1",538752172156
47,"53875217",24.57,"1",538752172156
48,"53875217",45.71,"1",538752172156
49,"53875217",51.43,"1",538752172156
50,"53875217",64.0,"1",538752172156
50,"53875217",64.0,"1b",538752172157
51,"53875217",57.14,"1b",538752172157
51,"53875217",57.14,"2",538752172158
52,"53875217",54.86,"2",538752172158
52,"53875217",54.86,"3",538752172159
53,"53875217",45.71,"3",538752172159
54,"53875217",13.71,"3",538752172159
55,"53875217",14.86,"3",538752172159
55,"53875217",14.86,"2",538752172160
56,"53875217",3.86,"2",538752172160
57,"53875217",1.71,"2",538752172160
57,"53875217",1.71,"1b",538752172161
58,"53875217",0.86,"1b",538752172161
59,"53875217",0.86,"1b",538752172161
59,"53875217",0.86,"1",538752172162
60,"53875217",0.71,"1",538752172162
61,"53875217",0.14,"1",538752172162
62,"53875217",0.29,"1",538752172162
63,"53875217",0.29,"1",538752172162
64,"53875217",0.57,"1",538752172162
65,"53875217",1.29,"1",538752172162
66,"53875217",1.43,"1",538752172162
67,"53875217",1.43,"1",538752172162
68,"53875217",2.0,"1",538752172162
69,"53875217",7.0,"1",538752172162
70,"53875217",11.71,"1",538752172162
71,"53875217",12.71,"1",538752172162
72,"53875217",13.86,"1",538752172162
73,"53875217",14.29,"1",538752172162
74,"53875217",12.86,"1",538752172162
75,"53875217",14.29,"1",538752172162
76,"53875217",18.29,"1",538752172162
77,"53875217",22.86,"1",538752172162
78,"53875217",43.43,"1",538752172162
79,"53875217",64.0,"1",538752172162
80,"53875217",77.14,"1",538752172162
80,"53875217",77.14,"1b",538752172163
81,"53875217",93.71,"1b",538752172163
81,"53875217",93.71,"1",538961262164
0,"53896126",0.0,"1",538961262164
1,"53896126",0.0,"1",538961262164
2,"53896126",0.0,"1",538961262164
3,"53896126",0.0,"1",538961262164
4,"53896126",0.0,"1",538961262164
5,"53896126",0.0,"1",538961262164
6,"53896126",0.0,"1",538961262164
7,"53896126",0.0,"1",538961262164
8,"53896126",0.0,"1",538961262164
9,"53896126",0.0,"1",538961262164
10,"53896126",0.0,"1",538961262164
11,"53896126",0.29,"1",538961262164
11,"53896126",0.29,"1b",538961262165
12,"53896126",0.0,"1b",538961262165
13,"53896126",0.0,"1b",538961262165
13,"53896126",0.0,"1",538961262166
14,"53896126",0.29,"1",538961262166
15,"53896126",0.43,"1",538961262166
16,"53896126",1.0,"1",538961262166
17,"53896126",2.86,"1",538961262166
17,"53896126",2.86,"2",538961262167
18,"53896126",3.43,"2",538961262167
19,"53896126",2.43,"2",538961262167
20,"53896126",5.29,"2",538961262167
21,"53896126",5.86,"2",538961262167
22,"53896126",7.14,"2",538961262167
23,"53896126",7.57,"2",538961262167
23,"53896126",7.57,"3",538961262168
24,"53896126",4.0,"3",538961262168
25,"53896126",2.57,"3",538961262168
25,"53896126",2.57,"2",538961262169
26,"53896126",1.43,"2",538961262169
27,"53896126",2.0,"2",538961262169
28,"53896126",2.71,"2",538961262169
29,"53896126",3.57,"2",538961262169
30,"53896126",4.29,"2",538961262169
31,"53896126",5.86,"2",538961262169
31,"53896126",5.86,"1b",538961262170
32,"53896126",12.29,"1b",538961262170
33,"53896126",15.43,"1b",538961262170
33,"53896126",15.43,"1",538961262171
34,"53896126",14.29,"1",538961262171
35,"53896126",21.71,"1",538961262171
36,"53896126",32.0,"1",538961262171
37,"53896126",50.86,"1",538961262171
38,"53896126",67.43,"1",538961262171
38,"53896126",67.43,"1b",538961262172
39,"53896126",66.29,"1b",538961262172
40,"53896126",157.71,"1b",538961262172
40,"53896126",157.71,"1",538961262173
41,"53896126",356.57,"1",538961262173
41,"53896126",356.57,"3",538961262174
42,"53896126",438.86,"3",538961262174
42,"53896126",438.86,"4",538961262175
43,"53896126",246.86,"4",538961262175
44,"53896126",155.43,"4",538961262175
45,"53896126",82.29,"4",538961262175
46,"53896126",22.86,"4",538961262175
47,"53896126",10.86,"4",538961262175
47,"53896126",10.86,"3",538961262176
48,"53896126",9.14,"3",538961262176
49,"53896126",2.86,"3",538961262176
49,"53896126",2.86,"2",538961262177
50,"53896126",3.86,"2",538961262177
51,"53896126",1.14,"2",538961262177
51,"53896126",1.14,"1b",538961262178
52,"53896126",3.57,"1b",538961262178
53,"53896126",3.14,"1b",538961262178
53,"53896126",3.14,"1",538961262179
54,"53896126",8.0,"1",538961262179
55,"53896126",6.29,"1",538961262179
56,"53896126",10.57,"1",538961262179
57,"53896126",18.43,"1",538961262179
58,"53896126",14.29,"1",538961262179
59,"53896126",24.0,"1",538961262179
60,"53896126",30.86,"1",538961262179
61,"53896126",56.57,"1",538961262179
62,"53896126",131.43,"1",538961262179
62,"53896126",131.43,"1b",538961262180
63,"53896126",198.86,"1b",538961262180
63,"53896126",198.86,"3",538961262181
64,"53896126",185.14,"3",538961262181
64,"53896126",185.14,"4",538961262182
65,"53896126",128.0,"4",538961262182
66,"53896126",89.14,"4",538961262182
67,"53896126",61.71,"4",538961262182
68,"53896126",43.43,"4",538961262182
68,"53896126",43.43,"3",538961262183
69,"53896126",32.0,"3",538961262183
69,"53896126",32.0,"4",538961262184
70,"53896126",13.71,"4",538961262184
71,"53896126",8.0,"4",538961262184
71,"53896126",8.0,"3",538961262185
72,"53896126",2.14,"3",538961262185
73,"53896126",2.71,"3",538961262185
73,"53896126",2.71,"2",538961262186
74,"53896126",2.57,"2",538961262186
75,"53896126",2.57,"2",538961262186
75,"53896126",2.57,"1b",538961262187
76,"53896126",1.29,"1b",538961262187
77,"53896126",1.29,"1b",538961262187
77,"53896126",1.29,"1",538961262188
78,"53896126",0.57,"1",538961262188
79,"53896126",3.57,"1",538961262188
80,"53896126",5.43,"1",538961262188
81,"53896126",13.71,"1",538961262188
81,"53896126",13.71,"1",539873602188
0,"53987360",0.0,"1",539873602188
1,"53987360",1.0,"1",539873602188
1,"53987360",1.0,"1b",539873602189
2,"53987360",1.29,"1b",539873602189
2,"53987360",1.29,"2",539873602190
3,"53987360",2.86,"2",539873602190
4,"53987360",0.86,"2",539873602190
4,"53987360",0.86,"1b",539873602191
5,"53987360",0.86,"1b",539873602191
6,"53987360",0.57,"1b",539873602191
7,"53987360",0.29,"1b",539873602191
8,"53987360",0.14,"1b",539873602191
8,"53987360",0.14,"1",539873602192
9,"53987360",0.0,"1",539873602192
10,"53987360",0.0,"1",539873602192
11,"53987360",0.0,"1",539873602192
12,"53987360",0.0,"1",539873602192
13,"53987360",0.0,"1",539873602192
14,"53987360",0.0,"1",539873602192
15,"53987360",0.29,"1",539873602192
16,"53987360",1.14,"1",539873602192
16,"53987360",1.14,"2",539873602193
17,"53987360",0.43,"2",539873602193
18,"53987360",0.14,"2",539873602193
18,"53987360",0.14,"1b",539873602194
19,"53987360",0.0,"1b",539873602194
20,"53987360",0.29,"1b",539873602194
20,"53987360",0.29,"1",539873602195
21,"53987360",0.0,"1",539873602195
22,"53987360",0.0,"1",539873602195
23,"53987360",0.14,"1",539873602195
24,"53987360",0.0,"1",539873602195
25,"53987360",0.0,"1",539873602195
26,"53987360",0.0,"1",539873602195
27,"53987360",0.0,"1",539873602195
28,"53987360",0.43,"1",539873602195
28,"53987360",0.43,"1b",539873602196
29,"53987360",0.0,"1b",539873602196
30,"53987360",0.0,"1b",539873602196
30,"53987360",0.0,"1",539873602197
31,"53987360",0.0,"1",539873602197
32,"53987360",0.0,"1",539873602197
33,"53987360",0.29,"1",539873602197
34,"53987360",0.71,"1",539873602197
35,"53987360",2.71,"1",539873602197
36,"53987360",1.14,"1",539873602197
37,"53987360",1.86,"1",539873602197
38,"53987360",1.86,"1",539873602197
39,"53987360",3.57,"1",539873602197
40,"53987360",5.86,"1",539873602197
41,"53987360",10.57,"1",539873602197
42,"53987360",17.0,"1",539873602197
43,"53987360",13.86,"1",539873602197
44,"53987360",17.14,"1",539873602197
45,"53987360",30.86,"1",539873602197
46,"53987360",55.43,"1",539873602197
47,"53987360",85.71,"1",539873602197
47,"53987360",85.71,"3",539873602198
48,"53987360",27.43,"3",539873602198
48,"53987360",27.43,"4",539873602199
49,"53987360",20.57,"4",539873602199
50,"53987360",6.29,"4",539873602199
50,"53987360",6.29,"3",539873602200
51,"53987360",4.29,"3",539873602200
52,"53987360",2.14,"3",539873602200
52,"53987360",2.14,"2",539873602201
53,"53987360",1.57,"2",539873602201
54,"53987360",0.57,"2",539873602201
54,"53987360",0.57,"1b",539873602202
55,"53987360",0.57,"1b",539873602202
56,"53987360",1.0,"1b",539873602202
56,"53987360",1.0,"1",539873602203
57,"53987360",1.86,"1",539873602203
58,"53987360",3.0,"1",539873602203
59,"53987360",4.57,"1",539873602203
60,"53987360",7.0,"1",539873602203
61,"53987360",9.57,"1",539873602203
62,"53987360",15.43,"1",539873602203
63,"53987360",18.43,"1",539873602203
64,"53987360",21.71,"1",539873602203
65,"53987360",36.57,"1",539873602203
66,"53987360",51.43,"1",539873602203
67,"53987360",58.29,"1",539873602203
67,"53987360",58.29,"1b",539873602204
68,"53987360",75.43,"1b",539873602204
68,"53987360",75.43,"2",539873602205
69,"53987360",52.57,"2",539873602205
70,"53987360",68.57,"2",539873602205
70,"53987360",68.57,"1b",539873602206
71,"53987360",93.71,"1b",539873602206
72,"53987360",141.71,"1b",539873602206
72,"53987360",141.71,"2",539873602207
73,"53987360",160.0,"2",539873602207
73,"53987360",160.0,"3",539873602208
74,"53987360",160.0,"3",539873602208
74,"53987360",160.0,"4",539873602209
75,"53987360",82.29,"4",539873602209
76,"53987360",73.14,"4",539873602209
77,"53987360",38.86,"4",539873602209
78,"53987360",38.86,"4",539873602209
78,"53987360",38.86,"3",539873602210
79,"53987360",10.29,"3",539873602210
79,"53987360",10.29,"4",539873602211
80,"53987360",8.0,"4",539873602211
81,"53987360",3.43,"4",539873602211
81,"53987360",3.43,"1",541252972212
0,"54125297",0.0,"1",541252972212
1,"54125297",0.0,"1",541252972212
2,"54125297",0.0,"1",541252972212
3,"54125297",0.57,"1",541252972212
4,"54125297",4.29,"1",541252972212
4,"54125297",4.29,"2",541252972213
5,"54125297",6.57,"2",541252972213
6,"54125297",5.29,"2",541252972213
7,"54125297",4.0,"2",541252972213
8,"54125297",4.14,"2",541252972213
9,"54125297",3.57,"2",541252972213
10,"54125297",3.71,"2",541252972213
11,"54125297",8.71,"2",541252972213
12,"54125297",9.0,"2",541252972213
12,"54125297",9.0,"3",541252972214
13,"54125297",8.71,"3",541252972214
14,"54125297",5.14,"3",541252972214
14,"54125297",5.14,"2",541252972215
15,"54125297",7.0,"2",541252972215
16,"54125297",10.57,"2",541252972215
17,"54125297",10.71,"2",541252972215
17,"54125297",10.71,"3",541252972216
18,"54125297",8.0,"3",541252972216
19,"54125297",6.57,"3",541252972216
20,"54125297",3.71,"3",541252972216
20,"54125297",3.71,"2",541252972217
21,"54125297",3.86,"2",541252972217
22,"54125297",4.86,"2",541252972217
23,"54125297",4.57,"2",541252972217
24,"54125297",5.71,"2",541252972217
25,"54125297",4.0,"2",541252972217
26,"54125297",3.14,"2",541252972217
27,"54125297",4.14,"2",541252972217
27,"54125297",4.14,"1b",541252972218
28,"54125297",3.71,"1b",541252972218
28,"54125297",3.71,"2",541252972219
29,"54125297",4.0,"2",541252972219
30,"54125297",3.86,"2",541252972219
30,"54125297",3.86,"1b",541252972220
31,"54125297",5.86,"1b",541252972220
32,"54125297",7.14,"1b",541252972220
32,"54125297",7.14,"1",541252972221
33,"54125297",9.43,"1",541252972221
34,"54125297",15.29,"1",541252972221
35,"54125297",15.14,"1",541252972221
36,"54125297",18.86,"1",541252972221
37,"54125297",21.14,"1",541252972221
38,"54125297",34.29,"1",541252972221
39,"54125297",53.14,"1",541252972221
40,"54125297",62.86,"1",541252972221
40,"54125297",62.86,"2",541252972222
41,"54125297",57.14,"2",541252972222
41,"54125297",57.14,"4",541252972223
42,"54125297",27.43,"4",541252972223
43,"54125297",9.14,"4",541252972223
43,"54125297",9.14,"3",541252972224
44,"54125297",7.43,"3",541252972224
45,"54125297",3.0,"3",541252972224
45,"54125297",3.0,"2",541252972225
46,"54125297",2.57,"2",541252972225
47,"54125297",2.0,"2",541252972225
47,"54125297",2.0,"1b",541252972226
48,"54125297",1.86,"1b",541252972226
49,"54125297",2.71,"1b",541252972226
49,"54125297",2.71,"1",541252972227
50,"54125297",1.57,"1",541252972227
51,"54125297",1.29,"1",541252972227
52,"54125297",2.43,"1",541252972227
53,"54125297",4.29,"1",541252972227
54,"54125297",7.29,"1",541252972227
55,"54125297",11.86,"1",541252972227
56,"54125297",18.43,"1",541252972227
57,"54125297",5.14,"1",541252972227
58,"54125297",5.14,"1",541252972227
59,"54125297",6.86,"1",541252972227
60,"54125297",12.0,"1",541252972227
61,"54125297",19.43,"1",541252972227
62,"54125297",40.57,"1",541252972227
63,"54125297",79.43,"1",541252972227
63,"54125297",79.43,"2",541252972228
64,"54125297",86.86,"2",541252972228
64,"54125297",86.86,"4",541252972229
65,"54125297",64.0,"4",541252972229
66,"54125297",36.57,"4",541252972229
66,"54125297",36.57,"3",541252972230
67,"54125297",20.57,"3",541252972230
67,"54125297",20.57,"4",541252972231
68,"54125297",8.57,"4",541252972231
69,"54125297",5.14,"4",541252972231
69,"54125297",5.14,"3",541252972232
70,"54125297",2.71,"3",541252972232
71,"54125297",1.86,"3",541252972232
71,"54125297",1.86,"2",541252972233
72,"54125297",0.71,"2",541252972233
73,"54125297",0.29,"2",541252972233
73,"54125297",0.29,"1b",541252972234
74,"54125297",0.86,"1b",541252972234
75,"54125297",2.0,"1b",541252972234
75,"54125297",2.0,"1",541252972235
76,"54125297",2.0,"1",541252972235
77,"54125297",4.0,"1",541252972235
78,"54125297",5.29,"1",541252972235
79,"54125297",10.57,"1",541252972235
80,"54125297",13.14,"1",541252972235
81,"54125297",13.57,"1",541252972235
81,"54125297",13.57,"1",548771242235
0,"54877124",0.0,"1",548771242235
1,"54877124",0.0,"1",548771242235
2,"54877124",0.0,"1",548771242235
3,"54877124",0.71,"1",548771242235
3,"54877124",0.71,"1b",548771242236
4,"54877124",0.86,"1b",548771242236
5,"54877124",2.0,"1b",548771242236
5,"54877124",2.0,"2",548771242237
6,"54877124",3.43,"2",548771242237
7,"54877124",5.71,"2",548771242237
8,"54877124",9.57,"2",548771242237
8,"54877124",9.57,"3",548771242238
9,"54877124",9.71,"3",548771242238
10,"54877124",9.71,"3",548771242238
10,"54877124",9.71,"2",548771242239
11,"54877124",9.14,"2",548771242239
11,"54877124",9.14,"3",548771242240
12,"54877124",11.14,"3",548771242240
13,"54877124",8.57,"3",548771242240
14,"54877124",6.57,"3",548771242240
14,"54877124",6.57,"2",548771242241
15,"54877124",4.43,"2",548771242241
16,"54877124",4.71,"2",548771242241
17,"54877124",3.0,"2",548771242241
17,"54877124",3.0,"1b",548771242242
18,"54877124",4.0,"1b",548771242242
18,"54877124",4.0,"2",548771242243
19,"54877124",5.57,"2",548771242243
20,"54877124",5.14,"2",548771242243
21,"54877124",4.71,"2",548771242243
22,"54877124",4.71,"2",548771242243
22,"54877124",4.71,"3",548771242244
23,"54877124",2.71,"3",548771242244
24,"54877124",2.14,"3",548771242244
24,"54877124",2.14,"2",548771242245
25,"54877124",1.14,"2",548771242245
26,"54877124",2.57,"2",548771242245
27,"54877124",1.86,"2",548771242245
28,"54877124",2.86,"2",548771242245
29,"54877124",1.86,"2",548771242245
29,"54877124",1.86,"1b",548771242246
30,"54877124",3.43,"1b",548771242246
31,"54877124",4.14,"1b",548771242246
31,"54877124",4.14,"1",548771242247
32,"54877124",6.71,"1",548771242247
33,"54877124",11.14,"1",548771242247
34,"54877124",12.71,"1",548771242247
35,"54877124",14.57,"1",548771242247
36,"54877124",30.86,"1",548771242247
37,"54877124",36.0,"1",548771242247
37,"54877124",36.0,"1b",548771242248
38,"54877124",41.14,"1b",548771242248
39,"54877124",34.86,"1b",548771242248
40,"54877124",46.86,"1b",548771242248
41,"54877124",45.71,"1b",548771242248
41,"54877124",45.71,"2",548771242249
42,"54877124",35.43,"2",548771242249
43,"54877124",30.29,"2",548771242249
43,"54877124",30.29,"1b",548771242250
44,"54877124",41.71,"1b",548771242250
45,"54877124",53.14,"1b",548771242250
45,"54877124",53.14,"1",548771242251
46,"54877124",72.0,"1",548771242251
46,"54877124",72.0,"1b",548771242252
47,"54877124",61.71,"1b",548771242252
48,"54877124",84.57,"1b",548771242252
48,"54877124",84.57,"1",548771242253
49,"54877124",155.43,"1",548771242253
49,"54877124",155.43,"1b",548771242254
50,"54877124",196.57,"1b",548771242254
50,"54877124",196.57,"2",548771242255
51,"54877124",219.43,"2",548771242255
51,"54877124",219.43,"4",548771242256
52,"54877124",109.71,"4",548771242256
53,"54877124",36.57,"4",548771242256
53,"54877124",36.57,"3",548771242257
54,"54877124",18.29,"3",548771242257
54,"54877124",18.29,"4",548771242258
55,"54877124",7.43,"4",548771242258
56,"54877124",6.29,"4",548771242258
56,"54877124",6.29,"3",548771242259
57,"54877124",2.29,"3",548771242259
58,"54877124",0.86,"3",548771242259
58,"54877124",0.86,"2",548771242260
59,"54877124",0.71,"2",548771242260
60,"54877124",1.14,"2",548771242260
60,"54877124",1.14,"1b",548771242261
61,"54877124",0.57,"1b",548771242261
62,"54877124",1.43,"1b",548771242261
62,"54877124",1.43,"1",548771242262
63,"54877124",2.14,"1",548771242262
64,"54877124",3.0,"1",548771242262
65,"54877124",5.14,"1",548771242262
66,"54877124",8.57,"1",548771242262
67,"54877124",8.14,"1",548771242262
68,"54877124",11.0,"1",548771242262
69,"54877124",12.86,"1",548771242262
70,"54877124",11.86,"1",548771242262
71,"54877124",14.71,"1",548771242262
72,"54877124",18.86,"1",548771242262
73,"54877124",30.29,"1",548771242262
74,"54877124",54.86,"1",548771242262
75,"54877124",69.71,"1",548771242262
75,"54877124",69.71,"2",548771242263
76,"54877124",66.29,"2",548771242263
76,"54877124",66.29,"3",548771242264
77,"54877124",45.71,"3",548771242264
77,"54877124",45.71,"4",548771242265
78,"54877124",25.14,"4",548771242265
79,"54877124",10.86,"4",548771242265
80,"54877124",8.0,"4",548771242265
80,"54877124",8.0,"3",548771242266
81,"54877124",3.29,"3",548771242266
81,"54877124",3.29,"1",551343842267
0,"55134384",0.0,"1",551343842267
1,"55134384",0.0,"1",551343842267
2,"55134384",0.0,"1",551343842267
3,"55134384",1.29,"1",551343842267
3,"55134384",1.29,"1b",551343842268
4,"55134384",3.57,"1b",551343842268
4,"55134384",3.57,"2",551343842269
5,"55134384",4.86,"2",551343842269
6,"55134384",7.86,"2",551343842269
7,"55134384",14.43,"2",551343842269
7,"55134384",14.43,"3",551343842270
8,"55134384",12.71,"3",551343842270
9,"55134384",8.57,"3",551343842270
10,"55134384",11.43,"3",551343842270
10,"55134384",11.43,"2",551343842271
11,"55134384",15.43,"2",551343842271
12,"55134384",22.29,"2",551343842271
12,"55134384",22.29,"3",551343842272
13,"55134384",24.0,"3",551343842272
14,"55134384",28.57,"3",551343842272
15,"55134384",28.0,"3",551343842272
15,"55134384",28.0,"4",551343842273
16,"55134384",16.0,"4",551343842273
17,"55134384",12.0,"4",551343842273
17,"55134384",12.0,"3",551343842274
18,"55134384",16.0,"3",551343842274
19,"55134384",12.0,"3",551343842274
20,"55134384",16.57,"3",551343842274
21,"55134384",18.86,"3",551343842274
22,"55134384",18.86,"3",551343842274
23,"55134384",20.0,"3",551343842274
24,"55134384",9.14,"3",551343842274
25,"55134384",16.57,"3",551343842274
25,"55134384",16.57,"2",551343842275
26,"55134384",18.86,"2",551343842275
27,"55134384",25.71,"2",551343842275
27,"55134384",25.71,"3",551343842276
28,"55134384",21.71,"3",551343842276
29,"55134384",27.43,"3",551343842276
29,"55134384",27.43,"2",551343842277
30,"55134384",25.14,"2",551343842277
31,"55134384",32.57,"2",551343842277
31,"55134384",32.57,"1b",551343842278
32,"55134384",35.43,"1b",551343842278
33,"55134384",56.57,"1b",551343842278
33,"55134384",56.57,"1",551343842279
34,"55134384",85.71,"1",551343842279
34,"55134384",85.71,"3",551343842280
35,"55134384",123.43,"3",551343842280
35,"55134384",123.43,"4",551343842281
36,"55134384",82.29,"4",551343842281
37,"55134384",36.57,"4",551343842281
38,"55134384",29.71,"4",551343842281
39,"55134384",10.86,"4",551343842281
39,"55134384",10.86,"3",551343842282
40,"55134384",9.14,"3",551343842282
41,"55134384",6.57,"3",551343842282
41,"55134384",6.57,"2",551343842283
42,"55134384",4.43,"2",551343842283
43,"55134384",3.57,"2",551343842283
43,"55134384",3.57,"1b",551343842284
44,"55134384",3.43,"1b",551343842284
45,"55134384",6.43,"1b",551343842284
45,"55134384",6.43,"1",551343842285
46,"55134384",10.86,"1",551343842285
47,"55134384",22.71,"1",551343842285
48,"55134384",31.43,"1",551343842285
49,"55134384",48.57,"1",551343842285
50,"55134384",92.0,"1",551343842285
50,"55134384",92.0,"1b",551343842286
51,"55134384",121.14,"1b",551343842286
51,"55134384",121.14,"2",551343842287
52,"55134384",198.86,"2",551343842287
52,"55134384",198.86,"3",551343842288
53,"55134384",208.0,"3",551343842288
53,"55134384",208.0,"4",551343842289
54,"55134384",130.29,"4",551343842289
55,"55134384",109.71,"4",551343842289
56,"55134384",48.0,"4",551343842289
57,"55134384",43.43,"4",551343842289
57,"55134384",43.43,"3",551343842290
58,"55134384",20.57,"3",551343842290
58,"55134384",20.57,"4",551343842291
59,"55134384",18.29,"4",551343842291
60,"55134384",4.57,"4",551343842291
60,"55134384",4.57,"3",551343842292
61,"55134384",1.86,"3",551343842292
62,"55134384",1.0,"3",551343842292
62,"55134384",1.0,"2",551343842293
63,"55134384",1.29,"2",551343842293
64,"55134384",1.0,"2",551343842293
64,"55134384",1.0,"1b",551343842294
65,"55134384",0.86,"1b",551343842294
66,"55134384",1.0,"1b",551343842294
66,"55134384",1.0,"1",551343842295
67,"55134384",2.0,"1",551343842295
68,"55134384",4.43,"1",551343842295
69,"55134384",6.14,"1",551343842295
70,"55134384",9.71,"1",551343842295
71,"55134384",18.43,"1",551343842295
72,"55134384",21.0,"1",551343842295
73,"55134384",32.0,"1",551343842295
74,"55134384",44.57,"1",551343842295
74,"55134384",44.57,"1b",551343842296
75,"55134384",45.71,"1b",551343842296
76,"55134384",41.71,"1b",551343842296
77,"55134384",42.29,"1b",551343842296
78,"55134384",52.57,"1b",551343842296
79,"55134384",48.0,"1b",551343842296
79,"55134384",48.0,"3",551343842297
80,"55134384",50.29,"3",551343842297
81,"55134384",52.57,"3",551343842297
81,"55134384",52.57,"1",552007282298
0,"55200728",0.0,"1",552007282298
1,"55200728",0.0,"1",552007282298
2,"55200728",0.0,"1",552007282298
3,"55200728",0.0,"1",552007282298
4,"55200728",0.0,"1",552007282298
5,"55200728",0.0,"1",552007282298
6,"55200728",0.0,"1",552007282298
7,"55200728",0.0,"1",552007282298
8,"55200728",0.0,"1",552007282298
9,"55200728",0.0,"1",552007282298
10,"55200728",0.0,"1",552007282298
11,"55200728",0.0,"1",552007282298
12,"55200728",0.0,"1",552007282298
13,"55200728",0.0,"1",552007282298
14,"55200728",0.71,"1",552007282298
14,"55200728",0.71,"1b",552007282299
15,"55200728",0.29,"1b",552007282299
15,"55200728",0.29,"2",552007282300
16,"55200728",0.14,"2",552007282300
17,"55200728",0.0,"2",552007282300
17,"55200728",0.0,"1b",552007282301
18,"55200728",0.29,"1b",552007282301
19,"55200728",0.57,"1b",552007282301
19,"55200728",0.57,"2",552007282302
20,"55200728",0.29,"2",552007282302
21,"55200728",0.0,"2",552007282302
21,"55200728",0.0,"1b",552007282303
22,"55200728",0.0,"1b",552007282303
23,"55200728",0.0,"1b",552007282303
23,"55200728",0.0,"1",552007282304
24,"55200728",0.0,"1",552007282304
25,"55200728",0.0,"1",552007282304
26,"55200728",0.0,"1",552007282304
27,"55200728",0.0,"1",552007282304
28,"55200728",0.0,"1",552007282304
29,"55200728",0.14,"1",552007282304
30,"55200728",0.0,"1",552007282304
31,"55200728",0.0,"1",552007282304
32,"55200728",0.0,"1",552007282304
33,"55200728",0.0,"1",552007282304
34,"55200728",0.14,"1",552007282304
35,"55200728",0.14,"1",552007282304
36,"55200728",0.0,"1",552007282304
37,"55200728",0.86,"1",552007282304
38,"55200728",0.43,"1",552007282304
39,"55200728",1.29,"1",552007282304
40,"55200728",3.0,"1",552007282304
41,"55200728",6.86,"1",552007282304
42,"55200728",10.71,"1",552007282304
43,"55200728",13.57,"1",552007282304
44,"55200728",12.86,"1",552007282304
45,"55200728",11.43,"1",552007282304
46,"55200728",22.86,"1",552007282304
47,"55200728",36.57,"1",552007282304
48,"55200728",71.43,"1",552007282304
48,"55200728",71.43,"1b",552007282305
49,"55200728",66.29,"1b",552007282305
49,"55200728",66.29,"3",552007282306
50,"55200728",66.29,"3",552007282306
51,"55200728",36.57,"3",552007282306
51,"55200728",36.57,"4",552007282307
52,"55200728",18.29,"4",552007282307
53,"55200728",9.14,"4",552007282307
54,"55200728",3.29,"4",552007282307
54,"55200728",3.29,"3",552007282308
55,"55200728",1.86,"3",552007282308
56,"55200728",0.14,"3",552007282308
56,"55200728",0.14,"2",552007282309
57,"55200728",0.29,"2",552007282309
58,"55200728",0.14,"2",552007282309
58,"55200728",0.14,"1b",552007282310
59,"55200728",0.71,"1b",552007282310
60,"55200728",0.57,"1b",552007282310
60,"55200728",0.57,"1",552007282311
61,"55200728",1.43,"1",552007282311
62,"55200728",1.43,"1",552007282311
63,"55200728",2.29,"1",552007282311
64,"55200728",4.71,"1",552007282311
65,"55200728",10.29,"1",552007282311
66,"55200728",12.14,"1",552007282311
67,"55200728",12.71,"1",552007282311
68,"55200728",21.29,"1",552007282311
69,"55200728",22.86,"1",552007282311
70,"55200728",48.57,"1",552007282311
71,"55200728",42.86,"1",552007282311
72,"55200728",46.29,"1",552007282311
73,"55200728",58.29,"1",552007282311
73,"55200728",58.29,"1b",552007282312
74,"55200728",56.57,"1b",552007282312
75,"55200728",68.57,"1b",552007282312
75,"55200728",68.57,"2",552007282313
76,"55200728",64.0,"2",552007282313
77,"55200728",52.57,"2",552007282313
77,"55200728",52.57,"1b",552007282314
78,"55200728",70.86,"1b",552007282314
78,"55200728",70.86,"2",552007282315
79,"55200728",75.43,"2",552007282315
80,"55200728",80.0,"2",552007282315
80,"55200728",80.0,"1b",552007282316
81,"55200728",86.86,"1b",552007282316
81,"55200728",86.86,"1",553599622317
0,"55359962",0.0,"1",553599622317
1,"55359962",0.0,"1",553599622317
2,"55359962",0.14,"1",553599622317
3,"55359962",0.86,"1",553599622317
4,"55359962",1.71,"1",553599622317
4,"55359962",1.71,"2",553599622318
5,"55359962",1.29,"2",553599622318
6,"55359962",0.86,"2",553599622318
6,"55359962",0.86,"1b",553599622319
7,"55359962",0.29,"1b",553599622319
8,"55359962",0.14,"1b",553599622319
8,"55359962",0.14,"1",553599622320
9,"55359962",1.0,"1",553599622320
10,"55359962",4.29,"1",553599622320
10,"55359962",4.29,"1b",553599622321
11,"55359962",7.29,"1b",553599622321
11,"55359962",7.29,"3",553599622322
12,"55359962",6.71,"3",553599622322
13,"55359962",4.71,"3",553599622322
13,"55359962",4.71,"2",553599622323
14,"55359962",7.57,"2",553599622323
15,"55359962",5.0,"2",553599622323
16,"55359962",6.57,"2",553599622323
17,"55359962",5.0,"2",553599622323
17,"55359962",5.0,"3",553599622324
18,"55359962",4.29,"3",553599622324
19,"55359962",1.57,"3",553599622324
19,"55359962",1.57,"2",553599622325
20,"55359962",1.29,"2",553599622325
21,"55359962",1.0,"2",553599622325
21,"55359962",1.0,"1b",553599622326
22,"55359962",0.57,"1b",553599622326
23,"55359962",0.71,"1b",553599622326
23,"55359962",0.71,"2",553599622327
24,"55359962",0.43,"2",553599622327
25,"55359962",0.43,"2",553599622327
25,"55359962",0.43,"1b",553599622328
26,"55359962",0.14,"1b",553599622328
27,"55359962",0.29,"1b",553599622328
28,"55359962",0.71,"1b",553599622328
29,"55359962",0.29,"1b",553599622328
29,"55359962",0.29,"1",553599622329
30,"55359962",0.43,"1",553599622329
31,"55359962",0.43,"1",553599622329
32,"55359962",1.0,"1",553599622329
33,"55359962",4.29,"1",553599622329
34,"55359962",11.43,"1",553599622329
35,"55359962",17.0,"1",553599622329
36,"55359962",30.57,"1",553599622329
37,"55359962",43.43,"1",553599622329
38,"55359962",42.86,"1",553599622329
39,"55359962",66.29,"1",553599622329
39,"55359962",66.29,"1b",553599622330
40,"55359962",89.14,"1b",553599622330
40,"55359962",89.14,"2",553599622331
41,"55359962",54.86,"2",553599622331
42,"55359962",57.14,"2",553599622331
42,"55359962",57.14,"1b",553599622332
43,"55359962",80.0,"1b",553599622332
43,"55359962",80.0,"2",553599622333
44,"55359962",89.14,"2",553599622333
44,"55359962",89.14,"3",553599622334
45,"55359962",80.0,"3",553599622334
46,"55359962",59.43,"3",553599622334
46,"55359962",59.43,"2",553599622335
47,"55359962",32.0,"2",553599622335
48,"55359962",34.29,"2",553599622335
48,"55359962",34.29,"3",553599622336
49,"55359962",12.0,"3",553599622336
50,"55359962",4.0,"3",553599622336
50,"55359962",4.0,"2",553599622337
51,"55359962",2.14,"2",553599622337
52,"55359962",2.71,"2",553599622337
52,"55359962",2.71,"1b",553599622338
53,"55359962",4.43,"1b",553599622338
54,"55359962",4.57,"1b",553599622338
54,"55359962",4.57,"1",553599622339
55,"55359962",3.29,"1",553599622339
56,"55359962",2.71,"1",553599622339
57,"55359962",2.14,"1",553599622339
58,"55359962",1.57,"1",553599622339
59,"55359962",5.14,"1",553599622339
60,"55359962",6.0,"1",553599622339
61,"55359962",10.57,"1",553599622339
62,"55359962",16.29,"1",553599622339
63,"55359962",11.71,"1",553599622339
64,"55359962",15.43,"1",553599622339
65,"55359962",24.0,"1",553599622339
66,"55359962",32.57,"1",553599622339
67,"55359962",49.14,"1",553599622339
68,"55359962",74.86,"1",553599622339
68,"55359962",74.86,"1b",553599622340
69,"55359962",77.71,"1b",553599622340
70,"55359962",116.57,"1b",553599622340
70,"55359962",116.57,"2",553599622341
71,"55359962",91.43,"2",553599622341
71,"55359962",91.43,"3",553599622342
72,"55359962",73.14,"3",553599622342
72,"55359962",73.14,"4",553599622343
73,"55359962",27.43,"4",553599622343
74,"55359962",19.43,"4",553599622343
75,"55359962",2.86,"4",553599622343
75,"55359962",2.86,"3",553599622344
76,"55359962",2.0,"3",553599622344
77,"55359962",0.57,"3",553599622344
77,"55359962",0.57,"2",553599622345
78,"55359962",0.57,"2",553599622345
79,"55359962",1.14,"2",553599622345
79,"55359962",1.14,"1b",553599622346
80,"55359962",0.86,"1b",553599622346
81,"55359962",1.0,"1b",553599622346
81,"55359962",1.0,"1",554744332347
0,"55474433",0.0,"1",554744332347
1,"55474433",0.86,"1",554744332347
2,"55474433",6.57,"1",554744332347
2,"55474433",6.57,"1b",554744332348
3,"55474433",13.71,"1b",554744332348
3,"55474433",13.71,"3",554744332349
4,"55474433",23.86,"3",554744332349
5,"55474433",18.86,"3",554744332349
6,"55474433",14.29,"3",554744332349
6,"55474433",14.29,"2",554744332350
7,"55474433",25.14,"2",554744332350
8,"55474433",43.43,"2",554744332350
8,"55474433",43.43,"3",554744332351
9,"55474433",36.0,"3",554744332351
10,"55474433",41.71,"3",554744332351
10,"55474433",41.71,"4",554744332352
11,"55474433",30.86,"4",554744332352
12,"55474433",23.43,"4",554744332352
12,"55474433",23.43,"3",554744332353
13,"55474433",19.43,"3",554744332353
14,"55474433",14.29,"3",554744332353
15,"55474433",13.71,"3",554744332353
16,"55474433",9.71,"3",554744332353
17,"55474433",14.29,"3",554744332353
17,"55474433",14.29,"2",554744332354
18,"55474433",9.71,"2",554744332354
18,"55474433",9.71,"3",554744332355
19,"55474433",5.71,"3",554744332355
20,"55474433",7.43,"3",554744332355
20,"55474433",7.43,"2",554744332356
21,"55474433",9.14,"2",554744332356
21,"55474433",9.14,"3",554744332357
22,"55474433",2.86,"3",554744332357
23,"55474433",3.43,"3",554744332357
23,"55474433",3.43,"2",554744332358
24,"55474433",5.57,"2",554744332358
25,"55474433",2.86,"2",554744332358
26,"55474433",1.86,"2",554744332358
26,"55474433",1.86,"1b",554744332359
27,"55474433",1.14,"1b",554744332359
28,"55474433",1.43,"1b",554744332359
28,"55474433",1.43,"2",554744332360
29,"55474433",2.29,"2",554744332360
30,"55474433",2.29,"2",554744332360
30,"55474433",2.29,"1b",554744332361
31,"55474433",2.86,"1b",554744332361
32,"55474433",2.43,"1b",554744332361
32,"55474433",2.43,"1",554744332362
33,"55474433",2.14,"1",554744332362
34,"55474433",5.0,"1",554744332362
35,"55474433",6.29,"1",554744332362
36,"55474433",10.14,"1",554744332362
37,"55474433",12.57,"1",554744332362
38,"55474433",22.14,"1",554744332362
39,"55474433",26.86,"1",554744332362
40,"55474433",42.86,"1",554744332362
41,"55474433",67.43,"1",554744332362
41,"55474433",67.43,"1b",554744332363
42,"55474433",80.0,"1b",554744332363
42,"55474433",80.0,"3",554744332364
43,"55474433",38.86,"3",554744332364
43,"55474433",38.86,"4",554744332365
44,"55474433",18.29,"4",554744332365
45,"55474433",1.14,"4",554744332365
45,"55474433",1.14,"3",554744332366
46,"55474433",3.14,"3",554744332366
47,"55474433",1.29,"3",554744332366
47,"55474433",1.29,"2",554744332367
48,"55474433",1.14,"2",554744332367
49,"55474433",0.57,"2",554744332367
49,"55474433",0.57,"1b",554744332368
50,"55474433",0.43,"1b",554744332368
51,"55474433",0.43,"1b",554744332368
51,"55474433",0.43,"1",554744332369
52,"55474433",1.57,"1",554744332369
53,"55474433",3.0,"1",554744332369
54,"55474433",6.14,"1",554744332369
55,"55474433",12.86,"1",554744332369
56,"55474433",22.86,"1",554744332369
57,"55474433",32.0,"1",554744332369
58,"55474433",41.71,"1",554744332369
59,"55474433",50.86,"1",554744332369
60,"55474433",85.14,"1",554744332369
60,"55474433",85.14,"1b",554744332370
61,"55474433",105.14,"1b",554744332370
61,"55474433",105.14,"2",554744332371
62,"55474433",139.43,"2",554744332371
62,"55474433",139.43,"3",554744332372
63,"55474433",153.14,"3",554744332372
63,"55474433",153.14,"4",554744332373
64,"55474433",73.14,"4",554744332373
65,"55474433",38.86,"4",554744332373
66,"55474433",9.14,"4",554744332373
67,"55474433",9.14,"4",554744332373
67,"55474433",9.14,"3",554744332374
68,"55474433",5.57,"3",554744332374
69,"55474433",1.86,"3",554744332374
69,"55474433",1.86,"2",554744332375
70,"55474433",1.29,"2",554744332375
71,"55474433",0.86,"2",554744332375
71,"55474433",0.86,"1b",554744332376
72,"55474433",3.0,"1b",554744332376
73,"55474433",3.14,"1b",554744332376
73,"55474433",3.14,"1",554744332377
74,"55474433",4.29,"1",554744332377
75,"55474433",7.57,"1",554744332377
76,"55474433",11.29,"1",554744332377
77,"55474433",16.0,"1",554744332377
78,"55474433",20.0,"1",554744332377
79,"55474433",32.0,"1",554744332377
80,"55474433",61.14,"1",554744332377
81,"55474433",100.57,"1",554744332377
81,"55474433",100.57,"1",555349672377
0,"55534967",0.0,"1",555349672377
1,"55534967",0.0,"1",555349672377
2,"55534967",0.0,"1",555349672377
3,"55534967",0.0,"1",555349672377
4,"55534967",0.0,"1",555349672377
5,"55534967",0.0,"1",555349672377
6,"55534967",0.0,"1",555349672377
7,"55534967",0.0,"1",555349672377
8,"55534967",0.0,"1",555349672377
9,"55534967",0.0,"1",555349672377
10,"55534967",0.0,"1",555349672377
11,"55534967",0.0,"1",555349672377
12,"55534967",0.0,"1",555349672377
13,"55534967",0.14,"1",555349672377
14,"55534967",0.14,"1",555349672377
15,"55534967",0.14,"1",555349672377
16,"55534967",0.86,"1",555349672377
17,"55534967",3.0,"1",555349672377
17,"55534967",3.0,"2",555349672378
18,"55534967",2.29,"2",555349672378
19,"55534967",0.57,"2",555349672378
19,"55534967",0.57,"1b",555349672379
20,"55534967",1.0,"1b",555349672379
21,"55534967",0.14,"1b",555349672379
22,"55534967",0.57,"1b",555349672379
23,"55534967",0.14,"1b",555349672379
24,"55534967",0.14,"1b",555349672379
24,"55534967",0.14,"1",555349672380
25,"55534967",1.0,"1",555349672380
26,"55534967",2.0,"1",555349672380
27,"55534967",5.0,"1",555349672380
27,"55534967",5.0,"2",555349672381
28,"55534967",1.43,"2",555349672381
29,"55534967",0.71,"2",555349672381
29,"55534967",0.71,"1b",555349672382
30,"55534967",1.43,"1b",555349672382
31,"55534967",1.57,"1b",555349672382
31,"55534967",1.57,"1",555349672383
32,"55534967",2.43,"1",555349672383
33,"55534967",2.71,"1",555349672383
34,"55534967",8.0,"1",555349672383
35,"55534967",12.29,"1",555349672383
36,"55534967",14.57,"1",555349672383
37,"55534967",8.14,"1",555349672383
38,"55534967",21.71,"1",555349672383
39,"55534967",48.0,"1",555349672383
40,"55534967",56.0,"1",555349672383
40,"55534967",56.0,"2",555349672384
41,"55534967",60.57,"2",555349672384
41,"55534967",60.57,"3",555349672385
42,"55534967",38.86,"3",555349672385
43,"55534967",18.29,"3",555349672385
43,"55534967",18.29,"2",555349672386
44,"55534967",45.71,"2",555349672386
45,"55534967",27.43,"2",555349672386
45,"55534967",27.43,"1b",555349672387
46,"55534967",70.86,"1b",555349672387
47,"55534967",105.14,"1b",555349672387
47,"55534967",105.14,"1",555349672388
48,"55534967",240.0,"1",555349672388
48,"55534967",240.0,"1b",555349672389
49,"55534967",349.71,"1b",555349672389
49,"55534967",349.71,"4",555349672390
50,"55534967",173.71,"4",555349672390
51,"55534967",137.14,"4",555349672390
52,"55534967",146.29,"4",555349672390
52,"55534967",146.29,"3",555349672391
53,"55534967",91.43,"3",555349672391
53,"55534967",91.43,"4",555349672392
54,"55534967",36.57,"4",555349672392
55,"55534967",18.29,"4",555349672392
56,"55534967",13.71,"4",555349672392
56,"55534967",13.71,"3",555349672393
57,"55534967",2.86,"3",555349672393
58,"55534967",1.29,"3",555349672393
58,"55534967",1.29,"2",555349672394
59,"55534967",0.57,"2",555349672394
60,"55534967",0.57,"2",555349672394
60,"55534967",0.57,"1b",555349672395
61,"55534967",0.57,"1b",555349672395
62,"55534967",0.29,"1b",555349672395
62,"55534967",0.29,"1",555349672396
63,"55534967",0.57,"1",555349672396
64,"55534967",1.0,"1",555349672396
65,"55534967",3.0,"1",555349672396
66,"55534967",3.86,"1",555349672396
67,"55534967",8.71,"1",555349672396
68,"55534967",12.14,"1",555349672396
69,"55534967",16.86,"1",555349672396
70,"55534967",20.0,"1",555349672396
71,"55534967",40.57,"1",555349672396
72,"55534967",58.86,"1",555349672396
72,"55534967",58.86,"1b",555349672397
73,"55534967",88.0,"1b",555349672397
73,"55534967",88.0,"3",555349672398
74,"55534967",50.29,"3",555349672398
75,"55534967",73.14,"3",555349672398
75,"55534967",73.14,"2",555349672399
76,"55534967",57.14,"2",555349672399
76,"55534967",57.14,"3",555349672400
77,"55534967",93.71,"3",555349672400
78,"55534967",73.14,"3",555349672400
79,"55534967",41.14,"3",555349672400
79,"55534967",41.14,"4",555349672401
80,"55534967",32.0,"4",555349672401
81,"55534967",13.71,"4",555349672401
81,"55534967",13.71,"1",556047322402
0,"55604732",0.0,"1",556047322402
1,"55604732",0.71,"1",556047322402
2,"55604732",1.43,"1",556047322402
3,"55604732",5.29,"1",556047322402
3,"55604732",5.29,"2",556047322403
4,"55604732",8.14,"2",556047322403
5,"55604732",13.71,"2",556047322403
5,"55604732",13.71,"3",556047322404
6,"55604732",12.71,"3",556047322404
7,"55604732",16.57,"3",556047322404
8,"55604732",12.0,"3",556047322404
8,"55604732",12.0,"2",556047322405
9,"55604732",12.0,"2",556047322405
9,"55604732",12.0,"3",556047322406
10,"55604732",8.57,"3",556047322406
11,"55604732",7.43,"3",556047322406
11,"55604732",7.43,"2",556047322407
12,"55604732",2.86,"2",556047322407
13,"55604732",2.29,"2",556047322407
14,"55604732",3.86,"2",556047322407
15,"55604732",2.57,"2",556047322407
16,"55604732",2.86,"2",556047322407
17,"55604732",1.71,"2",556047322407
17,"55604732",1.71,"1b",556047322408
18,"55604732",4.57,"1b",556047322408
18,"55604732",4.57,"2",556047322409
19,"55604732",4.43,"2",556047322409
20,"55604732",5.57,"2",556047322409
21,"55604732",7.29,"2",556047322409
22,"55604732",7.29,"2",556047322409
23,"55604732",6.29,"2",556047322409
24,"55604732",3.0,"2",556047322409
24,"55604732",3.0,"1b",556047322410
25,"55604732",4.43,"1b",556047322410
26,"55604732",6.43,"1b",556047322410
26,"55604732",6.43,"2",556047322411
27,"55604732",5.71,"2",556047322411
27,"55604732",5.71,"3",556047322412
28,"55604732",4.71,"3",556047322412
29,"55604732",2.86,"3",556047322412
29,"55604732",2.86,"2",556047322413
30,"55604732",2.57,"2",556047322413
31,"55604732",2.14,"2",556047322413
31,"55604732",2.14,"1b",556047322414
32,"55604732",1.57,"1b",556047322414
33,"55604732",0.86,"1b",556047322414
33,"55604732",0.86,"1",556047322415
34,"55604732",0.71,"1",556047322415
35,"55604732",1.57,"1",556047322415
36,"55604732",5.43,"1",556047322415
37,"55604732",8.57,"1",556047322415
38,"55604732",13.71,"1",556047322415
39,"55604732",26.57,"1",556047322415
40,"55604732",25.71,"1",556047322415
41,"55604732",49.14,"1",556047322415
42,"55604732",73.14,"1",556047322415
42,"55604732",73.14,"1b",556047322416
43,"55604732",80.0,"1b",556047322416
43,"55604732",80.0,"3",556047322417
44,"55604732",68.57,"3",556047322417
45,"55604732",75.43,"3",556047322417
45,"55604732",75.43,"2",556047322418
46,"55604732",77.71,"2",556047322418
47,"55604732",86.86,"2",556047322418
47,"55604732",86.86,"3",556047322419
48,"55604732",86.86,"3",556047322419
48,"55604732",86.86,"4",556047322420
49,"55604732",50.29,"4",556047322420
50,"55604732",41.14,"4",556047322420
51,"55604732",10.29,"4",556047322420
52,"55604732",7.43,"4",556047322420
52,"55604732",7.43,"3",556047322421
53,"55604732",2.71,"3",556047322421
54,"55604732",2.29,"3",556047322421
54,"55604732",2.29,"2",556047322422
55,"55604732",1.57,"2",556047322422
56,"55604732",1.71,"2",556047322422
56,"55604732",1.71,"1b",556047322423
57,"55604732",1.0,"1b",556047322423
58,"55604732",1.86,"1b",556047322423
58,"55604732",1.86,"1",556047322424
59,"55604732",2.0,"1",556047322424
60,"55604732",1.43,"1",556047322424
61,"55604732",2.14,"1",556047322424
62,"55604732",3.14,"1",556047322424
63,"55604732",6.14,"1",556047322424
64,"55604732",6.86,"1",556047322424
65,"55604732",12.29,"1",556047322424
66,"55604732",16.86,"1",556047322424
67,"55604732",22.86,"1",556047322424
68,"55604732",25.71,"1",556047322424
69,"55604732",47.43,"1",556047322424
70,"55604732",74.29,"1",556047322424
70,"55604732",74.29,"2",556047322425
71,"55604732",91.43,"2",556047322425
71,"55604732",91.43,"3",556047322426
72,"55604732",48.0,"3",556047322426
72,"55604732",48.0,"4",556047322427
73,"55604732",16.0,"4",556047322427
74,"55604732",9.71,"4",556047322427
75,"55604732",2.14,"4",556047322427
75,"55604732",2.14,"3",556047322428
76,"55604732",2.14,"3",556047322428
77,"55604732",1.14,"3",556047322428
77,"55604732",1.14,"2",556047322429
78,"55604732",0.57,"2",556047322429
79,"55604732",1.0,"2",556047322429
79,"55604732",1.0,"1b",556047322430
80,"55604732",1.14,"1b",556047322430
81,"55604732",1.29,"1b",556047322430
81,"55604732",1.29,"1",558325002431
0,"55832500",0.0,"1",558325002431
1,"55832500",0.29,"1",558325002431
2,"55832500",0.29,"1",558325002431
3,"55832500",0.29,"1",558325002431
4,"55832500",0.0,"1",558325002431
4,"55832500",0.0,"1b",558325002432
5,"55832500",0.0,"1b",558325002432
6,"55832500",0.0,"1b",558325002432
6,"55832500",0.0,"1",558325002433
7,"55832500",0.0,"1",558325002433
8,"55832500",0.0,"1",558325002433
9,"55832500",0.0,"1",558325002433
10,"55832500",0.0,"1",558325002433
11,"55832500",0.0,"1",558325002433
12,"55832500",0.0,"1",558325002433
13,"55832500",0.0,"1",558325002433
14,"55832500",0.0,"1",558325002433
15,"55832500",0.0,"1",558325002433
16,"55832500",0.0,"1",558325002433
17,"55832500",0.0,"1",558325002433
18,"55832500",0.0,"1",558325002433
19,"55832500",0.0,"1",558325002433
20,"55832500",0.14,"1",558325002433
21,"55832500",0.71,"1",558325002433
22,"55832500",1.14,"1",558325002433
22,"55832500",1.14,"1b",558325002434
23,"55832500",1.14,"1b",558325002434
23,"55832500",1.14,"2",558325002435
24,"55832500",0.57,"2",558325002435
25,"55832500",1.43,"2",558325002435
25,"55832500",1.43,"1b",558325002436
26,"55832500",0.71,"1b",558325002436
26,"55832500",0.71,"2",558325002437
27,"55832500",0.57,"2",558325002437
28,"55832500",0.0,"2",558325002437
28,"55832500",0.0,"1b",558325002438
29,"55832500",0.0,"1b",558325002438
30,"55832500",0.57,"1b",558325002438
30,"55832500",0.57,"1",558325002439
31,"55832500",0.0,"1",558325002439
32,"55832500",0.14,"1",558325002439
33,"55832500",0.57,"1",558325002439
34,"55832500",0.71,"1",558325002439
35,"55832500",1.43,"1",558325002439
36,"55832500",2.43,"1",558325002439
37,"55832500",3.43,"1",558325002439
38,"55832500",3.86,"1",558325002439
39,"55832500",3.14,"1",558325002439
40,"55832500",4.86,"1",558325002439
41,"55832500",6.57,"1",558325002439
42,"55832500",6.29,"1",558325002439
43,"55832500",6.43,"1",558325002439
44,"55832500",8.0,"1",558325002439
45,"55832500",11.71,"1",558325002439
46,"55832500",15.71,"1",558325002439
47,"55832500",18.57,"1",558325002439
48,"55832500",28.57,"1",558325002439
49,"55832500",29.71,"1",558325002439
50,"55832500",34.86,"1",558325002439
51,"55832500",49.14,"1",558325002439
52,"55832500",68.57,"1",558325002439
52,"55832500",68.57,"1b",558325002440
53,"55832500",34.29,"1b",558325002440
54,"55832500",45.71,"1b",558325002440
55,"55832500",61.71,"1b",558325002440
56,"55832500",107.43,"1b",558325002440
57,"55832500",233.14,"1b",558325002440
58,"55832500",265.14,"1b",558325002440
58,"55832500",265.14,"4",558325002441
59,"55832500",54.86,"4",558325002441
60,"55832500",73.14,"4",558325002441
61,"55832500",22.29,"4",558325002441
62,"55832500",13.71,"4",558325002441
62,"55832500",13.71,"3",558325002442
63,"55832500",5.57,"3",558325002442
64,"55832500",2.71,"3",558325002442
64,"55832500",2.71,"2",558325002443
65,"55832500",2.29,"2",558325002443
66,"55832500",0.86,"2",558325002443
66,"55832500",0.86,"1b",558325002444
67,"55832500",1.14,"1b",558325002444
68,"55832500",1.0,"1b",558325002444
68,"55832500",1.0,"1",558325002445
69,"55832500",0.43,"1",558325002445
70,"55832500",0.14,"1",558325002445
71,"55832500",0.43,"1",558325002445
72,"55832500",0.71,"1",558325002445
73,"55832500",2.71,"1",558325002445
74,"55832500",12.71,"1",558325002445
75,"55832500",20.43,"1",558325002445
76,"55832500",18.86,"1",558325002445
77,"55832500",33.14,"1",558325002445
78,"55832500",65.14,"1",558325002445
79,"55832500",100.0,"1",558325002445
79,"55832500",100.0,"3",558325002446
80,"55832500",43.43,"3",558325002446
80,"55832500",43.43,"4",558325002447
81,"55832500",32.0,"4",558325002447
81,"55832500",32.0,"1",573219902448
0,"57321990",0.0,"1",573219902448
1,"57321990",0.0,"1",573219902448
2,"57321990",0.43,"1",573219902448
3,"57321990",6.29,"1",573219902448
3,"57321990",6.29,"2",573219902449
4,"57321990",4.57,"2",573219902449
5,"57321990",8.0,"2",573219902449
5,"57321990",8.0,"3",573219902450
6,"57321990",8.29,"3",573219902450
7,"57321990",7.43,"3",573219902450
7,"57321990",7.43,"2",573219902451
8,"57321990",12.86,"2",573219902451
9,"57321990",20.29,"2",573219902451
9,"57321990",20.29,"3",573219902452
10,"57321990",18.29,"3",573219902452
11,"57321990",13.14,"3",573219902452
11,"57321990",13.14,"2",573219902453
12,"57321990",11.43,"2",573219902453
12,"57321990",11.43,"3",573219902454
13,"57321990",11.43,"3",573219902454
14,"57321990",6.86,"3",573219902454
14,"57321990",6.86,"2",573219902455
15,"57321990",8.57,"2",573219902455
16,"57321990",17.71,"2",573219902455
17,"57321990",21.71,"2",573219902455
17,"57321990",21.71,"3",573219902456
18,"57321990",20.0,"3",573219902456
19,"57321990",21.14,"3",573219902456
20,"57321990",20.0,"3",573219902456
21,"57321990",10.86,"3",573219902456
22,"57321990",11.43,"3",573219902456
22,"57321990",11.43,"2",573219902457
23,"57321990",10.29,"2",573219902457
24,"57321990",11.43,"2",573219902457
24,"57321990",11.43,"3",573219902458
25,"57321990",5.71,"3",573219902458
26,"57321990",2.86,"3",573219902458
26,"57321990",2.86,"2",573219902459
27,"57321990",2.86,"2",573219902459
28,"57321990",1.0,"2",573219902459
28,"57321990",1.0,"1b",573219902460
29,"57321990",0.86,"1b",573219902460
30,"57321990",1.0,"1b",573219902460
30,"57321990",1.0,"1",573219902461
31,"57321990",1.0,"1",573219902461
32,"57321990",3.0,"1",573219902461
33,"57321990",3.86,"1",573219902461
34,"57321990",2.14,"1",573219902461
35,"57321990",4.14,"1",573219902461
36,"57321990",8.0,"1",573219902461
37,"57321990",10.71,"1",573219902461
38,"57321990",10.86,"1",573219902461
39,"57321990",14.71,"1",573219902461
40,"57321990",29.14,"1",573219902461
41,"57321990",43.43,"1",573219902461
42,"57321990",50.86,"1",573219902461
43,"57321990",71.43,"1",573219902461
43,"57321990",71.43,"2",573219902462
44,"57321990",91.43,"2",573219902462
44,"57321990",91.43,"3",573219902463
45,"57321990",57.14,"3",573219902463
46,"57321990",45.71,"3",573219902463
46,"57321990",45.71,"4",573219902464
47,"57321990",45.71,"4",573219902464
48,"57321990",29.71,"4",573219902464
49,"57321990",9.14,"4",573219902464
50,"57321990",6.29,"4",573219902464
50,"57321990",6.29,"3",573219902465
51,"57321990",2.29,"3",573219902465
52,"57321990",1.0,"3",573219902465
52,"57321990",1.0,"2",573219902466
53,"57321990",1.14,"2",573219902466
54,"57321990",2.0,"2",573219902466
54,"57321990",2.0,"1b",573219902467
55,"57321990",1.29,"1b",573219902467
56,"57321990",0.57,"1b",573219902467
56,"57321990",0.57,"1",573219902468
57,"57321990",0.71,"1",573219902468
58,"57321990",0.57,"1",573219902468
59,"57321990",0.14,"1",573219902468
60,"57321990",0.57,"1",573219902468
61,"57321990",2.86,"1",573219902468
62,"57321990",7.71,"1",573219902468
63,"57321990",13.29,"1",573219902468
64,"57321990",19.86,"1",573219902468
65,"57321990",36.0,"1",573219902468
66,"57321990",74.86,"1",573219902468
66,"57321990",74.86,"1b",573219902469
67,"57321990",112.0,"1b",573219902469
67,"57321990",112.0,"2",573219902470
68,"57321990",107.43,"2",573219902470
68,"57321990",107.43,"3",573219902471
69,"57321990",105.14,"3",573219902471
69,"57321990",105.14,"4",573219902472
70,"57321990",80.0,"4",573219902472
71,"57321990",45.71,"4",573219902472
72,"57321990",29.71,"4",573219902472
72,"57321990",29.71,"3",573219902473
73,"57321990",21.14,"3",573219902473
73,"57321990",21.14,"4",573219902474
74,"57321990",13.71,"4",573219902474
75,"57321990",7.43,"4",573219902474
75,"57321990",7.43,"3",573219902475
76,"57321990",4.0,"3",573219902475
77,"57321990",1.86,"3",573219902475
77,"57321990",1.86,"2",573219902476
78,"57321990",1.29,"2",573219902476
79,"57321990",0.71,"2",573219902476
79,"57321990",0.71,"1b",573219902477
80,"57321990",0.86,"1b",573219902477
81,"57321990",1.86,"1b",573219902477
81,"57321990",1.86,"1",573965512478
0,"57396551",0.0,"1",573965512478
1,"57396551",0.29,"1",573965512478
2,"57396551",1.0,"1",573965512478
3,"57396551",5.57,"1",573965512478
3,"57396551",5.57,"1b",573965512479
4,"57396551",8.0,"1b",573965512479
4,"57396551",8.0,"2",573965512480
5,"57396551",8.86,"2",573965512480
5,"57396551",8.86,"3",573965512481
6,"57396551",10.86,"3",573965512481
7,"57396551",7.57,"3",573965512481
8,"57396551",7.29,"3",573965512481
9,"57396551",6.29,"3",573965512481
9,"57396551",6.29,"2",573965512482
10,"57396551",4.86,"2",573965512482
11,"57396551",6.0,"2",573965512482
12,"57396551",5.57,"2",573965512482
13,"57396551",5.43,"2",573965512482
14,"57396551",3.14,"2",573965512482
15,"57396551",2.0,"2",573965512482
16,"57396551",3.0,"2",573965512482
16,"57396551",3.0,"1b",573965512483
17,"57396551",2.71,"1b",573965512483
18,"57396551",3.57,"1b",573965512483
18,"57396551",3.57,"2",573965512484
19,"57396551",4.57,"2",573965512484
20,"57396551",5.57,"2",573965512484
21,"57396551",6.86,"2",573965512484
22,"57396551",5.43,"2",573965512484
23,"57396551",3.43,"2",573965512484
24,"57396551",1.57,"2",573965512484
25,"57396551",1.43,"2",573965512484
25,"57396551",1.43,"1b",573965512485
26,"57396551",1.71,"1b",573965512485
27,"57396551",3.43,"1b",573965512485
27,"57396551",3.43,"2",573965512486
28,"57396551",2.57,"2",573965512486
29,"57396551",2.57,"2",573965512486
29,"57396551",2.57,"1b",573965512487
30,"57396551",2.86,"1b",573965512487
31,"57396551",2.57,"1b",573965512487
31,"57396551",2.57,"1",573965512488
32,"57396551",4.71,"1",573965512488
33,"57396551",6.43,"1",573965512488
34,"57396551",5.57,"1",573965512488
35,"57396551",8.43,"1",573965512488
36,"57396551",8.43,"1",573965512488
37,"57396551",10.71,"1",573965512488
38,"57396551",14.71,"1",573965512488
39,"57396551",11.14,"1",573965512488
40,"57396551",5.71,"1",573965512488
41,"57396551",7.43,"1",573965512488
42,"57396551",19.43,"1",573965512488
43,"57396551",24.0,"1",573965512488
44,"57396551",45.71,"1",573965512488
45,"57396551",55.43,"1",573965512488
46,"57396551",65.14,"1",573965512488
46,"57396551",65.14,"1b",573965512489
47,"57396551",54.86,"1b",573965512489
48,"57396551",34.29,"1b",573965512489
48,"57396551",34.29,"2",573965512490
49,"57396551",45.71,"2",573965512490
50,"57396551",27.43,"2",573965512490
50,"57396551",27.43,"1b",573965512491
51,"57396551",9.14,"1b",573965512491
52,"57396551",6.29,"1b",573965512491
52,"57396551",6.29,"2",573965512492
53,"57396551",3.14,"2",573965512492
54,"57396551",2.0,"2",573965512492
54,"57396551",2.0,"1b",573965512493
55,"57396551",1.43,"1b",573965512493
56,"57396551",0.43,"1b",573965512493
56,"57396551",0.43,"1",573965512494
57,"57396551",0.57,"1",573965512494
58,"57396551",0.0,"1",573965512494
59,"57396551",1.0,"1",573965512494
60,"57396551",1.0,"1",573965512494
61,"57396551",1.43,"1",573965512494
62,"57396551",1.14,"1",573965512494
63,"57396551",1.71,"1",573965512494
64,"57396551",1.86,"1",573965512494
65,"57396551",0.86,"1",573965512494
66,"57396551",1.43,"1",573965512494
67,"57396551",2.43,"1",573965512494
68,"57396551",3.29,"1",573965512494
69,"57396551",3.86,"1",573965512494
70,"57396551",2.43,"1",573965512494
71,"57396551",4.43,"1",573965512494
72,"57396551",6.0,"1",573965512494
73,"57396551",9.71,"1",573965512494
74,"57396551",17.29,"1",573965512494
75,"57396551",15.71,"1",573965512494
76,"57396551",24.0,"1",573965512494
77,"57396551",25.14,"1",573965512494
78,"57396551",32.0,"1",573965512494
79,"57396551",34.29,"1",573965512494
80,"57396551",50.29,"1",573965512494
81,"57396551",71.43,"1",573965512494
81,"57396551",71.43,"1",574403552494
0,"57440355",0.0,"1",574403552494
1,"57440355",0.0,"1",574403552494
2,"57440355",1.43,"1",574403552494
2,"57440355",1.43,"2",574403552495
3,"57440355",0.71,"2",574403552495
4,"57440355",0.86,"2",574403552495
4,"57440355",0.86,"1b",574403552496
5,"57440355",0.29,"1b",574403552496
6,"57440355",0.57,"1b",574403552496
6,"57440355",0.57,"1",574403552497
7,"57440355",0.14,"1",574403552497
8,"57440355",1.43,"1",574403552497
8,"57440355",1.43,"1b",574403552498
9,"57440355",2.86,"1b",574403552498
9,"57440355",2.86,"2",574403552499
10,"57440355",3.71,"2",574403552499
11,"57440355",1.71,"2",574403552499
12,"57440355",2.57,"2",574403552499
13,"57440355",2.14,"2",574403552499
14,"57440355",1.71,"2",574403552499
15,"57440355",1.71,"2",574403552499
15,"57440355",1.71,"1b",574403552500
16,"57440355",6.14,"1b",574403552500
16,"57440355",6.14,"2",574403552501
17,"57440355",7.43,"2",574403552501
17,"57440355",7.43,"3",574403552502
18,"57440355",5.0,"3",574403552502
19,"57440355",2.14,"3",574403552502
19,"57440355",2.14,"2",574403552503
20,"57440355",3.29,"2",574403552503
21,"57440355",4.29,"2",574403552503
21,"57440355",4.29,"1b",574403552504
22,"57440355",5.29,"1b",574403552504
22,"57440355",5.29,"2",574403552505
23,"57440355",4.86,"2",574403552505
24,"57440355",8.0,"2",574403552505
25,"57440355",10.14,"2",574403552505
25,"57440355",10.14,"3",574403552506
26,"57440355",8.86,"3",574403552506
27,"57440355",7.86,"3",574403552506
28,"57440355",5.14,"3",574403552506
28,"57440355",5.14,"2",574403552507
29,"57440355",6.43,"2",574403552507
30,"57440355",9.86,"2",574403552507
30,"57440355",9.86,"1b",574403552508
31,"57440355",10.86,"1b",574403552508
32,"57440355",11.86,"1b",574403552508
32,"57440355",11.86,"1",574403552509
33,"57440355",19.29,"1",574403552509
34,"57440355",19.43,"1",574403552509
35,"57440355",30.86,"1",574403552509
36,"57440355",42.29,"1",574403552509
37,"57440355",67.43,"1",574403552509
38,"57440355",101.14,"1",574403552509
38,"57440355",101.14,"1b",574403552510
39,"57440355",189.71,"1b",574403552510
39,"57440355",189.71,"2",574403552511
40,"57440355",235.43,"2",574403552511
40,"57440355",235.43,"3",574403552512
41,"57440355",155.43,"3",574403552512
41,"57440355",155.43,"4",574403552513
42,"57440355",192.0,"4",574403552513
43,"57440355",91.43,"4",574403552513
44,"57440355",73.14,"4",574403552513
44,"57440355",73.14,"3",574403552514
45,"57440355",91.43,"3",574403552514
45,"57440355",91.43,"4",574403552515
46,"57440355",18.29,"4",574403552515
47,"57440355",23.43,"4",574403552515
47,"57440355",23.43,"3",574403552516
48,"57440355",11.43,"3",574403552516
48,"57440355",11.43,"4",574403552517
49,"57440355",4.57,"4",574403552517
50,"57440355",2.71,"4",574403552517
50,"57440355",2.71,"3",574403552518
51,"57440355",1.14,"3",574403552518
52,"57440355",0.57,"3",574403552518
52,"57440355",0.57,"2",574403552519
53,"57440355",0.86,"2",574403552519
54,"57440355",0.29,"2",574403552519
54,"57440355",0.29,"1b",574403552520
55,"57440355",0.0,"1b",574403552520
56,"57440355",0.14,"1b",574403552520
56,"57440355",0.14,"1",574403552521
57,"57440355",1.43,"1",574403552521
58,"57440355",1.71,"1",574403552521
59,"57440355",1.86,"1",574403552521
60,"57440355",4.14,"1",574403552521
61,"57440355",5.71,"1",574403552521
62,"57440355",9.71,"1",574403552521
63,"57440355",12.57,"1",574403552521
64,"57440355",15.86,"1",574403552521
65,"57440355",20.0,"1",574403552521
66,"57440355",37.14,"1",574403552521
67,"57440355",63.43,"1",574403552521
67,"57440355",63.43,"1b",574403552522
68,"57440355",70.29,"1b",574403552522
68,"57440355",70.29,"3",574403552523
69,"57440355",34.29,"3",574403552523
69,"57440355",34.29,"4",574403552524
70,"57440355",18.29,"4",574403552524
71,"57440355",8.57,"4",574403552524
71,"57440355",8.57,"3",574403552525
72,"57440355",6.0,"3",574403552525
73,"57440355",2.86,"3",574403552525
73,"57440355",2.86,"2",574403552526
74,"57440355",2.14,"2",574403552526
75,"57440355",2.43,"2",574403552526
75,"57440355",2.43,"1b",574403552527
76,"57440355",2.71,"1b",574403552527
77,"57440355",1.43,"1b",574403552527
77,"57440355",1.43,"1",574403552528
78,"57440355",4.71,"1",574403552528
79,"57440355",7.0,"1",574403552528
80,"57440355",10.0,"1",574403552528
81,"57440355",10.86,"1",574403552528
81,"57440355",10.86,"1",589448922528
0,"58944892",0.0,"1",589448922528
1,"58944892",0.43,"1",589448922528
2,"58944892",1.43,"1",589448922528
2,"58944892",1.43,"1b",589448922529
3,"58944892",2.0,"1b",589448922529
3,"58944892",2.0,"2",589448922530
4,"58944892",2.57,"2",589448922530
5,"58944892",5.57,"2",589448922530
6,"58944892",11.86,"2",589448922530
7,"58944892",16.86,"2",589448922530
7,"58944892",16.86,"3",589448922531
8,"58944892",13.43,"3",589448922531
9,"58944892",14.29,"3",589448922531
10,"58944892",19.43,"3",589448922531
11,"58944892",16.57,"3",589448922531
12,"58944892",19.43,"3",589448922531
13,"58944892",17.71,"3",589448922531
14,"58944892",13.14,"3",589448922531
15,"58944892",11.43,"3",589448922531
15,"58944892",11.43,"2",589448922532
16,"58944892",10.29,"2",589448922532
17,"58944892",15.43,"2",589448922532
17,"58944892",15.43,"3",589448922533
18,"58944892",15.43,"3",589448922533
19,"58944892",13.71,"3",589448922533
20,"58944892",15.43,"3",589448922533
21,"58944892",18.86,"3",589448922533
22,"58944892",14.29,"3",589448922533
23,"58944892",14.29,"3",589448922533
23,"58944892",14.29,"2",589448922534
24,"58944892",18.86,"2",589448922534
24,"58944892",18.86,"3",589448922535
25,"58944892",13.71,"3",589448922535
26,"58944892",5.14,"3",589448922535
26,"58944892",5.14,"2",589448922536
27,"58944892",6.29,"2",589448922536
27,"58944892",6.29,"3",589448922537
28,"58944892",2.14,"3",589448922537
29,"58944892",0.43,"3",589448922537
29,"58944892",0.43,"2",589448922538
30,"58944892",0.14,"2",589448922538
31,"58944892",0.0,"2",589448922538
31,"58944892",0.0,"1b",589448922539
32,"58944892",0.43,"1b",589448922539
33,"58944892",1.86,"1b",589448922539
33,"58944892",1.86,"1",589448922540
34,"58944892",1.57,"1",589448922540
35,"58944892",3.57,"1",589448922540
36,"58944892",6.0,"1",589448922540
37,"58944892",8.14,"1",589448922540
38,"58944892",16.14,"1",589448922540
39,"58944892",17.57,"1",589448922540
40,"58944892",30.29,"1",589448922540
41,"58944892",36.0,"1",589448922540
42,"58944892",55.43,"1",589448922540
43,"58944892",90.86,"1",589448922540
43,"58944892",90.86,"2",589448922541
44,"58944892",137.14,"2",589448922541
44,"58944892",137.14,"3",589448922542
45,"58944892",102.86,"3",589448922542
45,"58944892",102.86,"4",589448922543
46,"58944892",64.0,"4",589448922543
47,"58944892",22.86,"4",589448922543
48,"58944892",11.43,"4",589448922543
49,"58944892",5.71,"4",589448922543
49,"58944892",5.71,"3",589448922544
50,"58944892",1.14,"3",589448922544
51,"58944892",1.14,"3",589448922544
51,"58944892",1.14,"2",589448922545
52,"58944892",0.29,"2",589448922545
53,"58944892",0.29,"2",589448922545
53,"58944892",0.29,"1b",589448922546
54,"58944892",0.0,"1b",589448922546
55,"58944892",0.14,"1b",589448922546
55,"58944892",0.14,"1",589448922547
56,"58944892",0.29,"1",589448922547
57,"58944892",1.0,"1",589448922547
58,"58944892",1.14,"1",589448922547
59,"58944892",7.14,"1",589448922547
60,"58944892",16.43,"1",589448922547
61,"58944892",33.0,"1",589448922547
62,"58944892",54.86,"1",589448922547
63,"58944892",86.86,"1",589448922547
63,"58944892",86.86,"1b",589448922548
64,"58944892",166.86,"1b",589448922548
64,"58944892",166.86,"2",589448922549
65,"58944892",208.0,"2",589448922549
65,"58944892",208.0,"3",589448922550
66,"58944892",146.29,"3",589448922550
66,"58944892",146.29,"4",589448922551
67,"58944892",114.29,"4",589448922551
68,"58944892",57.14,"4",589448922551
69,"58944892",50.29,"4",589448922551
70,"58944892",26.86,"4",589448922551
70,"58944892",26.86,"3",589448922552
71,"58944892",8.57,"3",589448922552
71,"58944892",8.57,"4",589448922553
72,"58944892",8.57,"4",589448922553
73,"58944892",2.57,"4",589448922553
73,"58944892",2.57,"3",589448922554
74,"58944892",1.57,"3",589448922554
75,"58944892",1.14,"3",589448922554
75,"58944892",1.14,"2",589448922555
76,"58944892",1.0,"2",589448922555
77,"58944892",1.57,"2",589448922555
77,"58944892",1.57,"1b",589448922556
78,"58944892",2.43,"1b",589448922556
79,"58944892",3.0,"1b",589448922556
79,"58944892",3.0,"1",589448922557
80,"58944892",6.57,"1",589448922557
81,"58944892",10.0,"1",589448922557
81,"58944892",10.0,"1",594444502557
0,"59444450",0.0,"1",594444502557
1,"59444450",2.57,"1",594444502557
1,"59444450",2.57,"1b",594444502558
2,"59444450",6.43,"1b",594444502558
2,"59444450",6.43,"2",594444502559
3,"59444450",11.43,"2",594444502559
4,"59444450",17.14,"2",594444502559
4,"59444450",17.14,"3",594444502560
5,"59444450",15.43,"3",594444502560
6,"59444450",16.0,"3",594444502560
7,"59444450",20.0,"3",594444502560
8,"59444450",20.57,"3",594444502560
9,"59444450",23.43,"3",594444502560
10,"59444450",31.43,"3",594444502560
11,"59444450",26.86,"3",594444502560
12,"59444450",28.0,"3",594444502560
13,"59444450",21.71,"3",594444502560
14,"59444450",20.0,"3",594444502560
15,"59444450",17.14,"3",594444502560
16,"59444450",16.57,"3",594444502560
17,"59444450",14.86,"3",594444502560
18,"59444450",5.14,"3",594444502560
18,"59444450",5.14,"2",594444502561
19,"59444450",3.29,"2",594444502561
19,"59444450",3.29,"3",594444502562
20,"59444450",1.14,"3",594444502562
21,"59444450",0.43,"3",594444502562
21,"59444450",0.43,"2",594444502563
22,"59444450",0.43,"2",594444502563
23,"59444450",0.29,"2",594444502563
23,"59444450",0.29,"1b",594444502564
24,"59444450",0.14,"1b",594444502564
25,"59444450",0.57,"1b",594444502564
26,"59444450",0.0,"1b",594444502564
26,"59444450",0.0,"1",594444502565
27,"59444450",0.14,"1",594444502565
28,"59444450",0.14,"1",594444502565
29,"59444450",0.0,"1",594444502565
30,"59444450",0.0,"1",594444502565
31,"59444450",0.29,"1",594444502565
32,"59444450",0.71,"1",594444502565
33,"59444450",1.71,"1",594444502565
34,"59444450",4.57,"1",594444502565
35,"59444450",7.43,"1",594444502565
36,"59444450",7.43,"1",594444502565
37,"59444450",7.43,"1",594444502565
38,"59444450",8.14,"1",594444502565
39,"59444450",9.43,"1",594444502565
40,"59444450",16.0,"1",594444502565
41,"59444450",27.86,"1",594444502565
42,"59444450",41.14,"1",594444502565
43,"59444450",81.71,"1",594444502565
43,"59444450",81.71,"1b",594444502566
44,"59444450",80.0,"1b",594444502566
44,"59444450",80.0,"2",594444502567
45,"59444450",89.14,"2",594444502567
45,"59444450",89.14,"3",594444502568
46,"59444450",86.86,"3",594444502568
46,"59444450",86.86,"4",594444502569
47,"59444450",68.57,"4",594444502569
48,"59444450",43.43,"4",594444502569
49,"59444450",22.86,"4",594444502569
49,"59444450",22.86,"3",594444502570
50,"59444450",13.71,"3",594444502570
50,"59444450",13.71,"4",594444502571
51,"59444450",7.43,"4",594444502571
52,"59444450",2.86,"4",594444502571
52,"59444450",2.86,"3",594444502572
53,"59444450",2.43,"3",594444502572
54,"59444450",2.14,"3",594444502572
54,"59444450",2.14,"2",594444502573
55,"59444450",0.43,"2",594444502573
56,"59444450",1.29,"2",594444502573
56,"59444450",1.29,"1b",594444502574
57,"59444450",0.71,"1b",594444502574
58,"59444450",2.0,"1b",594444502574
58,"59444450",2.0,"1",594444502575
59,"59444450",2.29,"1",594444502575
60,"59444450",3.43,"1",594444502575
61,"59444450",4.0,"1",594444502575
62,"59444450",10.14,"1",594444502575
63,"59444450",14.14,"1",594444502575
64,"59444450",16.0,"1",594444502575
65,"59444450",15.43,"1",594444502575
66,"59444450",26.29,"1",594444502575
67,"59444450",46.86,"1",594444502575
68,"59444450",58.86,"1",594444502575
68,"59444450",58.86,"1b",594444502576
69,"59444450",87.43,"1b",594444502576
69,"59444450",87.43,"3",594444502577
70,"59444450",45.71,"3",594444502577
70,"59444450",45.71,"4",594444502578
71,"59444450",9.14,"4",594444502578
72,"59444450",16.0,"4",594444502578
73,"59444450",3.86,"4",594444502578
73,"59444450",3.86,"3",594444502579
74,"59444450",3.0,"3",594444502579
75,"59444450",1.71,"3",594444502579
75,"59444450",1.71,"2",594444502580
76,"59444450",1.14,"2",594444502580
77,"59444450",0.43,"2",594444502580
77,"59444450",0.43,"1b",594444502581
78,"59444450",0.71,"1b",594444502581
79,"59444450",1.0,"1b",594444502581
79,"59444450",1.0,"1",594444502582
80,"59444450",2.0,"1",594444502582
81,"59444450",3.43,"1",594444502582
81,"59444450",3.43,"1",595706762582
0,"59570676",0.0,"1",595706762582
1,"59570676",0.0,"1",595706762582
2,"59570676",0.0,"1",595706762582
3,"59570676",0.14,"1",595706762582
4,"59570676",0.71,"1",595706762582
5,"59570676",1.14,"1",595706762582
5,"59570676",1.14,"1b",595706762583
6,"59570676",3.0,"1b",595706762583
6,"59570676",3.0,"2",595706762584
7,"59570676",3.14,"2",595706762584
8,"59570676",2.0,"2",595706762584
9,"59570676",0.86,"2",595706762584
10,"59570676",0.29,"2",595706762584
10,"59570676",0.29,"1b",595706762585
11,"59570676",0.29,"1b",595706762585
12,"59570676",0.14,"1b",595706762585
13,"59570676",0.86,"1b",595706762585
14,"59570676",0.57,"1b",595706762585
15,"59570676",1.29,"1b",595706762585
15,"59570676",1.29,"2",595706762586
16,"59570676",0.14,"2",595706762586
17,"59570676",0.14,"2",595706762586
17,"59570676",0.14,"1b",595706762587
18,"59570676",0.0,"1b",595706762587
19,"59570676",0.0,"1b",595706762587
19,"59570676",0.0,"1",595706762588
20,"59570676",0.14,"1",595706762588
21,"59570676",1.0,"1",595706762588
22,"59570676",0.71,"1",595706762588
23,"59570676",1.43,"1",595706762588
23,"59570676",1.43,"1b",595706762589
24,"59570676",0.14,"1b",595706762589
24,"59570676",0.14,"2",595706762590
25,"59570676",0.14,"2",595706762590
25,"59570676",0.14,"1b",595706762591
26,"59570676",0.0,"1b",595706762591
27,"59570676",0.0,"1b",595706762591
27,"59570676",0.0,"1",595706762592
28,"59570676",0.0,"1",595706762592
29,"59570676",0.0,"1",595706762592
30,"59570676",0.14,"1",595706762592
31,"59570676",0.29,"1",595706762592
32,"59570676",0.14,"1",595706762592
33,"59570676",0.29,"1",595706762592
34,"59570676",0.29,"1",595706762592
35,"59570676",0.14,"1",595706762592
36,"59570676",0.0,"1",595706762592
37,"59570676",0.0,"1",595706762592
38,"59570676",0.14,"1",595706762592
39,"59570676",0.29,"1",595706762592
40,"59570676",1.43,"1",595706762592
41,"59570676",2.14,"1",595706762592
42,"59570676",5.86,"1",595706762592
43,"59570676",7.29,"1",595706762592
44,"59570676",12.0,"1",595706762592
45,"59570676",14.14,"1",595706762592
46,"59570676",13.14,"1",595706762592
47,"59570676",9.14,"1",595706762592
48,"59570676",14.86,"1",595706762592
49,"59570676",20.0,"1",595706762592
50,"59570676",36.57,"1",595706762592
51,"59570676",37.14,"1",595706762592
52,"59570676",50.86,"1",595706762592
53,"59570676",58.29,"1",595706762592
53,"59570676",58.29,"1b",595706762593
54,"59570676",34.29,"1b",595706762593
55,"59570676",22.86,"1b",595706762593
55,"59570676",22.86,"2",595706762594
56,"59570676",18.29,"2",595706762594
57,"59570676",7.43,"2",595706762594
57,"59570676",7.43,"1b",595706762595
58,"59570676",6.29,"1b",595706762595
59,"59570676",5.0,"1b",595706762595
59,"59570676",5.0,"1",595706762596
60,"59570676",4.43,"1",595706762596
61,"59570676",2.86,"1",595706762596
62,"59570676",3.86,"1",595706762596
63,"59570676",9.86,"1",595706762596
64,"59570676",12.71,"1",595706762596
65,"59570676",14.43,"1",595706762596
66,"59570676",12.0,"1",595706762596
67,"59570676",25.71,"1",595706762596
68,"59570676",32.57,"1",595706762596
69,"59570676",54.86,"1",595706762596
70,"59570676",70.29,"1",595706762596
70,"59570676",70.29,"1b",595706762597
71,"59570676",57.14,"1b",595706762597
72,"59570676",45.71,"1b",595706762597
72,"59570676",45.71,"2",595706762598
73,"59570676",36.57,"2",595706762598
74,"59570676",41.14,"2",595706762598
75,"59570676",43.43,"2",595706762598
75,"59570676",43.43,"1b",595706762599
76,"59570676",89.14,"1b",595706762599
76,"59570676",89.14,"2",595706762600
77,"59570676",70.86,"2",595706762600
78,"59570676",98.29,"2",595706762600
78,"59570676",98.29,"3",595706762601
79,"59570676",41.14,"3",595706762601
80,"59570676",34.29,"3",595706762601
80,"59570676",34.29,"2",595706762602
81,"59570676",25.71,"2",595706762602
81,"59570676",25.71,"1",596664932603
0,"59666493",0.0,"1",596664932603
1,"59666493",0.0,"1",596664932603
2,"59666493",0.0,"1",596664932603
3,"59666493",0.0,"1",596664932603
4,"59666493",1.86,"1",596664932603
5,"59666493",10.43,"1",596664932603
5,"59666493",10.43,"2",596664932604
6,"59666493",20.71,"2",596664932604
6,"59666493",20.71,"3",596664932605
7,"59666493",16.14,"3",596664932605
8,"59666493",16.0,"3",596664932605
8,"59666493",16.0,"2",596664932606
9,"59666493",25.14,"2",596664932606
10,"59666493",34.86,"2",596664932606
10,"59666493",34.86,"3",596664932607
11,"59666493",44.0,"3",596664932607
12,"59666493",57.71,"3",596664932607
12,"59666493",57.71,"4",596664932608
13,"59666493",58.86,"4",596664932608
14,"59666493",57.14,"4",596664932608
14,"59666493",57.14,"3",596664932609
15,"59666493",61.71,"3",596664932609
16,"59666493",52.57,"3",596664932609
17,"59666493",22.86,"3",596664932609
18,"59666493",13.71,"3",596664932609
19,"59666493",12.57,"3",596664932609
19,"59666493",12.57,"4",596664932610
20,"59666493",4.43,"4",596664932610
21,"59666493",2.0,"4",596664932610
21,"59666493",2.0,"3",596664932611
22,"59666493",1.0,"3",596664932611
23,"59666493",0.57,"3",596664932611
23,"59666493",0.57,"2",596664932612
24,"59666493",0.57,"2",596664932612
25,"59666493",0.43,"2",596664932612
25,"59666493",0.43,"1b",596664932613
26,"59666493",1.57,"1b",596664932613
26,"59666493",1.57,"2",596664932614
27,"59666493",0.43,"2",596664932614
28,"59666493",0.57,"2",596664932614
28,"59666493",0.57,"1b",596664932615
29,"59666493",0.71,"1b",596664932615
30,"59666493",0.57,"1b",596664932615
30,"59666493",0.57,"1",596664932616
31,"59666493",0.29,"1",596664932616
32,"59666493",0.29,"1",596664932616
33,"59666493",0.29,"1",596664932616
34,"59666493",1.57,"1",596664932616
35,"59666493",2.29,"1",596664932616
36,"59666493",3.43,"1",596664932616
37,"59666493",2.14,"1",596664932616
38,"59666493",4.0,"1",596664932616
39,"59666493",5.71,"1",596664932616
40,"59666493",8.43,"1",596664932616
41,"59666493",13.86,"1",596664932616
42,"59666493",28.14,"1",596664932616
43,"59666493",46.29,"1",596664932616
44,"59666493",52.57,"1",596664932616
45,"59666493",62.86,"1",596664932616
45,"59666493",62.86,"1b",596664932617
46,"59666493",80.0,"1b",596664932617
47,"59666493",102.86,"1b",596664932617
47,"59666493",102.86,"3",596664932618
48,"59666493",107.43,"3",596664932618
48,"59666493",107.43,"4",596664932619
49,"59666493",59.43,"4",596664932619
50,"59666493",36.57,"4",596664932619
50,"59666493",36.57,"3",596664932620
51,"59666493",17.71,"3",596664932620
51,"59666493",17.71,"4",596664932621
52,"59666493",17.71,"4",596664932621
53,"59666493",10.86,"4",596664932621
53,"59666493",10.86,"3",596664932622
54,"59666493",7.71,"3",596664932622
55,"59666493",4.86,"3",596664932622
55,"59666493",4.86,"2",596664932623
56,"59666493",5.0,"2",596664932623
57,"59666493",6.71,"2",596664932623
57,"59666493",6.71,"1b",596664932624
58,"59666493",8.29,"1b",596664932624
59,"59666493",10.71,"1b",596664932624
59,"59666493",10.71,"1",596664932625
60,"59666493",14.43,"1",596664932625
61,"59666493",22.43,"1",596664932625
62,"59666493",29.14,"1",596664932625
63,"59666493",44.57,"1",596664932625
64,"59666493",85.71,"1",596664932625
64,"59666493",85.71,"1b",596664932626
65,"59666493",61.71,"1b",596664932626
66,"59666493",98.29,"1b",596664932626
66,"59666493",98.29,"2",596664932627
67,"59666493",153.14,"2",596664932627
67,"59666493",153.14,"3",596664932628
68,"59666493",153.14,"3",596664932628
68,"59666493",153.14,"4",596664932629
69,"59666493",123.43,"4",596664932629
70,"59666493",66.29,"4",596664932629
71,"59666493",48.0,"4",596664932629
72,"59666493",22.29,"4",596664932629
72,"59666493",22.29,"3",596664932630
73,"59666493",10.86,"3",596664932630
73,"59666493",10.86,"4",596664932631
74,"59666493",6.0,"4",596664932631
75,"59666493",3.43,"4",596664932631
75,"59666493",3.43,"3",596664932632
76,"59666493",2.43,"3",596664932632
77,"59666493",1.57,"3",596664932632
77,"59666493",1.57,"2",596664932633
78,"59666493",0.29,"2",596664932633
79,"59666493",1.0,"2",596664932633
79,"59666493",1.0,"1b",596664932634
80,"59666493",1.14,"1b",596664932634
81,"59666493",2.29,"1",59696792635
81,"59666493",2.29,"1b",596664932634
0,"5969679",0.0,"1",59696792635
1,"5969679",0.0,"1",59696792635
2,"5969679",0.0,"1",59696792635
3,"5969679",0.0,"1",59696792635
4,"5969679",0.0,"1",59696792635
5,"5969679",0.43,"1",59696792635
6,"5969679",2.71,"1",59696792635
7,"5969679",12.86,"1",59696792635
7,"5969679",12.86,"2",59696792636
8,"5969679",19.71,"2",59696792636
8,"5969679",19.71,"3",59696792637
9,"5969679",15.43,"3",59696792637
10,"5969679",20.0,"3",59696792637
11,"5969679",28.57,"3",59696792637
12,"5969679",30.86,"3",59696792637
13,"5969679",29.14,"3",59696792637
14,"5969679",42.29,"3",59696792637
15,"5969679",28.0,"3",59696792637
16,"5969679",36.0,"3",59696792637
17,"5969679",29.14,"3",59696792637
18,"5969679",15.43,"3",59696792637
19,"5969679",14.29,"3",59696792637
20,"5969679",20.57,"3",59696792637
21,"5969679",16.0,"3",59696792637
22,"5969679",22.86,"3",59696792637
23,"5969679",22.29,"3",59696792637
24,"5969679",24.0,"3",59696792637
25,"5969679",23.43,"3",59696792637
26,"5969679",24.0,"3",59696792637
27,"5969679",19.43,"3",59696792637
28,"5969679",15.43,"3",59696792637
29,"5969679",8.0,"3",59696792637
29,"5969679",8.0,"2",59696792638
30,"5969679",8.57,"2",59696792638
31,"5969679",2.86,"2",59696792638
31,"5969679",2.86,"1b",59696792639
32,"5969679",3.14,"1b",59696792639
33,"5969679",2.14,"1b",59696792639
33,"5969679",2.14,"1",59696792640
34,"5969679",1.57,"1",59696792640
35,"5969679",3.71,"1",59696792640
36,"5969679",5.14,"1",59696792640
37,"5969679",13.71,"1",59696792640
38,"5969679",21.43,"1",59696792640
39,"5969679",41.14,"1",59696792640
40,"5969679",67.43,"1",59696792640
40,"5969679",67.43,"1b",59696792641
41,"5969679",76.57,"1b",59696792641
42,"5969679",105.14,"1b",59696792641
42,"5969679",105.14,"2",59696792642
43,"5969679",169.14,"2",59696792642
43,"5969679",169.14,"3",59696792643
44,"5969679",155.43,"3",59696792643
44,"5969679",155.43,"4",59696792644
45,"5969679",93.71,"4",59696792644
46,"5969679",61.71,"4",59696792644
47,"5969679",54.86,"4",59696792644
48,"5969679",32.0,"4",59696792644
49,"5969679",12.57,"4",59696792644
49,"5969679",12.57,"3",59696792645
50,"5969679",12.57,"3",59696792645
51,"5969679",5.86,"3",59696792645
51,"5969679",5.86,"2",59696792646
52,"5969679",2.14,"2",59696792646
53,"5969679",0.86,"2",59696792646
53,"5969679",0.86,"1b",59696792647
54,"5969679",0.86,"1b",59696792647
55,"5969679",0.71,"1b",59696792647
55,"5969679",0.71,"1",59696792648
56,"5969679",0.43,"1",59696792648
57,"5969679",0.43,"1",59696792648
58,"5969679",1.0,"1",59696792648
59,"5969679",2.43,"1",59696792648
60,"5969679",7.14,"1",59696792648
61,"5969679",11.57,"1",59696792648
62,"5969679",16.0,"1",59696792648
63,"5969679",16.43,"1",59696792648
64,"5969679",39.43,"1",59696792648
65,"5969679",63.43,"1",59696792648
66,"5969679",105.71,"1",59696792648
66,"5969679",105.71,"1b",59696792649
67,"5969679",150.86,"1b",59696792649
67,"5969679",150.86,"2",59696792650
68,"5969679",160.0,"2",59696792650
68,"5969679",160.0,"3",59696792651
69,"5969679",185.14,"3",59696792651
69,"5969679",185.14,"4",59696792652
70,"5969679",96.0,"4",59696792652
71,"5969679",59.43,"4",59696792652
72,"5969679",36.57,"4",59696792652
73,"5969679",45.14,"4",59696792652
74,"5969679",22.29,"4",59696792652
75,"5969679",13.71,"4",59696792652
75,"5969679",13.71,"3",59696792653
76,"5969679",13.14,"3",59696792653
77,"5969679",4.14,"3",59696792653
77,"5969679",4.14,"2",59696792654
78,"5969679",1.86,"2",59696792654
79,"5969679",1.29,"2",59696792654
80,"5969679",0.86,"1b",59696792655
81,"5969679",0.71,"1b",59696792655
