"wk","tr","nc","stg","id"
0,"10091231948",0.0,"1",100912319481
1,"10091231948",0.86,"1",100912319481
1,"10091231948",0.86,"1b",100912319482
2,"10091231948",1.86,"1b",100912319482
2,"10091231948",1.86,"2",100912319483
3,"10091231948",2.0,"2",100912319483
4,"10091231948",3.71,"2",100912319483
5,"10091231948",5.57,"2",100912319483
6,"10091231948",9.57,"2",100912319483
6,"10091231948",9.57,"3",100912319484
7,"10091231948",21.86,"3",100912319484
8,"10091231948",15.0,"3",100912319484
9,"10091231948",8.57,"3",100912319484
10,"10091231948",11.14,"3",100912319484
11,"10091231948",11.14,"3",100912319484
12,"10091231948",8.57,"3",100912319484
12,"10091231948",8.57,"2",100912319485
13,"10091231948",9.43,"2",100912319485
13,"10091231948",9.43,"3",100912319486
14,"10091231948",8.57,"3",100912319486
15,"10091231948",4.29,"3",100912319486
15,"10091231948",4.29,"2",100912319487
16,"10091231948",4.29,"2",100912319487
17,"10091231948",5.29,"2",100912319487
17,"10091231948",5.29,"1b",100912319488
18,"10091231948",5.57,"1b",100912319488
19,"10091231948",4.14,"1b",100912319488
19,"10091231948",4.14,"1",100912319489
20,"10091231948",4.43,"1",100912319489
21,"10091231948",9.14,"1",100912319489
22,"10091231948",13.86,"1",100912319489
23,"10091231948",17.14,"1",100912319489
24,"10091231948",21.43,"1",100912319489
25,"10091231948",65.57,"1",100912319489
26,"10091231948",95.14,"1",100912319489
26,"10091231948",95.14,"2",1009123194810
27,"10091231948",100.29,"2",1009123194810
27,"10091231948",100.29,"4",1009123194811
28,"10091231948",54.0,"4",1009123194811
29,"10091231948",19.29,"4",1009123194811
29,"10091231948",19.29,"3",1009123194812
30,"10091231948",18.0,"3",1009123194812
31,"10091231948",19.29,"3",1009123194812
31,"10091231948",19.29,"2",1009123194813
32,"10091231948",7.71,"2",1009123194813
33,"10091231948",11.57,"2",1009123194813
33,"10091231948",11.57,"1b",1009123194814
34,"10091231948",9.0,"1b",1009123194814
35,"10091231948",8.57,"1b",1009123194814
35,"10091231948",8.57,"1",1009123194815
36,"10091231948",5.57,"1",1009123194815
37,"10091231948",6.43,"1",1009123194815
38,"10091231948",4.71,"1",1009123194815
39,"10091231948",3.29,"1",1009123194815
40,"10091231948",2.71,"1",1009123194815
41,"10091231948",2.86,"1",1009123194815
42,"10091231948",2.57,"1",1009123194815
43,"10091231948",4.86,"1",1009123194815
44,"10091231948",5.57,"1",1009123194815
45,"10091231948",5.57,"1",1009123194815
46,"10091231948",4.14,"1",1009123194815
47,"10091231948",8.71,"1",1009123194815
48,"10091231948",20.14,"1",1009123194815
49,"10091231948",36.43,"1",1009123194815
50,"10091231948",50.14,"1",1009123194815
51,"10091231948",84.86,"1",1009123194815
52,"10091231948",235.29,"1",1009123194815
53,"10091231948",273.86,"1",1009123194815
54,"10091231948",277.71,"1",1009123194815
55,"10091231948",509.14,"1",1009123194815
55,"10091231948",509.14,"1b",1009123194816
56,"10091231948",648.0,"1b",1009123194816
56,"10091231948",648.0,"3",1009123194817
57,"10091231948",509.14,"3",1009123194817
57,"10091231948",509.14,"4",1009123194818
58,"10091231948",520.71,"4",1009123194818
59,"10091231948",312.43,"4",1009123194818
60,"10091231948",115.71,"4",1009123194818
61,"10091231948",69.43,"4",1009123194818
61,"10091231948",69.43,"3",1009123194819
62,"10091231948",73.29,"3",1009123194819
63,"10091231948",34.71,"3",1009123194819
63,"10091231948",34.71,"2",1009123194820
64,"10091231948",34.71,"2",1009123194820
65,"10091231948",41.14,"2",1009123194820
65,"10091231948",41.14,"1b",1009123194821
66,"10091231948",25.71,"1b",1009123194821
67,"10091231948",21.86,"1b",1009123194821
67,"10091231948",21.86,"1",1009123194822
68,"10091231948",24.43,"1",1009123194822
69,"10091231948",41.14,"1",1009123194822
70,"10091231948",59.14,"1",1009123194822
71,"10091231948",65.57,"1",1009123194822
72,"10091231948",154.29,"1",1009123194822
73,"10091231948",300.86,"1",1009123194822
74,"10091231948",439.71,"1",1009123194822
74,"10091231948",439.71,"1b",1009123194823
75,"10091231948",682.71,"1b",1009123194823
75,"10091231948",682.71,"3",1009123194824
76,"10091231948",763.71,"3",1009123194824
76,"10091231948",763.71,"4",1009123194825
77,"10091231948",486.0,"4",1009123194825
78,"10091231948",138.86,"4",1009123194825
78,"10091231948",138.86,"3",1009123194826
79,"10091231948",196.71,"3",1009123194826
79,"10091231948",196.71,"4",1009123194827
80,"10091231948",231.43,"4",1009123194827
81,"10091231948",289.29,"4",1009123194827
81,"10091231948",289.29,"1",1009129271928
0,"10091292719",0.29,"1",1009129271928
0,"10091292719",0.29,"1b",1009129271929
1,"10091292719",1.29,"1b",1009129271929
1,"10091292719",1.29,"2",1009129271930
2,"10091292719",1.43,"2",1009129271930
3,"10091292719",1.57,"2",1009129271930
4,"10091292719",5.0,"2",1009129271930
5,"10091292719",7.57,"2",1009129271930
5,"10091292719",7.57,"3",1009129271931
6,"10091292719",16.14,"3",1009129271931
7,"10091292719",9.0,"3",1009129271931
8,"10091292719",8.14,"3",1009129271931
9,"10091292719",9.0,"3",1009129271931
9,"10091292719",9.0,"2",1009129271932
10,"10091292719",11.57,"2",1009129271932
10,"10091292719",11.57,"3",1009129271933
11,"10091292719",6.86,"3",1009129271933
12,"10091292719",5.57,"3",1009129271933
12,"10091292719",5.57,"2",1009129271934
13,"10091292719",9.0,"2",1009129271934
13,"10091292719",9.0,"3",1009129271935
14,"10091292719",3.86,"3",1009129271935
15,"10091292719",1.71,"3",1009129271935
15,"10091292719",1.71,"2",1009129271936
16,"10091292719",2.43,"2",1009129271936
17,"10091292719",0.43,"2",1009129271936
17,"10091292719",0.43,"1b",1009129271937
18,"10091292719",4.57,"1b",1009129271937
19,"10091292719",8.86,"1b",1009129271937
19,"10091292719",8.86,"1",1009129271938
20,"10091292719",15.29,"1",1009129271938
21,"10091292719",15.86,"1",1009129271938
22,"10091292719",19.29,"1",1009129271938
23,"10091292719",19.29,"1",1009129271938
24,"10091292719",32.14,"1",1009129271938
24,"10091292719",32.14,"1b",1009129271939
25,"10091292719",32.14,"1b",1009129271939
25,"10091292719",32.14,"2",1009129271940
26,"10091292719",3.86,"2",1009129271940
27,"10091292719",8.14,"2",1009129271940
27,"10091292719",8.14,"1b",1009129271941
28,"10091292719",11.57,"1b",1009129271941
29,"10091292719",10.29,"1b",1009129271941
29,"10091292719",10.29,"1",1009129271942
30,"10091292719",18.86,"1",1009129271942
31,"10091292719",38.57,"1",1009129271942
32,"10091292719",48.86,"1",1009129271942
33,"10091292719",56.57,"1",1009129271942
34,"10091292719",77.14,"1",1009129271942
35,"10091292719",212.14,"1",1009129271942
36,"10091292719",443.57,"1",1009129271942
36,"10091292719",443.57,"1b",1009129271943
37,"10091292719",520.71,"1b",1009129271943
37,"10091292719",520.71,"2",1009129271944
38,"10091292719",891.0,"2",1009129271944
38,"10091292719",891.0,"3",1009129271945
39,"10091292719",694.29,"3",1009129271945
39,"10091292719",694.29,"4",1009129271946
40,"10091292719",277.71,"4",1009129271946
41,"10091292719",81.0,"4",1009129271946
41,"10091292719",81.0,"3",1009129271947
42,"10091292719",46.29,"3",1009129271947
43,"10091292719",42.43,"3",1009129271947
43,"10091292719",42.43,"2",1009129271948
44,"10091292719",37.29,"2",1009129271948
45,"10091292719",43.71,"2",1009129271948
45,"10091292719",43.71,"1b",1009129271949
46,"10091292719",19.29,"1b",1009129271949
47,"10091292719",18.0,"1b",1009129271949
47,"10091292719",18.0,"1",1009129271950
48,"10091292719",16.71,"1",1009129271950
49,"10091292719",11.57,"1",1009129271950
50,"10091292719",11.57,"1",1009129271950
51,"10091292719",12.0,"1",1009129271950
52,"10091292719",7.29,"1",1009129271950
53,"10091292719",11.14,"1",1009129271950
54,"10091292719",9.0,"1",1009129271950
55,"10091292719",6.86,"1",1009129271950
56,"10091292719",7.71,"1",1009129271950
57,"10091292719",11.57,"1",1009129271950
58,"10091292719",13.29,"1",1009129271950
59,"10091292719",9.0,"1",1009129271950
60,"10091292719",10.71,"1",1009129271950
61,"10091292719",5.14,"1",1009129271950
62,"10091292719",6.86,"1",1009129271950
63,"10091292719",12.43,"1",1009129271950
64,"10091292719",32.57,"1",1009129271950
65,"10091292719",45.43,"1",1009129271950
66,"10091292719",87.43,"1",1009129271950
67,"10091292719",123.43,"1",1009129271950
68,"10091292719",235.29,"1",1009129271950
69,"10091292719",509.14,"1",1009129271950
70,"10091292719",694.29,"1",1009129271950
70,"10091292719",694.29,"2",1009129271951
71,"10091292719",1110.86,"2",1009129271951
71,"10091292719",1110.86,"3",1009129271952
72,"10091292719",1006.71,"3",1009129271952
72,"10091292719",1006.71,"4",1009129271953
73,"10091292719",937.29,"4",1009129271953
74,"10091292719",486.0,"4",1009129271953
75,"10091292719",243.0,"4",1009129271953
76,"10091292719",150.43,"4",1009129271953
76,"10091292719",150.43,"3",1009129271954
77,"10091292719",127.29,"3",1009129271954
77,"10091292719",127.29,"4",1009129271955
78,"10091292719",77.14,"4",1009129271955
79,"10091292719",69.43,"4",1009129271955
79,"10091292719",69.43,"3",1009129271956
80,"10091292719",46.29,"3",1009129271956
81,"10091292719",27.0,"3",1009129271956
81,"10091292719",27.0,"1",1009151897857
0,"10091518978",0.14,"1",1009151897857
1,"10091518978",0.57,"1",1009151897857
2,"10091518978",0.14,"1",1009151897857
3,"10091518978",0.43,"1",1009151897857
4,"10091518978",1.0,"1",1009151897857
4,"10091518978",1.0,"1b",1009151897858
5,"10091518978",2.86,"1b",1009151897858
6,"10091518978",5.71,"1b",1009151897858
6,"10091518978",5.71,"2",1009151897859
7,"10091518978",21.43,"2",1009151897859
7,"10091518978",21.43,"3",1009151897860
8,"10091518978",26.14,"3",1009151897860
9,"10091518978",28.29,"3",1009151897860
10,"10091518978",30.86,"3",1009151897860
11,"10091518978",23.14,"3",1009151897860
12,"10091518978",15.43,"3",1009151897860
13,"10091518978",7.71,"3",1009151897860
14,"10091518978",6.86,"3",1009151897860
15,"10091518978",6.43,"3",1009151897860
16,"10091518978",1.29,"3",1009151897860
16,"10091518978",1.29,"2",1009151897861
17,"10091518978",1.57,"2",1009151897861
18,"10091518978",1.57,"2",1009151897861
18,"10091518978",1.57,"1b",1009151897862
19,"10091518978",0.86,"1b",1009151897862
20,"10091518978",0.86,"1b",1009151897862
20,"10091518978",0.86,"1",1009151897863
21,"10091518978",1.0,"1",1009151897863
22,"10091518978",0.71,"1",1009151897863
23,"10091518978",0.71,"1",1009151897863
24,"10091518978",1.43,"1",1009151897863
25,"10091518978",1.86,"1",1009151897863
26,"10091518978",0.57,"1",1009151897863
27,"10091518978",0.71,"1",1009151897863
28,"10091518978",0.71,"1",1009151897863
29,"10091518978",0.86,"1",1009151897863
30,"10091518978",1.29,"1",1009151897863
31,"10091518978",1.86,"1",1009151897863
32,"10091518978",1.86,"1",1009151897863
33,"10091518978",3.14,"1",1009151897863
34,"10091518978",4.43,"1",1009151897863
35,"10091518978",3.29,"1",1009151897863
36,"10091518978",2.0,"1",1009151897863
37,"10091518978",2.29,"1",1009151897863
38,"10091518978",2.0,"1",1009151897863
39,"10091518978",2.29,"1",1009151897863
40,"10091518978",4.0,"1",1009151897863
41,"10091518978",2.0,"1",1009151897863
42,"10091518978",2.14,"1",1009151897863
43,"10091518978",4.71,"1",1009151897863
44,"10091518978",7.14,"1",1009151897863
45,"10091518978",5.14,"1",1009151897863
46,"10091518978",4.43,"1",1009151897863
47,"10091518978",5.43,"1",1009151897863
48,"10091518978",8.14,"1",1009151897863
49,"10091518978",19.0,"1",1009151897863
50,"10091518978",31.29,"1",1009151897863
51,"10091518978",34.71,"1",1009151897863
52,"10091518978",30.86,"1",1009151897863
53,"10091518978",41.14,"1",1009151897863
54,"10091518978",74.57,"1",1009151897863
55,"10091518978",113.14,"1",1009151897863
56,"10091518978",146.57,"1",1009151897863
57,"10091518978",324.0,"1",1009151897863
58,"10091518978",347.14,"1",1009151897863
59,"10091518978",509.14,"1",1009151897863
59,"10091518978",509.14,"1b",1009151897864
60,"10091518978",451.29,"1b",1009151897864
60,"10091518978",451.29,"3",1009151897865
61,"10091518978",277.71,"3",1009151897865
61,"10091518978",277.71,"4",1009151897866
62,"10091518978",127.29,"4",1009151897866
63,"10091518978",138.86,"4",1009151897866
63,"10091518978",138.86,"3",1009151897867
64,"10091518978",111.86,"3",1009151897867
65,"10091518978",100.29,"3",1009151897867
65,"10091518978",100.29,"2",1009151897868
66,"10091518978",57.86,"2",1009151897868
67,"10091518978",50.14,"2",1009151897868
67,"10091518978",50.14,"1b",1009151897869
68,"10091518978",119.57,"1b",1009151897869
69,"10091518978",92.57,"1b",1009151897869
69,"10091518978",92.57,"1",1009151897870
70,"10091518978",165.86,"1",1009151897870
71,"10091518978",177.43,"1",1009151897870
72,"10091518978",196.71,"1",1009151897870
72,"10091518978",196.71,"1b",1009151897871
73,"10091518978",254.57,"1b",1009151897871
74,"10091518978",324.0,"1b",1009151897871
75,"10091518978",300.86,"1b",1009151897871
75,"10091518978",300.86,"1",1009151897872
76,"10091518978",451.29,"1",1009151897872
76,"10091518978",451.29,"1b",1009151897873
77,"10091518978",636.43,"1b",1009151897873
77,"10091518978",636.43,"2",1009151897874
78,"10091518978",798.43,"2",1009151897874
78,"10091518978",798.43,"4",1009151897875
79,"10091518978",624.86,"4",1009151897875
80,"10091518978",277.71,"4",1009151897875
81,"10091518978",335.57,"4",1009151897875
81,"10091518978",335.57,"1",1009189437076
0,"10091894370",0.0,"1",1009189437076
1,"10091894370",0.71,"1",1009189437076
2,"10091894370",2.86,"1",1009189437076
2,"10091894370",2.86,"2",1009189437077
3,"10091894370",4.29,"2",1009189437077
4,"10091894370",7.71,"2",1009189437077
4,"10091894370",7.71,"3",1009189437078
5,"10091894370",8.57,"3",1009189437078
6,"10091894370",8.14,"3",1009189437078
6,"10091894370",8.14,"2",1009189437079
7,"10091894370",10.29,"2",1009189437079
7,"10091894370",10.29,"3",1009189437080
8,"10091894370",4.71,"3",1009189437080
9,"10091894370",6.86,"3",1009189437080
10,"10091894370",3.86,"3",1009189437080
10,"10091894370",3.86,"2",1009189437081
11,"10091894370",15.86,"2",1009189437081
11,"10091894370",15.86,"3",1009189437082
12,"10091894370",15.0,"3",1009189437082
13,"10091894370",19.29,"3",1009189437082
14,"10091894370",18.43,"3",1009189437082
14,"10091894370",18.43,"2",1009189437083
15,"10091894370",17.57,"2",1009189437083
16,"10091894370",16.71,"2",1009189437083
17,"10091894370",8.14,"2",1009189437083
17,"10091894370",8.14,"1b",1009189437084
18,"10091894370",7.29,"1b",1009189437084
19,"10091894370",6.43,"1b",1009189437084
19,"10091894370",6.43,"1",1009189437085
20,"10091894370",8.14,"1",1009189437085
21,"10091894370",8.57,"1",1009189437085
22,"10091894370",9.86,"1",1009189437085
23,"10091894370",12.43,"1",1009189437085
24,"10091894370",9.86,"1",1009189437085
25,"10091894370",3.43,"1",1009189437085
26,"10091894370",4.71,"1",1009189437085
27,"10091894370",4.0,"1",1009189437085
28,"10091894370",6.0,"1",1009189437085
29,"10091894370",7.43,"1",1009189437085
30,"10091894370",9.57,"1",1009189437085
31,"10091894370",13.71,"1",1009189437085
32,"10091894370",35.57,"1",1009189437085
33,"10091894370",38.57,"1",1009189437085
34,"10091894370",61.71,"1",1009189437085
35,"10091894370",59.14,"1",1009189437085
36,"10091894370",77.14,"1",1009189437085
37,"10091894370",158.14,"1",1009189437085
38,"10091894370",277.71,"1",1009189437085
39,"10091894370",705.86,"1",1009189437085
40,"10091894370",1596.86,"1",1009189437085
40,"10091894370",1596.86,"1b",1009189437086
41,"10091894370",4964.14,"1b",1009189437086
41,"10091894370",4964.14,"4",1009189437087
42,"10091894370",3020.14,"4",1009189437087
43,"10091894370",1041.43,"4",1009189437087
44,"10091894370",1041.43,"4",1009189437087
45,"10091894370",277.71,"4",1009189437087
46,"10091894370",370.29,"4",1009189437087
47,"10091894370",324.0,"4",1009189437087
48,"10091894370",162.0,"4",1009189437087
49,"10091894370",46.29,"4",1009189437087
49,"10091894370",46.29,"3",1009189437088
50,"10091894370",77.14,"3",1009189437088
51,"10091894370",54.0,"3",1009189437088
51,"10091894370",54.0,"2",1009189437089
52,"10091894370",2.57,"2",1009189437089
53,"10091894370",18.0,"2",1009189437089
53,"10091894370",18.0,"1b",1009189437090
54,"10091894370",13.71,"1b",1009189437090
55,"10091894370",12.0,"1b",1009189437090
55,"10091894370",12.0,"1",1009189437091
56,"10091894370",14.14,"1",1009189437091
57,"10091894370",18.86,"1",1009189437091
58,"10091894370",21.0,"1",1009189437091
59,"10091894370",40.71,"1",1009189437091
60,"10091894370",55.29,"1",1009189437091
61,"10091894370",73.29,"1",1009189437091
62,"10091894370",111.86,"1",1009189437091
63,"10091894370",92.57,"1",1009189437091
64,"10091894370",57.86,"1",1009189437091
65,"10091894370",115.71,"1",1009189437091
66,"10091894370",50.14,"1",1009189437091
67,"10091894370",19.29,"1",1009189437091
68,"10091894370",64.29,"1",1009189437091
69,"10091894370",51.43,"1",1009189437091
70,"10091894370",25.71,"1",1009189437091
71,"10091894370",46.29,"1",1009189437091
72,"10091894370",88.71,"1",1009189437091
73,"10091894370",141.43,"1",1009189437091
74,"10091894370",354.86,"1",1009189437091
75,"10091894370",462.86,"1",1009189437091
75,"10091894370",462.86,"1b",1009189437092
76,"10091894370",613.29,"1b",1009189437092
76,"10091894370",613.29,"2",1009189437093
77,"10091894370",1087.71,"2",1009189437093
77,"10091894370",1087.71,"3",1009189437094
78,"10091894370",1110.86,"3",1009189437094
78,"10091894370",1110.86,"4",1009189437095
79,"10091894370",451.29,"4",1009189437095
80,"10091894370",520.71,"4",1009189437095
81,"10091894370",451.29,"4",1009189437095
81,"10091894370",451.29,"1",1009191192896
0,"10091911928",0.14,"1",1009191192896
1,"10091911928",1.29,"1",1009191192896
1,"10091911928",1.29,"2",1009191192897
2,"10091911928",1.43,"2",1009191192897
3,"10091911928",0.29,"2",1009191192897
3,"10091911928",0.29,"1b",1009191192898
4,"10091911928",0.86,"1b",1009191192898
5,"10091911928",1.43,"1b",1009191192898
5,"10091911928",1.43,"2",1009191192899
6,"10091911928",2.86,"2",1009191192899
7,"10091911928",3.71,"2",1009191192899
8,"10091911928",3.43,"2",1009191192899
9,"10091911928",3.71,"2",1009191192899
10,"10091911928",3.14,"2",1009191192899
11,"10091911928",2.29,"2",1009191192899
12,"10091911928",2.43,"2",1009191192899
13,"10091911928",5.43,"2",1009191192899
14,"10091911928",4.71,"2",1009191192899
14,"10091911928",4.71,"1b",10091911928100
15,"10091911928",5.57,"1b",10091911928100
16,"10091911928",7.29,"1b",10091911928100
16,"10091911928",7.29,"1",10091911928101
17,"10091911928",7.86,"1",10091911928101
18,"10091911928",16.71,"1",10091911928101
19,"10091911928",27.86,"1",10091911928101
20,"10091911928",30.86,"1",10091911928101
21,"10091911928",33.43,"1",10091911928101
22,"10091911928",64.29,"1",10091911928101
22,"10091911928",64.29,"1b",10091911928102
23,"10091911928",63.0,"1b",10091911928102
23,"10091911928",63.0,"2",10091911928103
24,"10091911928",61.71,"2",10091911928103
24,"10091911928",61.71,"3",10091911928104
25,"10091911928",38.57,"3",10091911928104
25,"10091911928",38.57,"4",10091911928105
26,"10091911928",19.29,"4",10091911928105
27,"10091911928",27.0,"4",10091911928105
28,"10091911928",10.29,"4",10091911928105
28,"10091911928",10.29,"3",10091911928106
29,"10091911928",6.43,"3",10091911928106
30,"10091911928",5.14,"3",10091911928106
30,"10091911928",5.14,"2",10091911928107
31,"10091911928",1.71,"2",10091911928107
32,"10091911928",1.14,"2",10091911928107
32,"10091911928",1.14,"1b",10091911928108
33,"10091911928",0.71,"1b",10091911928108
34,"10091911928",1.29,"1b",10091911928108
34,"10091911928",1.29,"1",10091911928109
35,"10091911928",2.29,"1",10091911928109
36,"10091911928",4.71,"1",10091911928109
37,"10091911928",10.14,"1",10091911928109
38,"10091911928",18.0,"1",10091911928109
39,"10091911928",29.57,"1",10091911928109
40,"10091911928",70.71,"1",10091911928109
41,"10091911928",91.29,"1",10091911928109
42,"10091911928",111.86,"1",10091911928109
43,"10091911928",154.29,"1",10091911928109
44,"10091911928",173.57,"1",10091911928109
45,"10091911928",185.14,"1",10091911928109
45,"10091911928",185.14,"1b",10091911928110
46,"10091911928",196.71,"1b",10091911928110
47,"10091911928",312.43,"1b",10091911928110
47,"10091911928",312.43,"2",10091911928111
48,"10091911928",266.14,"2",10091911928111
48,"10091911928",266.14,"3",10091911928112
49,"10091911928",277.71,"3",10091911928112
49,"10091911928",277.71,"4",10091911928113
50,"10091911928",162.0,"4",10091911928113
51,"10091911928",46.29,"4",10091911928113
52,"10091911928",30.86,"4",10091911928113
52,"10091911928",30.86,"3",10091911928114
53,"10091911928",29.57,"3",10091911928114
54,"10091911928",23.14,"3",10091911928114
54,"10091911928",23.14,"2",10091911928115
55,"10091911928",9.0,"2",10091911928115
56,"10091911928",6.86,"2",10091911928115
56,"10091911928",6.86,"1b",10091911928116
57,"10091911928",7.29,"1b",10091911928116
58,"10091911928",4.71,"1b",10091911928116
58,"10091911928",4.71,"1",10091911928117
59,"10091911928",3.43,"1",10091911928117
60,"10091911928",2.57,"1",10091911928117
61,"10091911928",1.14,"1",10091911928117
62,"10091911928",0.86,"1",10091911928117
63,"10091911928",2.14,"1",10091911928117
64,"10091911928",1.43,"1",10091911928117
65,"10091911928",1.57,"1",10091911928117
66,"10091911928",1.86,"1",10091911928117
67,"10091911928",1.57,"1",10091911928117
68,"10091911928",1.57,"1",10091911928117
69,"10091911928",1.0,"1",10091911928117
70,"10091911928",2.29,"1",10091911928117
71,"10091911928",2.29,"1",10091911928117
72,"10091911928",3.14,"1",10091911928117
73,"10091911928",5.29,"1",10091911928117
74,"10091911928",5.29,"1",10091911928117
75,"10091911928",3.86,"1",10091911928117
76,"10091911928",6.43,"1",10091911928117
77,"10091911928",14.57,"1",10091911928117
78,"10091911928",16.71,"1",10091911928117
79,"10091911928",17.57,"1",10091911928117
80,"10091911928",24.86,"1",10091911928117
81,"10091911928",46.29,"1",1009194306117
81,"10091911928",46.29,"1",10091911928117
0,"1009194306",0.43,"1",1009194306117
0,"1009194306",0.43,"1b",1009194306118
1,"1009194306",2.0,"1b",1009194306118
1,"1009194306",2.0,"2",1009194306119
2,"1009194306",0.57,"2",1009194306119
3,"1009194306",0.71,"2",1009194306119
3,"1009194306",0.71,"1b",1009194306120
4,"1009194306",3.14,"1b",1009194306120
4,"1009194306",3.14,"2",1009194306121
5,"1009194306",4.14,"2",1009194306121
6,"1009194306",7.43,"2",1009194306121
6,"1009194306",7.43,"3",1009194306122
7,"1009194306",8.43,"3",1009194306122
8,"1009194306",12.43,"3",1009194306122
9,"1009194306",11.57,"3",1009194306122
10,"1009194306",15.0,"3",1009194306122
11,"1009194306",12.86,"3",1009194306122
12,"1009194306",12.86,"3",1009194306122
13,"1009194306",8.14,"3",1009194306122
14,"1009194306",6.86,"3",1009194306122
14,"1009194306",6.86,"2",1009194306123
15,"1009194306",3.86,"2",1009194306123
16,"1009194306",4.43,"2",1009194306123
16,"1009194306",4.43,"1b",1009194306124
17,"1009194306",2.29,"1b",1009194306124
18,"1009194306",1.57,"1b",1009194306124
18,"1009194306",1.57,"1",1009194306125
19,"1009194306",2.86,"1",1009194306125
20,"1009194306",2.71,"1",1009194306125
21,"1009194306",3.43,"1",1009194306125
22,"1009194306",8.29,"1",1009194306125
23,"1009194306",8.43,"1",1009194306125
24,"1009194306",7.29,"1",1009194306125
25,"1009194306",11.14,"1",1009194306125
26,"1009194306",17.14,"1",1009194306125
27,"1009194306",14.14,"1",1009194306125
28,"1009194306",25.71,"1",1009194306125
29,"1009194306",17.14,"1",1009194306125
30,"1009194306",17.14,"1",1009194306125
31,"1009194306",24.43,"1",1009194306125
32,"1009194306",22.29,"1",1009194306125
33,"1009194306",15.43,"1",1009194306125
34,"1009194306",12.86,"1",1009194306125
35,"1009194306",12.86,"1",1009194306125
36,"1009194306",14.14,"1",1009194306125
37,"1009194306",19.71,"1",1009194306125
38,"1009194306",21.86,"1",1009194306125
39,"1009194306",18.43,"1",1009194306125
40,"1009194306",27.0,"1",1009194306125
41,"1009194306",29.57,"1",1009194306125
42,"1009194306",30.86,"1",1009194306125
43,"1009194306",36.0,"1",1009194306125
44,"1009194306",32.14,"1",1009194306125
45,"1009194306",48.86,"1",1009194306125
46,"1009194306",59.14,"1",1009194306125
47,"1009194306",63.0,"1",1009194306125
48,"1009194306",64.29,"1",1009194306125
49,"1009194306",164.57,"1",1009194306125
50,"1009194306",223.71,"1",1009194306125
51,"1009194306",378.0,"1",1009194306125
52,"1009194306",520.71,"1",1009194306125
52,"1009194306",520.71,"2",1009194306126
53,"1009194306",416.57,"2",1009194306126
53,"1009194306",416.57,"3",1009194306127
54,"1009194306",231.43,"3",1009194306127
54,"1009194306",231.43,"4",1009194306128
55,"1009194306",150.43,"4",1009194306128
56,"1009194306",96.43,"4",1009194306128
57,"1009194306",57.86,"4",1009194306128
57,"1009194306",57.86,"3",1009194306129
58,"1009194306",23.14,"3",1009194306129
59,"1009194306",23.14,"3",1009194306129
59,"1009194306",23.14,"2",1009194306130
60,"1009194306",10.29,"2",1009194306130
61,"1009194306",9.86,"2",1009194306130
61,"1009194306",9.86,"1b",1009194306131
62,"1009194306",5.14,"1b",1009194306131
63,"1009194306",2.57,"1b",1009194306131
63,"1009194306",2.57,"1",1009194306132
64,"1009194306",2.57,"1",1009194306132
65,"1009194306",3.0,"1",1009194306132
66,"1009194306",1.86,"1",1009194306132
67,"1009194306",2.14,"1",1009194306132
68,"1009194306",2.71,"1",1009194306132
69,"1009194306",1.57,"1",1009194306132
70,"1009194306",0.57,"1",1009194306132
71,"1009194306",1.57,"1",1009194306132
72,"1009194306",1.0,"1",1009194306132
73,"1009194306",1.71,"1",1009194306132
74,"1009194306",2.14,"1",1009194306132
75,"1009194306",2.86,"1",1009194306132
76,"1009194306",2.86,"1",1009194306132
77,"1009194306",3.86,"1",1009194306132
78,"1009194306",3.29,"1",1009194306132
79,"1009194306",5.29,"1",1009194306132
80,"1009194306",9.0,"1",1009194306132
81,"1009194306",16.86,"1",1009194306132
81,"1009194306",16.86,"1",10092119942132
0,"10092119942",0.0,"1",10092119942132
1,"10092119942",0.57,"1",10092119942132
1,"10092119942",0.57,"1b",10092119942133
2,"10092119942",2.43,"1b",10092119942133
2,"10092119942",2.43,"2",10092119942134
3,"10092119942",1.14,"2",10092119942134
4,"10092119942",0.86,"2",10092119942134
4,"10092119942",0.86,"1b",10092119942135
5,"10092119942",0.71,"1b",10092119942135
6,"10092119942",3.43,"1b",10092119942135
6,"10092119942",3.43,"2",10092119942136
7,"10092119942",5.86,"2",10092119942136
8,"10092119942",5.0,"2",10092119942136
9,"10092119942",6.0,"2",10092119942136
10,"10092119942",6.43,"2",10092119942136
10,"10092119942",6.43,"3",10092119942137
11,"10092119942",3.71,"3",10092119942137
12,"10092119942",3.29,"3",10092119942137
12,"10092119942",3.29,"2",10092119942138
13,"10092119942",1.43,"2",10092119942138
14,"10092119942",2.71,"2",10092119942138
14,"10092119942",2.71,"1b",10092119942139
15,"10092119942",1.43,"1b",10092119942139
16,"10092119942",2.0,"1b",10092119942139
16,"10092119942",2.0,"1",10092119942140
17,"10092119942",0.86,"1",10092119942140
18,"10092119942",0.57,"1",10092119942140
19,"10092119942",0.43,"1",10092119942140
20,"10092119942",1.29,"1",10092119942140
21,"10092119942",0.14,"1",10092119942140
22,"10092119942",0.71,"1",10092119942140
23,"10092119942",0.71,"1",10092119942140
24,"10092119942",2.0,"1",10092119942140
25,"10092119942",2.14,"1",10092119942140
26,"10092119942",4.71,"1",10092119942140
27,"10092119942",5.14,"1",10092119942140
28,"10092119942",8.14,"1",10092119942140
29,"10092119942",8.14,"1",10092119942140
30,"10092119942",13.71,"1",10092119942140
31,"10092119942",14.57,"1",10092119942140
32,"10092119942",19.71,"1",10092119942140
33,"10092119942",22.71,"1",10092119942140
34,"10092119942",20.14,"1",10092119942140
35,"10092119942",25.71,"1",10092119942140
36,"10092119942",46.29,"1",10092119942140
37,"10092119942",63.0,"1",10092119942140
38,"10092119942",122.14,"1",10092119942140
39,"10092119942",108.0,"1",10092119942140
40,"10092119942",115.71,"1",10092119942140
41,"10092119942",200.57,"1",10092119942140
42,"10092119942",428.14,"1",10092119942140
43,"10092119942",601.71,"1",10092119942140
43,"10092119942",601.71,"1b",10092119942141
44,"10092119942",1249.71,"1b",10092119942141
44,"10092119942",1249.71,"3",10092119942142
45,"10092119942",729.0,"3",10092119942142
45,"10092119942",729.0,"4",10092119942143
46,"10092119942",312.43,"4",10092119942143
47,"10092119942",104.14,"4",10092119942143
47,"10092119942",104.14,"3",10092119942144
48,"10092119942",185.14,"3",10092119942144
48,"10092119942",185.14,"4",10092119942145
49,"10092119942",73.29,"4",10092119942145
50,"10092119942",38.57,"4",10092119942145
50,"10092119942",38.57,"3",10092119942146
51,"10092119942",30.86,"3",10092119942146
52,"10092119942",18.0,"3",10092119942146
52,"10092119942",18.0,"2",10092119942147
53,"10092119942",5.14,"2",10092119942147
54,"10092119942",5.14,"2",10092119942147
54,"10092119942",5.14,"1b",10092119942148
55,"10092119942",3.43,"1b",10092119942148
56,"10092119942",5.0,"1b",10092119942148
56,"10092119942",5.0,"1",10092119942149
57,"10092119942",6.86,"1",10092119942149
58,"10092119942",5.14,"1",10092119942149
59,"10092119942",8.57,"1",10092119942149
60,"10092119942",12.43,"1",10092119942149
61,"10092119942",25.29,"1",10092119942149
62,"10092119942",51.43,"1",10092119942149
63,"10092119942",99.0,"1",10092119942149
64,"10092119942",123.43,"1",10092119942149
65,"10092119942",266.14,"1",10092119942149
66,"10092119942",312.43,"1",10092119942149
67,"10092119942",277.71,"1",10092119942149
68,"10092119942",474.43,"1",10092119942149
68,"10092119942",474.43,"2",10092119942150
69,"10092119942",578.57,"2",10092119942150
69,"10092119942",578.57,"4",10092119942151
70,"10092119942",347.14,"4",10092119942151
71,"10092119942",127.29,"4",10092119942151
71,"10092119942",127.29,"3",10092119942152
72,"10092119942",73.29,"3",10092119942152
73,"10092119942",69.43,"3",10092119942152
73,"10092119942",69.43,"2",10092119942153
74,"10092119942",84.86,"2",10092119942153
75,"10092119942",42.43,"2",10092119942153
75,"10092119942",42.43,"1b",10092119942154
76,"10092119942",46.29,"1b",10092119942154
77,"10092119942",28.29,"1b",10092119942154
77,"10092119942",28.29,"1",10092119942155
78,"10092119942",16.71,"1",10092119942155
79,"10092119942",15.86,"1",10092119942155
80,"10092119942",15.43,"1",10092119942155
81,"10092119942",9.86,"1",10092119942155
81,"10092119942",9.86,"1",10092294097155
0,"10092294097",0.0,"1",10092294097155
1,"10092294097",1.86,"1",10092294097155
1,"10092294097",1.86,"2",10092294097156
2,"10092294097",6.57,"2",10092294097156
3,"10092294097",5.14,"2",10092294097156
3,"10092294097",5.14,"3",10092294097157
4,"10092294097",9.57,"3",10092294097157
5,"10092294097",6.43,"3",10092294097157
5,"10092294097",6.43,"2",10092294097158
6,"10092294097",8.14,"2",10092294097158
6,"10092294097",8.14,"3",10092294097159
7,"10092294097",11.57,"3",10092294097159
8,"10092294097",8.14,"3",10092294097159
9,"10092294097",13.29,"3",10092294097159
9,"10092294097",13.29,"2",10092294097160
10,"10092294097",14.14,"2",10092294097160
10,"10092294097",14.14,"3",10092294097161
11,"10092294097",15.43,"3",10092294097161
12,"10092294097",13.29,"3",10092294097161
13,"10092294097",23.57,"3",10092294097161
14,"10092294097",34.71,"3",10092294097161
15,"10092294097",36.0,"3",10092294097161
16,"10092294097",38.57,"3",10092294097161
16,"10092294097",38.57,"4",10092294097162
17,"10092294097",18.0,"4",10092294097162
18,"10092294097",6.43,"4",10092294097162
18,"10092294097",6.43,"3",10092294097163
19,"10092294097",1.29,"3",10092294097163
20,"10092294097",3.71,"3",10092294097163
20,"10092294097",3.71,"2",10092294097164
21,"10092294097",3.57,"2",10092294097164
22,"10092294097",2.14,"2",10092294097164
22,"10092294097",2.14,"1b",10092294097165
23,"10092294097",4.0,"1b",10092294097165
24,"10092294097",6.43,"1b",10092294097165
24,"10092294097",6.43,"1",10092294097166
25,"10092294097",6.43,"1",10092294097166
26,"10092294097",4.29,"1",10092294097166
27,"10092294097",7.71,"1",10092294097166
28,"10092294097",15.43,"1",10092294097166
29,"10092294097",30.43,"1",10092294097166
30,"10092294097",84.86,"1",10092294097166
31,"10092294097",132.43,"1",10092294097166
32,"10092294097",266.14,"1",10092294097166
33,"10092294097",729.0,"1",10092294097166
33,"10092294097",729.0,"1b",10092294097167
34,"10092294097",1099.29,"1b",10092294097167
34,"10092294097",1099.29,"3",10092294097168
35,"10092294097",1284.43,"3",10092294097168
35,"10092294097",1284.43,"4",10092294097169
36,"10092294097",624.86,"4",10092294097169
37,"10092294097",277.71,"4",10092294097169
38,"10092294097",173.57,"4",10092294097169
38,"10092294097",173.57,"3",10092294097170
39,"10092294097",185.14,"3",10092294097170
39,"10092294097",185.14,"4",10092294097171
40,"10092294097",81.0,"4",10092294097171
41,"10092294097",96.43,"4",10092294097171
42,"10092294097",15.43,"4",10092294097171
42,"10092294097",15.43,"3",10092294097172
43,"10092294097",34.71,"3",10092294097172
44,"10092294097",20.57,"3",10092294097172
44,"10092294097",20.57,"2",10092294097173
45,"10092294097",14.14,"2",10092294097173
46,"10092294097",10.29,"2",10092294097173
46,"10092294097",10.29,"1b",10092294097174
47,"10092294097",12.0,"1b",10092294097174
48,"10092294097",6.43,"1b",10092294097174
48,"10092294097",6.43,"1",10092294097175
49,"10092294097",6.86,"1",10092294097175
50,"10092294097",4.71,"1",10092294097175
51,"10092294097",10.71,"1",10092294097175
52,"10092294097",15.0,"1",10092294097175
53,"10092294097",24.43,"1",10092294097175
54,"10092294097",39.86,"1",10092294097175
55,"10092294097",56.57,"1",10092294097175
56,"10092294097",118.29,"1",10092294097175
57,"10092294097",127.29,"1",10092294097175
58,"10092294097",358.71,"1",10092294097175
59,"10092294097",833.14,"1",10092294097175
59,"10092294097",833.14,"1b",10092294097176
60,"10092294097",763.71,"1b",10092294097176
61,"10092294097",1423.29,"1b",10092294097176
61,"10092294097",1423.29,"3",10092294097177
62,"10092294097",1215.0,"3",10092294097177
62,"10092294097",1215.0,"4",10092294097178
63,"10092294097",277.71,"4",10092294097178
64,"10092294097",381.86,"4",10092294097178
65,"10092294097",219.86,"4",10092294097178
66,"10092294097",150.43,"4",10092294097178
67,"10092294097",54.0,"4",10092294097178
67,"10092294097",54.0,"3",10092294097179
68,"10092294097",84.86,"3",10092294097179
69,"10092294097",46.29,"3",10092294097179
69,"10092294097",46.29,"2",10092294097180
70,"10092294097",19.29,"2",10092294097180
71,"10092294097",16.71,"2",10092294097180
71,"10092294097",16.71,"1b",10092294097181
72,"10092294097",9.0,"1b",10092294097181
73,"10092294097",11.14,"1b",10092294097181
73,"10092294097",11.14,"1",10092294097182
74,"10092294097",14.14,"1",10092294097182
75,"10092294097",11.57,"1",10092294097182
76,"10092294097",21.0,"1",10092294097182
77,"10092294097",25.29,"1",10092294097182
78,"10092294097",61.71,"1",10092294097182
79,"10092294097",81.0,"1",10092294097182
80,"10092294097",115.71,"1",10092294097182
81,"10092294097",200.57,"1",10092294097182
81,"10092294097",200.57,"1",10092321330182
0,"10092321330",0.0,"1",10092321330182
1,"10092321330",2.14,"1",10092321330182
1,"10092321330",2.14,"2",10092321330183
2,"10092321330",1.57,"2",10092321330183
3,"10092321330",3.14,"2",10092321330183
4,"10092321330",4.14,"2",10092321330183
5,"10092321330",5.0,"2",10092321330183
6,"10092321330",8.71,"2",10092321330183
6,"10092321330",8.71,"3",10092321330184
7,"10092321330",9.43,"3",10092321330184
8,"10092321330",7.29,"3",10092321330184
9,"10092321330",7.71,"3",10092321330184
10,"10092321330",6.0,"3",10092321330184
11,"10092321330",2.57,"3",10092321330184
11,"10092321330",2.57,"2",10092321330185
12,"10092321330",2.86,"2",10092321330185
13,"10092321330",2.14,"2",10092321330185
14,"10092321330",4.86,"2",10092321330185
14,"10092321330",4.86,"1b",10092321330186
15,"10092321330",3.43,"1b",10092321330186
16,"10092321330",6.29,"1b",10092321330186
16,"10092321330",6.29,"1",10092321330187
17,"10092321330",8.57,"1",10092321330187
18,"10092321330",8.14,"1",10092321330187
19,"10092321330",3.86,"1",10092321330187
20,"10092321330",5.57,"1",10092321330187
21,"10092321330",9.43,"1",10092321330187
22,"10092321330",15.0,"1",10092321330187
23,"10092321330",19.71,"1",10092321330187
24,"10092321330",32.57,"1",10092321330187
25,"10092321330",95.14,"1",10092321330187
25,"10092321330",95.14,"1b",10092321330188
26,"10092321330",123.43,"1b",10092321330188
26,"10092321330",123.43,"3",10092321330189
27,"10092321330",119.57,"3",10092321330189
27,"10092321330",119.57,"4",10092321330190
28,"10092321330",69.43,"4",10092321330190
29,"10092321330",73.29,"4",10092321330190
29,"10092321330",73.29,"3",10092321330191
30,"10092321330",88.71,"3",10092321330191
31,"10092321330",38.57,"3",10092321330191
31,"10092321330",38.57,"2",10092321330192
32,"10092321330",54.0,"2",10092321330192
33,"10092321330",46.29,"2",10092321330192
33,"10092321330",46.29,"1b",10092321330193
34,"10092321330",46.29,"1b",10092321330193
35,"10092321330",81.0,"1b",10092321330193
35,"10092321330",81.0,"1",10092321330194
36,"10092321330",69.43,"1",10092321330194
37,"10092321330",69.43,"1",10092321330194
38,"10092321330",177.43,"1",10092321330194
39,"10092321330",366.43,"1",10092321330194
40,"10092321330",1122.43,"1",10092321330194
40,"10092321330",1122.43,"2",10092321330195
41,"10092321330",1909.29,"2",10092321330195
41,"10092321330",1909.29,"3",10092321330196
42,"10092321330",2464.71,"3",10092321330196
42,"10092321330",2464.71,"4",10092321330197
43,"10092321330",2395.29,"4",10092321330197
44,"10092321330",2499.43,"4",10092321330197
45,"10092321330",937.29,"4",10092321330197
46,"10092321330",312.43,"4",10092321330197
47,"10092321330",451.29,"4",10092321330197
48,"10092321330",138.86,"4",10092321330197
49,"10092321330",173.57,"4",10092321330197
50,"10092321330",81.0,"4",10092321330197
50,"10092321330",81.0,"3",10092321330198
51,"10092321330",65.57,"3",10092321330198
52,"10092321330",46.29,"3",10092321330198
52,"10092321330",46.29,"2",10092321330199
53,"10092321330",15.43,"2",10092321330199
54,"10092321330",18.0,"2",10092321330199
54,"10092321330",18.0,"1b",10092321330200
55,"10092321330",16.71,"1b",10092321330200
56,"10092321330",7.71,"1b",10092321330200
56,"10092321330",7.71,"1",10092321330201
57,"10092321330",16.29,"1",10092321330201
58,"10092321330",15.0,"1",10092321330201
59,"10092321330",15.0,"1",10092321330201
60,"10092321330",14.14,"1",10092321330201
61,"10092321330",15.43,"1",10092321330201
62,"10092321330",18.0,"1",10092321330201
63,"10092321330",17.14,"1",10092321330201
64,"10092321330",23.14,"1",10092321330201
65,"10092321330",39.86,"1",10092321330201
66,"10092321330",75.86,"1",10092321330201
67,"10092321330",160.71,"1",10092321330201
68,"10092321330",312.43,"1",10092321330201
69,"10092321330",312.43,"1",10092321330201
70,"10092321330",867.86,"1",10092321330201
71,"10092321330",2811.86,"1",10092321330201
71,"10092321330",2811.86,"4",10092321330202
72,"10092321330",3506.14,"4",10092321330202
73,"10092321330",2187.0,"4",10092321330202
74,"10092321330",1249.71,"4",10092321330202
75,"10092321330",729.0,"4",10092321330202
76,"10092321330",590.14,"4",10092321330202
77,"10092321330",173.57,"4",10092321330202
78,"10092321330",115.71,"4",10092321330202
79,"10092321330",81.0,"4",10092321330202
79,"10092321330",81.0,"3",10092321330203
80,"10092321330",42.43,"3",10092321330203
81,"10092321330",18.0,"3",10092321330203
81,"10092321330",18.0,"1",10092795641204
0,"10092795641",0.14,"1",10092795641204
1,"10092795641",0.14,"1",10092795641204
1,"10092795641",0.14,"1b",10092795641205
2,"10092795641",1.43,"1b",10092795641205
3,"10092795641",3.86,"1b",10092795641205
3,"10092795641",3.86,"2",10092795641206
4,"10092795641",8.14,"2",10092795641206
4,"10092795641",8.14,"3",10092795641207
5,"10092795641",7.43,"3",10092795641207
6,"10092795641",12.0,"3",10092795641207
7,"10092795641",9.86,"3",10092795641207
8,"10092795641",5.14,"3",10092795641207
9,"10092795641",9.43,"3",10092795641207
10,"10092795641",5.14,"3",10092795641207
11,"10092795641",3.86,"3",10092795641207
11,"10092795641",3.86,"2",10092795641208
12,"10092795641",2.86,"2",10092795641208
13,"10092795641",1.0,"2",10092795641208
14,"10092795641",1.71,"2",10092795641208
14,"10092795641",1.71,"1b",10092795641209
15,"10092795641",3.0,"1b",10092795641209
16,"10092795641",3.43,"1b",10092795641209
16,"10092795641",3.43,"1",10092795641210
17,"10092795641",4.29,"1",10092795641210
18,"10092795641",6.14,"1",10092795641210
19,"10092795641",5.43,"1",10092795641210
20,"10092795641",6.0,"1",10092795641210
21,"10092795641",9.29,"1",10092795641210
22,"10092795641",4.71,"1",10092795641210
23,"10092795641",5.57,"1",10092795641210
24,"10092795641",7.29,"1",10092795641210
25,"10092795641",8.14,"1",10092795641210
26,"10092795641",8.57,"1",10092795641210
27,"10092795641",18.0,"1",10092795641210
28,"10092795641",30.0,"1",10092795641210
28,"10092795641",30.0,"1b",10092795641211
29,"10092795641",23.14,"1b",10092795641211
30,"10092795641",18.0,"1b",10092795641211
30,"10092795641",18.0,"1",10092795641212
31,"10092795641",32.14,"1",10092795641212
32,"10092795641",39.86,"1",10092795641212
33,"10092795641",55.29,"1",10092795641212
34,"10092795641",87.43,"1",10092795641212
35,"10092795641",96.43,"1",10092795641212
36,"10092795641",65.57,"1",10092795641212
37,"10092795641",65.57,"1",10092795641212
38,"10092795641",135.0,"1",10092795641212
39,"10092795641",204.43,"1",10092795641212
40,"10092795641",482.14,"1",10092795641212
40,"10092795641",482.14,"1b",10092795641213
41,"10092795641",659.57,"1b",10092795641213
41,"10092795641",659.57,"3",10092795641214
42,"10092795641",798.43,"3",10092795641214
42,"10092795641",798.43,"4",10092795641215
43,"10092795641",694.29,"4",10092795641215
44,"10092795641",416.57,"4",10092795641215
45,"10092795641",104.14,"4",10092795641215
46,"10092795641",219.86,"4",10092795641215
47,"10092795641",61.71,"4",10092795641215
47,"10092795641",61.71,"3",10092795641216
48,"10092795641",57.86,"3",10092795641216
49,"10092795641",30.86,"3",10092795641216
49,"10092795641",30.86,"2",10092795641217
50,"10092795641",50.14,"2",10092795641217
51,"10092795641",138.86,"2",10092795641217
51,"10092795641",138.86,"1b",10092795641218
52,"10092795641",65.57,"1b",10092795641218
53,"10092795641",73.29,"1b",10092795641218
53,"10092795641",73.29,"1",10092795641219
54,"10092795641",96.43,"1",10092795641219
55,"10092795641",111.86,"1",10092795641219
56,"10092795641",88.71,"1",10092795641219
57,"10092795641",192.86,"1",10092795641219
58,"10092795641",177.43,"1",10092795641219
59,"10092795641",192.86,"1",10092795641219
60,"10092795641",243.0,"1",10092795641219
61,"10092795641",405.0,"1",10092795641219
61,"10092795641",405.0,"1b",10092795641220
62,"10092795641",879.43,"1b",10092795641220
62,"10092795641",879.43,"2",10092795641221
63,"10092795641",902.57,"2",10092795641221
63,"10092795641",902.57,"4",10092795641222
64,"10092795641",590.14,"4",10092795641222
65,"10092795641",312.43,"4",10092795641222
66,"10092795641",185.14,"4",10092795641222
67,"10092795641",162.0,"4",10092795641222
67,"10092795641",162.0,"3",10092795641223
68,"10092795641",162.0,"3",10092795641223
69,"10092795641",173.57,"3",10092795641223
70,"10092795641",150.43,"3",10092795641223
70,"10092795641",150.43,"4",10092795641224
71,"10092795641",115.71,"4",10092795641224
72,"10092795641",54.0,"4",10092795641224
72,"10092795641",54.0,"3",10092795641225
73,"10092795641",30.86,"3",10092795641225
74,"10092795641",18.0,"3",10092795641225
74,"10092795641",18.0,"2",10092795641226
75,"10092795641",7.71,"2",10092795641226
76,"10092795641",3.43,"2",10092795641226
76,"10092795641",3.43,"1b",10092795641227
77,"10092795641",3.0,"1b",10092795641227
78,"10092795641",3.71,"1b",10092795641227
78,"10092795641",3.71,"1",10092795641228
79,"10092795641",5.14,"1",10092795641228
80,"10092795641",4.43,"1",10092795641228
81,"10092795641",4.29,"1",10092795641228
81,"10092795641",4.29,"1",10093893317228
0,"10093893317",0.0,"1",10093893317228
1,"10093893317",0.0,"1",10093893317228
2,"10093893317",1.71,"1",10093893317228
2,"10093893317",1.71,"1b",10093893317229
3,"10093893317",3.57,"1b",10093893317229
4,"10093893317",4.14,"1b",10093893317229
4,"10093893317",4.14,"3",10093893317230
5,"10093893317",4.0,"3",10093893317230
6,"10093893317",1.86,"3",10093893317230
6,"10093893317",1.86,"2",10093893317231
7,"10093893317",1.29,"2",10093893317231
8,"10093893317",1.43,"2",10093893317231
9,"10093893317",1.0,"2",10093893317231
10,"10093893317",1.0,"2",10093893317231
11,"10093893317",0.71,"2",10093893317231
12,"10093893317",0.57,"2",10093893317231
13,"10093893317",1.29,"2",10093893317231
14,"10093893317",1.14,"2",10093893317231
15,"10093893317",2.57,"2",10093893317231
15,"10093893317",2.57,"1b",10093893317232
16,"10093893317",3.29,"1b",10093893317232
17,"10093893317",2.57,"1b",10093893317232
17,"10093893317",2.57,"1",10093893317233
18,"10093893317",3.43,"1",10093893317233
19,"10093893317",3.14,"1",10093893317233
20,"10093893317",3.71,"1",10093893317233
21,"10093893317",4.71,"1",10093893317233
22,"10093893317",3.86,"1",10093893317233
23,"10093893317",4.43,"1",10093893317233
24,"10093893317",3.57,"1",10093893317233
25,"10093893317",3.29,"1",10093893317233
26,"10093893317",5.71,"1",10093893317233
27,"10093893317",6.0,"1",10093893317233
28,"10093893317",6.29,"1",10093893317233
29,"10093893317",5.57,"1",10093893317233
30,"10093893317",6.71,"1",10093893317233
31,"10093893317",10.0,"1",10093893317233
32,"10093893317",16.71,"1",10093893317233
33,"10093893317",15.0,"1",10093893317233
34,"10093893317",11.14,"1",10093893317233
35,"10093893317",11.14,"1",10093893317233
36,"10093893317",11.57,"1",10093893317233
37,"10093893317",8.57,"1",10093893317233
38,"10093893317",16.71,"1",10093893317233
39,"10093893317",24.86,"1",10093893317233
40,"10093893317",27.86,"1",10093893317233
41,"10093893317",23.14,"1",10093893317233
42,"10093893317",25.71,"1",10093893317233
43,"10093893317",18.0,"1",10093893317233
44,"10093893317",11.57,"1",10093893317233
45,"10093893317",10.71,"1",10093893317233
46,"10093893317",8.57,"1",10093893317233
47,"10093893317",12.0,"1",10093893317233
48,"10093893317",16.71,"1",10093893317233
49,"10093893317",10.29,"1",10093893317233
50,"10093893317",15.0,"1",10093893317233
51,"10093893317",12.0,"1",10093893317233
52,"10093893317",13.29,"1",10093893317233
53,"10093893317",21.43,"1",10093893317233
54,"10093893317",19.29,"1",10093893317233
55,"10093893317",20.57,"1",10093893317233
56,"10093893317",16.71,"1",10093893317233
57,"10093893317",33.43,"1",10093893317233
58,"10093893317",32.14,"1",10093893317233
59,"10093893317",29.57,"1",10093893317233
60,"10093893317",32.14,"1",10093893317233
61,"10093893317",29.57,"1",10093893317233
62,"10093893317",37.29,"1",10093893317233
63,"10093893317",38.57,"1",10093893317233
64,"10093893317",88.71,"1",10093893317233
65,"10093893317",150.43,"1",10093893317233
66,"10093893317",135.0,"1",10093893317233
67,"10093893317",131.14,"1",10093893317233
68,"10093893317",297.0,"1",10093893317233
68,"10093893317",297.0,"1b",10093893317234
69,"10093893317",578.57,"1b",10093893317234
69,"10093893317",578.57,"2",10093893317235
70,"10093893317",393.43,"2",10093893317235
70,"10093893317",393.43,"3",10093893317236
71,"10093893317",266.14,"3",10093893317236
71,"10093893317",266.14,"4",10093893317237
72,"10093893317",115.71,"4",10093893317237
73,"10093893317",81.0,"4",10093893317237
74,"10093893317",77.14,"4",10093893317237
74,"10093893317",77.14,"3",10093893317238
75,"10093893317",30.86,"3",10093893317238
76,"10093893317",20.57,"3",10093893317238
76,"10093893317",20.57,"2",10093893317239
77,"10093893317",21.86,"2",10093893317239
78,"10093893317",6.43,"2",10093893317239
78,"10093893317",6.43,"1b",10093893317240
79,"10093893317",7.29,"1b",10093893317240
80,"10093893317",9.0,"1b",10093893317240
80,"10093893317",9.0,"1",10093893317241
81,"10093893317",12.43,"1",10093893317241
81,"10093893317",12.43,"1",10094004359241
0,"10094004359",0.0,"1",10094004359241
1,"10094004359",1.71,"1",10094004359241
1,"10094004359",1.71,"1b",10094004359242
2,"10094004359",11.0,"1b",10094004359242
2,"10094004359",11.0,"3",10094004359243
3,"10094004359",20.71,"3",10094004359243
4,"10094004359",23.57,"3",10094004359243
5,"10094004359",32.14,"3",10094004359243
6,"10094004359",38.57,"3",10094004359243
7,"10094004359",36.0,"3",10094004359243
7,"10094004359",36.0,"4",10094004359244
8,"10094004359",20.57,"4",10094004359244
9,"10094004359",11.57,"4",10094004359244
9,"10094004359",11.57,"3",10094004359245
10,"10094004359",14.14,"3",10094004359245
11,"10094004359",17.14,"3",10094004359245
12,"10094004359",19.71,"3",10094004359245
13,"10094004359",27.43,"3",10094004359245
14,"10094004359",51.43,"3",10094004359245
14,"10094004359",51.43,"4",10094004359246
15,"10094004359",25.71,"4",10094004359246
16,"10094004359",10.29,"4",10094004359246
16,"10094004359",10.29,"3",10094004359247
17,"10094004359",6.43,"3",10094004359247
18,"10094004359",9.0,"3",10094004359247
18,"10094004359",9.0,"2",10094004359248
19,"10094004359",8.57,"2",10094004359248
20,"10094004359",5.14,"2",10094004359248
20,"10094004359",5.14,"1b",10094004359249
21,"10094004359",7.71,"1b",10094004359249
22,"10094004359",4.71,"1b",10094004359249
22,"10094004359",4.71,"1",10094004359250
23,"10094004359",8.14,"1",10094004359250
24,"10094004359",9.43,"1",10094004359250
25,"10094004359",8.57,"1",10094004359250
26,"10094004359",6.0,"1",10094004359250
27,"10094004359",1.29,"1",10094004359250
28,"10094004359",2.71,"1",10094004359250
29,"10094004359",2.57,"1",10094004359250
30,"10094004359",1.71,"1",10094004359250
31,"10094004359",2.43,"1",10094004359250
32,"10094004359",4.14,"1",10094004359250
33,"10094004359",3.14,"1",10094004359250
34,"10094004359",3.29,"1",10094004359250
35,"10094004359",10.0,"1",10094004359250
36,"10094004359",10.71,"1",10094004359250
37,"10094004359",11.14,"1",10094004359250
38,"10094004359",6.86,"1",10094004359250
39,"10094004359",6.86,"1",10094004359250
40,"10094004359",12.43,"1",10094004359250
41,"10094004359",9.86,"1",10094004359250
42,"10094004359",6.0,"1",10094004359250
43,"10094004359",6.0,"1",10094004359250
44,"10094004359",7.29,"1",10094004359250
45,"10094004359",18.43,"1",10094004359250
46,"10094004359",22.29,"1",10094004359250
47,"10094004359",30.86,"1",10094004359250
48,"10094004359",46.29,"1",10094004359250
49,"10094004359",59.14,"1",10094004359250
50,"10094004359",111.86,"1",10094004359250
51,"10094004359",200.57,"1",10094004359250
52,"10094004359",370.29,"1",10094004359250
52,"10094004359",370.29,"1b",10094004359251
53,"10094004359",439.71,"1b",10094004359251
53,"10094004359",439.71,"2",10094004359252
54,"10094004359",613.29,"2",10094004359252
54,"10094004359",613.29,"3",10094004359253
55,"10094004359",844.71,"3",10094004359253
55,"10094004359",844.71,"4",10094004359254
56,"10094004359",208.29,"4",10094004359254
57,"10094004359",173.57,"4",10094004359254
58,"10094004359",185.14,"4",10094004359254
59,"10094004359",81.0,"4",10094004359254
59,"10094004359",81.0,"3",10094004359255
60,"10094004359",96.43,"3",10094004359255
61,"10094004359",46.29,"3",10094004359255
61,"10094004359",46.29,"2",10094004359256
62,"10094004359",34.71,"2",10094004359256
63,"10094004359",15.43,"2",10094004359256
63,"10094004359",15.43,"1b",10094004359257
64,"10094004359",15.43,"1b",10094004359257
65,"10094004359",12.0,"1b",10094004359257
65,"10094004359",12.0,"1",10094004359258
66,"10094004359",21.0,"1",10094004359258
67,"10094004359",29.14,"1",10094004359258
68,"10094004359",32.14,"1",10094004359258
69,"10094004359",51.43,"1",10094004359258
70,"10094004359",78.43,"1",10094004359258
71,"10094004359",149.14,"1",10094004359258
72,"10094004359",185.14,"1",10094004359258
73,"10094004359",281.57,"1",10094004359258
74,"10094004359",381.86,"1",10094004359258
75,"10094004359",636.43,"1",10094004359258
76,"10094004359",1446.43,"1",10094004359258
76,"10094004359",1446.43,"3",10094004359259
77,"10094004359",1353.86,"3",10094004359259
77,"10094004359",1353.86,"4",10094004359260
78,"10094004359",694.29,"4",10094004359260
79,"10094004359",486.0,"4",10094004359260
80,"10094004359",277.71,"4",10094004359260
81,"10094004359",150.43,"4",10094004359260
81,"10094004359",150.43,"1",10094009323261
0,"10094009323",0.14,"1",10094009323261
1,"10094009323",0.0,"1",10094009323261
1,"10094009323",0.0,"1b",10094009323262
2,"10094009323",0.29,"1b",10094009323262
3,"10094009323",0.29,"1b",10094009323262
3,"10094009323",0.29,"1",10094009323263
4,"10094009323",0.57,"1",10094009323263
4,"10094009323",0.57,"1b",10094009323264
5,"10094009323",1.29,"1b",10094009323264
6,"10094009323",2.0,"1b",10094009323264
7,"10094009323",3.71,"1b",10094009323264
7,"10094009323",3.71,"2",10094009323265
8,"10094009323",3.14,"2",10094009323265
8,"10094009323",3.14,"3",10094009323266
9,"10094009323",1.43,"3",10094009323266
10,"10094009323",0.86,"3",10094009323266
10,"10094009323",0.86,"2",10094009323267
11,"10094009323",2.0,"2",10094009323267
12,"10094009323",2.86,"2",10094009323267
13,"10094009323",3.29,"2",10094009323267
14,"10094009323",3.14,"2",10094009323267
14,"10094009323",3.14,"1b",10094009323268
15,"10094009323",2.0,"1b",10094009323268
16,"10094009323",2.0,"1b",10094009323268
16,"10094009323",2.0,"1",10094009323269
17,"10094009323",1.29,"1",10094009323269
18,"10094009323",0.57,"1",10094009323269
19,"10094009323",2.86,"1",10094009323269
20,"10094009323",2.71,"1",10094009323269
21,"10094009323",1.86,"1",10094009323269
22,"10094009323",1.43,"1",10094009323269
23,"10094009323",3.71,"1",10094009323269
24,"10094009323",3.71,"1",10094009323269
25,"10094009323",8.86,"1",10094009323269
26,"10094009323",19.14,"1",10094009323269
27,"10094009323",21.86,"1",10094009323269
28,"10094009323",38.14,"1",10094009323269
29,"10094009323",72.0,"1",10094009323269
30,"10094009323",129.86,"1",10094009323269
31,"10094009323",235.29,"1",10094009323269
32,"10094009323",254.57,"1",10094009323269
33,"10094009323",578.57,"1",10094009323269
33,"10094009323",578.57,"1b",10094009323270
34,"10094009323",1191.86,"1b",10094009323270
34,"10094009323",1191.86,"2",10094009323271
35,"10094009323",1353.86,"2",10094009323271
35,"10094009323",1353.86,"4",10094009323272
36,"10094009323",972.0,"4",10094009323272
37,"10094009323",381.86,"4",10094009323272
38,"10094009323",451.29,"4",10094009323272
39,"10094009323",243.0,"4",10094009323272
40,"10094009323",173.57,"4",10094009323272
41,"10094009323",138.86,"4",10094009323272
41,"10094009323",138.86,"3",10094009323273
42,"10094009323",115.71,"3",10094009323273
43,"10094009323",162.0,"3",10094009323273
43,"10094009323",162.0,"4",10094009323274
44,"10094009323",119.57,"4",10094009323274
45,"10094009323",65.57,"4",10094009323274
45,"10094009323",65.57,"3",10094009323275
46,"10094009323",23.14,"3",10094009323275
47,"10094009323",37.29,"3",10094009323275
47,"10094009323",37.29,"2",10094009323276
48,"10094009323",34.71,"2",10094009323276
49,"10094009323",20.57,"2",10094009323276
49,"10094009323",20.57,"1b",10094009323277
50,"10094009323",10.29,"1b",10094009323277
51,"10094009323",6.0,"1b",10094009323277
51,"10094009323",6.0,"1",10094009323278
52,"10094009323",6.0,"1",10094009323278
53,"10094009323",8.57,"1",10094009323278
54,"10094009323",3.86,"1",10094009323278
55,"10094009323",5.57,"1",10094009323278
56,"10094009323",6.0,"1",10094009323278
57,"10094009323",7.29,"1",10094009323278
58,"10094009323",4.71,"1",10094009323278
59,"10094009323",4.71,"1",10094009323278
60,"10094009323",9.43,"1",10094009323278
61,"10094009323",5.14,"1",10094009323278
62,"10094009323",6.0,"1",10094009323278
63,"10094009323",6.43,"1",10094009323278
64,"10094009323",6.0,"1",10094009323278
65,"10094009323",3.43,"1",10094009323278
66,"10094009323",2.57,"1",10094009323278
67,"10094009323",0.86,"1",10094009323278
68,"10094009323",1.71,"1",10094009323278
69,"10094009323",1.14,"1",10094009323278
70,"10094009323",2.0,"1",10094009323278
71,"10094009323",5.71,"1",10094009323278
72,"10094009323",8.57,"1",10094009323278
73,"10094009323",11.0,"1",10094009323278
74,"10094009323",16.29,"1",10094009323278
75,"10094009323",15.86,"1",10094009323278
76,"10094009323",22.71,"1",10094009323278
77,"10094009323",24.86,"1",10094009323278
78,"10094009323",32.14,"1",10094009323278
79,"10094009323",24.43,"1",10094009323278
80,"10094009323",30.86,"1",10094009323278
81,"10094009323",43.71,"1",10094009323278
81,"10094009323",43.71,"1",10094034160278
0,"10094034160",0.14,"1",10094034160278
0,"10094034160",0.14,"1b",10094034160279
1,"10094034160",1.0,"1b",10094034160279
2,"10094034160",1.57,"1b",10094034160279
2,"10094034160",1.57,"2",10094034160280
3,"10094034160",3.57,"2",10094034160280
4,"10094034160",1.71,"2",10094034160280
5,"10094034160",2.29,"2",10094034160280
6,"10094034160",1.71,"2",10094034160280
7,"10094034160",1.14,"2",10094034160280
8,"10094034160",1.71,"2",10094034160280
8,"10094034160",1.71,"1b",10094034160281
9,"10094034160",1.86,"1b",10094034160281
9,"10094034160",1.86,"2",10094034160282
10,"10094034160",2.71,"2",10094034160282
11,"10094034160",4.29,"2",10094034160282
12,"10094034160",2.71,"2",10094034160282
13,"10094034160",3.0,"2",10094034160282
14,"10094034160",1.57,"2",10094034160282
14,"10094034160",1.57,"1b",10094034160283
15,"10094034160",2.43,"1b",10094034160283
16,"10094034160",3.29,"1b",10094034160283
16,"10094034160",3.29,"1",10094034160284
17,"10094034160",2.86,"1",10094034160284
18,"10094034160",2.14,"1",10094034160284
19,"10094034160",0.29,"1",10094034160284
20,"10094034160",1.0,"1",10094034160284
21,"10094034160",0.71,"1",10094034160284
22,"10094034160",1.0,"1",10094034160284
23,"10094034160",2.43,"1",10094034160284
24,"10094034160",1.29,"1",10094034160284
25,"10094034160",1.0,"1",10094034160284
26,"10094034160",1.0,"1",10094034160284
27,"10094034160",1.0,"1",10094034160284
28,"10094034160",0.29,"1",10094034160284
29,"10094034160",0.29,"1",10094034160284
30,"10094034160",0.0,"1",10094034160284
31,"10094034160",0.14,"1",10094034160284
32,"10094034160",0.29,"1",10094034160284
33,"10094034160",0.71,"1",10094034160284
34,"10094034160",3.14,"1",10094034160284
35,"10094034160",2.0,"1",10094034160284
36,"10094034160",0.57,"1",10094034160284
37,"10094034160",0.86,"1",10094034160284
38,"10094034160",0.71,"1",10094034160284
39,"10094034160",0.57,"1",10094034160284
40,"10094034160",0.57,"1",10094034160284
41,"10094034160",3.14,"1",10094034160284
42,"10094034160",4.57,"1",10094034160284
43,"10094034160",4.14,"1",10094034160284
44,"10094034160",4.86,"1",10094034160284
45,"10094034160",5.71,"1",10094034160284
46,"10094034160",6.43,"1",10094034160284
47,"10094034160",13.14,"1",10094034160284
48,"10094034160",13.29,"1",10094034160284
49,"10094034160",18.86,"1",10094034160284
50,"10094034160",12.43,"1",10094034160284
51,"10094034160",15.0,"1",10094034160284
52,"10094034160",11.14,"1",10094034160284
53,"10094034160",11.57,"1",10094034160284
54,"10094034160",11.14,"1",10094034160284
55,"10094034160",7.71,"1",10094034160284
56,"10094034160",5.14,"1",10094034160284
57,"10094034160",3.43,"1",10094034160284
58,"10094034160",6.0,"1",10094034160284
59,"10094034160",4.29,"1",10094034160284
60,"10094034160",6.86,"1",10094034160284
61,"10094034160",9.0,"1",10094034160284
62,"10094034160",12.86,"1",10094034160284
63,"10094034160",9.0,"1",10094034160284
64,"10094034160",12.86,"1",10094034160284
65,"10094034160",14.57,"1",10094034160284
66,"10094034160",11.57,"1",10094034160284
67,"10094034160",15.86,"1",10094034160284
68,"10094034160",19.29,"1",10094034160284
69,"10094034160",48.43,"1",10094034160284
70,"10094034160",90.0,"1",10094034160284
71,"10094034160",137.57,"1",10094034160284
72,"10094034160",158.14,"1",10094034160284
73,"10094034160",208.29,"1",10094034160284
74,"10094034160",343.29,"1",10094034160284
74,"10094034160",343.29,"1b",10094034160285
75,"10094034160",243.0,"1b",10094034160285
75,"10094034160",243.0,"2",10094034160286
76,"10094034160",335.57,"2",10094034160286
76,"10094034160",335.57,"3",10094034160287
77,"10094034160",185.14,"3",10094034160287
78,"10094034160",138.86,"3",10094034160287
78,"10094034160",138.86,"4",10094034160288
79,"10094034160",88.71,"4",10094034160288
80,"10094034160",84.86,"4",10094034160288
80,"10094034160",84.86,"3",10094034160289
81,"10094034160",19.29,"3",10094034160289
81,"10094034160",19.29,"1",10094414447290
0,"10094414447",0.0,"1",10094414447290
1,"10094414447",0.29,"1",10094414447290
1,"10094414447",0.29,"1b",10094414447291
2,"10094414447",0.0,"1b",10094414447291
3,"10094414447",0.0,"1b",10094414447291
3,"10094414447",0.0,"1",10094414447292
4,"10094414447",1.43,"1",10094414447292
5,"10094414447",5.0,"1",10094414447292
5,"10094414447",5.0,"2",10094414447293
6,"10094414447",6.14,"2",10094414447293
6,"10094414447",6.14,"3",10094414447294
7,"10094414447",5.86,"3",10094414447294
8,"10094414447",10.29,"3",10094414447294
9,"10094414447",7.29,"3",10094414447294
9,"10094414447",7.29,"2",10094414447295
10,"10094414447",8.14,"2",10094414447295
11,"10094414447",8.57,"2",10094414447295
11,"10094414447",8.57,"3",10094414447296
12,"10094414447",8.57,"3",10094414447296
13,"10094414447",7.29,"3",10094414447296
14,"10094414447",9.0,"3",10094414447296
14,"10094414447",9.0,"2",10094414447297
15,"10094414447",2.14,"2",10094414447297
16,"10094414447",3.71,"2",10094414447297
16,"10094414447",3.71,"1b",10094414447298
17,"10094414447",3.29,"1b",10094414447298
18,"10094414447",3.43,"1b",10094414447298
18,"10094414447",3.43,"1",10094414447299
19,"10094414447",2.71,"1",10094414447299
20,"10094414447",2.29,"1",10094414447299
21,"10094414447",1.14,"1",10094414447299
22,"10094414447",2.29,"1",10094414447299
23,"10094414447",1.29,"1",10094414447299
24,"10094414447",1.71,"1",10094414447299
25,"10094414447",2.14,"1",10094414447299
26,"10094414447",1.57,"1",10094414447299
27,"10094414447",3.0,"1",10094414447299
28,"10094414447",7.14,"1",10094414447299
29,"10094414447",12.14,"1",10094414447299
30,"10094414447",11.14,"1",10094414447299
31,"10094414447",34.29,"1",10094414447299
32,"10094414447",91.29,"1",10094414447299
33,"10094414447",244.29,"1",10094414447299
34,"10094414447",520.71,"1",10094414447299
34,"10094414447",520.71,"1b",10094414447300
35,"10094414447",682.71,"1b",10094414447300
35,"10094414447",682.71,"2",10094414447301
36,"10094414447",1481.14,"2",10094414447301
36,"10094414447",1481.14,"3",10094414447302
37,"10094414447",1701.0,"3",10094414447302
37,"10094414447",1701.0,"4",10094414447303
38,"10094414447",1180.29,"4",10094414447303
39,"10094414447",833.14,"4",10094414447303
40,"10094414447",763.71,"4",10094414447303
41,"10094414447",347.14,"4",10094414447303
42,"10094414447",208.29,"4",10094414447303
42,"10094414447",208.29,"3",10094414447304
43,"10094414447",289.29,"3",10094414447304
43,"10094414447",289.29,"4",10094414447305
44,"10094414447",150.43,"4",10094414447305
45,"10094414447",127.29,"4",10094414447305
46,"10094414447",69.43,"4",10094414447305
46,"10094414447",69.43,"3",10094414447306
47,"10094414447",42.43,"3",10094414447306
48,"10094414447",10.29,"3",10094414447306
48,"10094414447",10.29,"2",10094414447307
49,"10094414447",25.71,"2",10094414447307
50,"10094414447",27.0,"2",10094414447307
50,"10094414447",27.0,"1b",10094414447308
51,"10094414447",21.86,"1b",10094414447308
52,"10094414447",33.43,"1b",10094414447308
52,"10094414447",33.43,"1",10094414447309
53,"10094414447",14.14,"1",10094414447309
54,"10094414447",6.43,"1",10094414447309
55,"10094414447",9.43,"1",10094414447309
56,"10094414447",11.14,"1",10094414447309
57,"10094414447",10.71,"1",10094414447309
58,"10094414447",10.71,"1",10094414447309
59,"10094414447",15.0,"1",10094414447309
60,"10094414447",11.14,"1",10094414447309
61,"10094414447",13.29,"1",10094414447309
62,"10094414447",14.57,"1",10094414447309
63,"10094414447",16.29,"1",10094414447309
64,"10094414447",15.86,"1",10094414447309
65,"10094414447",29.14,"1",10094414447309
66,"10094414447",27.0,"1",10094414447309
67,"10094414447",36.0,"1",10094414447309
68,"10094414447",54.0,"1",10094414447309
69,"10094414447",72.0,"1",10094414447309
70,"10094414447",123.43,"1",10094414447309
71,"10094414447",146.57,"1",10094414447309
72,"10094414447",254.57,"1",10094414447309
72,"10094414447",254.57,"1b",10094414447310
73,"10094414447",578.57,"1b",10094414447310
73,"10094414447",578.57,"2",10094414447311
74,"10094414447",405.0,"2",10094414447311
74,"10094414447",405.0,"3",10094414447312
75,"10094414447",243.0,"3",10094414447312
75,"10094414447",243.0,"4",10094414447313
76,"10094414447",81.0,"4",10094414447313
77,"10094414447",38.57,"4",10094414447313
77,"10094414447",38.57,"3",10094414447314
78,"10094414447",50.14,"3",10094414447314
79,"10094414447",43.71,"3",10094414447314
79,"10094414447",43.71,"2",10094414447315
80,"10094414447",27.0,"2",10094414447315
81,"10094414447",18.0,"2",10094414447315
81,"10094414447",18.0,"1",10094597231316
0,"10094597231",0.14,"1",10094597231316
1,"10094597231",1.29,"1",10094597231316
1,"10094597231",1.29,"1b",10094597231317
2,"10094597231",1.43,"1b",10094597231317
2,"10094597231",1.43,"2",10094597231318
3,"10094597231",2.14,"2",10094597231318
4,"10094597231",9.71,"2",10094597231318
4,"10094597231",9.71,"3",10094597231319
5,"10094597231",7.57,"3",10094597231319
6,"10094597231",6.86,"3",10094597231319
7,"10094597231",6.0,"3",10094597231319
8,"10094597231",2.57,"3",10094597231319
8,"10094597231",2.57,"2",10094597231320
9,"10094597231",5.14,"2",10094597231320
9,"10094597231",5.14,"3",10094597231321
10,"10094597231",3.86,"3",10094597231321
11,"10094597231",4.57,"3",10094597231321
11,"10094597231",4.57,"2",10094597231322
12,"10094597231",5.71,"2",10094597231322
13,"10094597231",4.57,"2",10094597231322
13,"10094597231",4.57,"3",10094597231323
14,"10094597231",3.29,"3",10094597231323
15,"10094597231",6.14,"3",10094597231323
15,"10094597231",6.14,"2",10094597231324
16,"10094597231",4.14,"2",10094597231324
17,"10094597231",6.14,"2",10094597231324
17,"10094597231",6.14,"1b",10094597231325
18,"10094597231",7.0,"1b",10094597231325
19,"10094597231",21.71,"1b",10094597231325
19,"10094597231",21.71,"1",10094597231326
20,"10094597231",38.14,"1",10094597231326
21,"10094597231",78.43,"1",10094597231326
21,"10094597231",78.43,"2",10094597231327
22,"10094597231",55.29,"2",10094597231327
22,"10094597231",55.29,"3",10094597231328
23,"10094597231",50.14,"3",10094597231328
23,"10094597231",50.14,"4",10094597231329
24,"10094597231",38.57,"4",10094597231329
25,"10094597231",42.43,"4",10094597231329
26,"10094597231",20.57,"4",10094597231329
26,"10094597231",20.57,"3",10094597231330
27,"10094597231",20.57,"3",10094597231330
27,"10094597231",20.57,"4",10094597231331
28,"10094597231",7.71,"4",10094597231331
29,"10094597231",10.71,"4",10094597231331
29,"10094597231",10.71,"3",10094597231332
30,"10094597231",6.86,"3",10094597231332
31,"10094597231",3.86,"3",10094597231332
31,"10094597231",3.86,"2",10094597231333
32,"10094597231",3.0,"2",10094597231333
33,"10094597231",4.0,"2",10094597231333
33,"10094597231",4.0,"1b",10094597231334
34,"10094597231",4.0,"1b",10094597231334
35,"10094597231",5.14,"1b",10094597231334
35,"10094597231",5.14,"1",10094597231335
36,"10094597231",8.86,"1",10094597231335
37,"10094597231",10.71,"1",10094597231335
38,"10094597231",13.71,"1",10094597231335
39,"10094597231",18.86,"1",10094597231335
40,"10094597231",25.29,"1",10094597231335
41,"10094597231",33.43,"1",10094597231335
42,"10094597231",87.43,"1",10094597231335
43,"10094597231",138.86,"1",10094597231335
44,"10094597231",216.0,"1",10094597231335
45,"10094597231",628.71,"1",10094597231335
45,"10094597231",628.71,"1b",10094597231336
46,"10094597231",613.29,"1b",10094597231336
46,"10094597231",613.29,"2",10094597231337
47,"10094597231",555.43,"2",10094597231337
47,"10094597231",555.43,"3",10094597231338
48,"10094597231",937.29,"3",10094597231338
48,"10094597231",937.29,"4",10094597231339
49,"10094597231",590.14,"4",10094597231339
50,"10094597231",243.0,"4",10094597231339
51,"10094597231",196.71,"4",10094597231339
51,"10094597231",196.71,"3",10094597231340
52,"10094597231",196.71,"3",10094597231340
52,"10094597231",196.71,"4",10094597231341
53,"10094597231",92.57,"4",10094597231341
54,"10094597231",57.86,"4",10094597231341
54,"10094597231",57.86,"3",10094597231342
55,"10094597231",34.71,"3",10094597231342
56,"10094597231",57.86,"3",10094597231342
56,"10094597231",57.86,"2",10094597231343
57,"10094597231",27.0,"2",10094597231343
58,"10094597231",25.71,"2",10094597231343
58,"10094597231",25.71,"1b",10094597231344
59,"10094597231",19.29,"1b",10094597231344
60,"10094597231",21.86,"1b",10094597231344
60,"10094597231",21.86,"1",10094597231345
61,"10094597231",28.29,"1",10094597231345
62,"10094597231",9.0,"1",10094597231345
63,"10094597231",10.29,"1",10094597231345
64,"10094597231",6.86,"1",10094597231345
65,"10094597231",6.86,"1",10094597231345
66,"10094597231",9.86,"1",10094597231345
67,"10094597231",14.57,"1",10094597231345
68,"10094597231",18.86,"1",10094597231345
69,"10094597231",17.57,"1",10094597231345
70,"10094597231",17.57,"1",10094597231345
71,"10094597231",31.71,"1",10094597231345
72,"10094597231",46.29,"1",10094597231345
73,"10094597231",66.86,"1",10094597231345
74,"10094597231",72.0,"1",10094597231345
75,"10094597231",150.43,"1",10094597231345
76,"10094597231",243.0,"1",10094597231345
77,"10094597231",632.57,"1",10094597231345
77,"10094597231",632.57,"1b",10094597231346
78,"10094597231",590.14,"1b",10094597231346
78,"10094597231",590.14,"3",10094597231347
79,"10094597231",555.43,"3",10094597231347
80,"10094597231",659.57,"3",10094597231347
80,"10094597231",659.57,"4",10094597231348
81,"10094597231",451.29,"4",10094597231348
81,"10094597231",451.29,"1",10094745426349
0,"10094745426",0.0,"1",10094745426349
1,"10094745426",0.14,"1",10094745426349
2,"10094745426",1.71,"1",10094745426349
2,"10094745426",1.71,"1b",10094745426350
3,"10094745426",3.0,"1b",10094745426350
3,"10094745426",3.0,"2",10094745426351
4,"10094745426",3.14,"2",10094745426351
5,"10094745426",4.57,"2",10094745426351
6,"10094745426",6.57,"2",10094745426351
6,"10094745426",6.57,"3",10094745426352
7,"10094745426",5.57,"3",10094745426352
8,"10094745426",5.0,"3",10094745426352
8,"10094745426",5.0,"2",10094745426353
9,"10094745426",4.57,"2",10094745426353
10,"10094745426",3.71,"2",10094745426353
11,"10094745426",3.43,"2",10094745426353
12,"10094745426",2.57,"2",10094745426353
13,"10094745426",4.57,"2",10094745426353
14,"10094745426",3.29,"2",10094745426353
14,"10094745426",3.29,"1b",10094745426354
15,"10094745426",4.14,"1b",10094745426354
16,"10094745426",3.43,"1b",10094745426354
16,"10094745426",3.43,"1",10094745426355
17,"10094745426",4.29,"1",10094745426355
18,"10094745426",10.0,"1",10094745426355
19,"10094745426",9.14,"1",10094745426355
20,"10094745426",13.29,"1",10094745426355
21,"10094745426",13.71,"1",10094745426355
22,"10094745426",13.71,"1",10094745426355
23,"10094745426",9.86,"1",10094745426355
24,"10094745426",8.14,"1",10094745426355
25,"10094745426",3.43,"1",10094745426355
26,"10094745426",4.71,"1",10094745426355
27,"10094745426",3.14,"1",10094745426355
28,"10094745426",1.71,"1",10094745426355
29,"10094745426",1.86,"1",10094745426355
30,"10094745426",0.86,"1",10094745426355
31,"10094745426",0.71,"1",10094745426355
32,"10094745426",0.71,"1",10094745426355
33,"10094745426",0.0,"1",10094745426355
34,"10094745426",0.86,"1",10094745426355
35,"10094745426",1.0,"1",10094745426355
36,"10094745426",2.29,"1",10094745426355
37,"10094745426",2.43,"1",10094745426355
38,"10094745426",3.29,"1",10094745426355
39,"10094745426",5.0,"1",10094745426355
40,"10094745426",3.29,"1",10094745426355
41,"10094745426",3.0,"1",10094745426355
42,"10094745426",2.86,"1",10094745426355
43,"10094745426",4.43,"1",10094745426355
44,"10094745426",2.71,"1",10094745426355
45,"10094745426",3.0,"1",10094745426355
46,"10094745426",1.29,"1",10094745426355
47,"10094745426",3.0,"1",10094745426355
48,"10094745426",4.29,"1",10094745426355
49,"10094745426",2.43,"1",10094745426355
50,"10094745426",1.14,"1",10094745426355
51,"10094745426",1.14,"1",10094745426355
52,"10094745426",2.71,"1",10094745426355
53,"10094745426",2.43,"1",10094745426355
54,"10094745426",2.14,"1",10094745426355
55,"10094745426",2.57,"1",10094745426355
56,"10094745426",1.29,"1",10094745426355
57,"10094745426",0.71,"1",10094745426355
58,"10094745426",1.14,"1",10094745426355
59,"10094745426",4.43,"1",10094745426355
60,"10094745426",6.14,"1",10094745426355
61,"10094745426",3.86,"1",10094745426355
62,"10094745426",2.43,"1",10094745426355
63,"10094745426",0.71,"1",10094745426355
64,"10094745426",1.71,"1",10094745426355
65,"10094745426",3.86,"1",10094745426355
66,"10094745426",2.14,"1",10094745426355
67,"10094745426",1.0,"1",10094745426355
68,"10094745426",0.57,"1",10094745426355
69,"10094745426",1.43,"1",10094745426355
70,"10094745426",1.57,"1",10094745426355
71,"10094745426",2.71,"1",10094745426355
72,"10094745426",2.14,"1",10094745426355
73,"10094745426",4.29,"1",10094745426355
74,"10094745426",5.14,"1",10094745426355
75,"10094745426",4.0,"1",10094745426355
76,"10094745426",1.57,"1",10094745426355
77,"10094745426",1.14,"1",10094745426355
78,"10094745426",0.57,"1",10094745426355
79,"10094745426",1.14,"1",10094745426355
80,"10094745426",2.71,"1",10094745426355
81,"10094745426",2.29,"1",10094745426355
81,"10094745426",2.29,"1",10095032688355
0,"10095032688",0.29,"1",10095032688355
1,"10095032688",1.71,"1",10095032688355
1,"10095032688",1.71,"1b",10095032688356
2,"10095032688",1.14,"1b",10095032688356
2,"10095032688",1.14,"2",10095032688357
3,"10095032688",2.0,"2",10095032688357
3,"10095032688",2.0,"1b",10095032688358
4,"10095032688",3.29,"1b",10095032688358
4,"10095032688",3.29,"2",10095032688359
5,"10095032688",6.71,"2",10095032688359
5,"10095032688",6.71,"3",10095032688360
6,"10095032688",4.14,"3",10095032688360
7,"10095032688",5.57,"3",10095032688360
7,"10095032688",5.57,"2",10095032688361
8,"10095032688",4.71,"2",10095032688361
8,"10095032688",4.71,"3",10095032688362
9,"10095032688",2.71,"3",10095032688362
10,"10095032688",2.86,"3",10095032688362
10,"10095032688",2.86,"2",10095032688363
11,"10095032688",3.86,"2",10095032688363
12,"10095032688",3.0,"2",10095032688363
13,"10095032688",1.43,"2",10095032688363
14,"10095032688",2.0,"2",10095032688363
14,"10095032688",2.0,"1b",10095032688364
15,"10095032688",5.29,"1b",10095032688364
16,"10095032688",4.43,"1b",10095032688364
16,"10095032688",4.43,"1",10095032688365
17,"10095032688",5.29,"1",10095032688365
18,"10095032688",7.0,"1",10095032688365
19,"10095032688",9.43,"1",10095032688365
20,"10095032688",17.14,"1",10095032688365
21,"10095032688",19.29,"1",10095032688365
22,"10095032688",10.29,"1",10095032688365
23,"10095032688",16.71,"1",10095032688365
24,"10095032688",41.57,"1",10095032688365
25,"10095032688",56.57,"1",10095032688365
25,"10095032688",56.57,"1b",10095032688366
26,"10095032688",47.57,"1b",10095032688366
26,"10095032688",47.57,"2",10095032688367
27,"10095032688",30.86,"2",10095032688367
27,"10095032688",30.86,"3",10095032688368
28,"10095032688",18.0,"3",10095032688368
29,"10095032688",19.29,"3",10095032688368
29,"10095032688",19.29,"2",10095032688369
30,"10095032688",19.29,"2",10095032688369
31,"10095032688",25.71,"2",10095032688369
31,"10095032688",25.71,"1b",10095032688370
32,"10095032688",25.71,"1b",10095032688370
33,"10095032688",14.14,"1b",10095032688370
33,"10095032688",14.14,"1",10095032688371
34,"10095032688",14.14,"1",10095032688371
35,"10095032688",8.57,"1",10095032688371
36,"10095032688",4.71,"1",10095032688371
37,"10095032688",3.86,"1",10095032688371
38,"10095032688",2.57,"1",10095032688371
39,"10095032688",2.86,"1",10095032688371
40,"10095032688",1.71,"1",10095032688371
41,"10095032688",2.14,"1",10095032688371
42,"10095032688",1.14,"1",10095032688371
43,"10095032688",2.86,"1",10095032688371
44,"10095032688",4.14,"1",10095032688371
45,"10095032688",3.14,"1",10095032688371
46,"10095032688",4.43,"1",10095032688371
47,"10095032688",5.14,"1",10095032688371
48,"10095032688",5.86,"1",10095032688371
49,"10095032688",9.0,"1",10095032688371
50,"10095032688",14.57,"1",10095032688371
51,"10095032688",12.43,"1",10095032688371
52,"10095032688",7.29,"1",10095032688371
53,"10095032688",5.14,"1",10095032688371
54,"10095032688",5.57,"1",10095032688371
55,"10095032688",15.0,"1",10095032688371
56,"10095032688",12.43,"1",10095032688371
57,"10095032688",18.86,"1",10095032688371
58,"10095032688",40.71,"1",10095032688371
59,"10095032688",65.57,"1",10095032688371
60,"10095032688",54.0,"1",10095032688371
61,"10095032688",111.86,"1",10095032688371
62,"10095032688",135.0,"1",10095032688371
63,"10095032688",100.29,"1",10095032688371
64,"10095032688",196.71,"1",10095032688371
65,"10095032688",185.14,"1",10095032688371
66,"10095032688",451.29,"1",10095032688371
66,"10095032688",451.29,"1b",10095032688372
67,"10095032688",486.0,"1b",10095032688372
67,"10095032688",486.0,"2",10095032688373
68,"10095032688",439.71,"2",10095032688373
68,"10095032688",439.71,"3",10095032688374
69,"10095032688",300.86,"3",10095032688374
69,"10095032688",300.86,"4",10095032688375
70,"10095032688",196.71,"4",10095032688375
71,"10095032688",173.57,"4",10095032688375
71,"10095032688",173.57,"3",10095032688376
72,"10095032688",185.14,"3",10095032688376
73,"10095032688",127.29,"3",10095032688376
74,"10095032688",138.86,"3",10095032688376
74,"10095032688",138.86,"2",10095032688377
75,"10095032688",81.0,"2",10095032688377
76,"10095032688",57.86,"2",10095032688377
76,"10095032688",57.86,"1b",10095032688378
77,"10095032688",30.86,"1b",10095032688378
78,"10095032688",12.86,"1b",10095032688378
78,"10095032688",12.86,"1",10095032688379
79,"10095032688",14.14,"1",10095032688379
80,"10095032688",12.43,"1",10095032688379
81,"10095032688",8.14,"1",100956144379
81,"10095032688",8.14,"1",10095032688379
0,"100956144",0.0,"1",100956144379
1,"100956144",0.57,"1",100956144379
1,"100956144",0.57,"1b",100956144380
2,"100956144",1.29,"1b",100956144380
2,"100956144",1.29,"2",100956144381
3,"100956144",2.86,"2",100956144381
4,"100956144",4.71,"2",100956144381
5,"100956144",7.43,"2",100956144381
5,"100956144",7.43,"3",100956144382
6,"100956144",4.71,"3",100956144382
7,"100956144",4.14,"3",100956144382
7,"100956144",4.14,"2",100956144383
8,"100956144",6.0,"2",100956144383
8,"100956144",6.0,"3",100956144384
9,"100956144",2.29,"3",100956144384
10,"100956144",2.71,"3",100956144384
10,"100956144",2.71,"2",100956144385
11,"100956144",1.71,"2",100956144385
12,"100956144",2.71,"2",100956144385
13,"100956144",1.86,"2",100956144385
14,"100956144",2.71,"2",100956144385
14,"100956144",2.71,"1b",100956144386
15,"100956144",3.29,"1b",100956144386
16,"100956144",2.29,"1b",100956144386
16,"100956144",2.29,"1",100956144387
17,"100956144",1.86,"1",100956144387
18,"100956144",3.71,"1",100956144387
19,"100956144",4.0,"1",100956144387
20,"100956144",3.86,"1",100956144387
21,"100956144",5.14,"1",100956144387
22,"100956144",7.57,"1",100956144387
23,"100956144",12.71,"1",100956144387
24,"100956144",9.0,"1",100956144387
25,"100956144",8.14,"1",100956144387
26,"100956144",11.14,"1",100956144387
27,"100956144",9.86,"1",100956144387
28,"100956144",7.29,"1",100956144387
29,"100956144",9.0,"1",100956144387
30,"100956144",6.43,"1",100956144387
31,"100956144",3.86,"1",100956144387
32,"100956144",5.57,"1",100956144387
33,"100956144",4.29,"1",100956144387
34,"100956144",4.0,"1",100956144387
35,"100956144",6.14,"1",100956144387
36,"100956144",8.71,"1",100956144387
37,"100956144",8.14,"1",100956144387
38,"100956144",12.0,"1",100956144387
39,"100956144",21.86,"1",100956144387
40,"100956144",32.14,"1",100956144387
41,"100956144",59.14,"1",100956144387
42,"100956144",55.29,"1",100956144387
43,"100956144",56.57,"1",100956144387
44,"100956144",69.43,"1",100956144387
45,"100956144",57.86,"1",100956144387
46,"100956144",92.57,"1",100956144387
47,"100956144",142.71,"1",100956144387
48,"100956144",165.86,"1",100956144387
49,"100956144",378.0,"1",100956144387
49,"100956144",378.0,"1b",100956144388
50,"100956144",358.71,"1b",100956144388
51,"100956144",370.29,"1b",100956144388
51,"100956144",370.29,"2",100956144389
52,"100956144",300.86,"2",100956144389
52,"100956144",300.86,"3",100956144390
53,"100956144",150.43,"3",100956144390
54,"100956144",57.86,"3",100956144390
54,"100956144",57.86,"2",100956144391
55,"100956144",61.71,"2",100956144391
56,"100956144",69.43,"2",100956144391
56,"100956144",69.43,"1b",100956144392
57,"100956144",146.57,"1b",100956144392
58,"100956144",150.43,"1b",100956144392
59,"100956144",200.57,"1b",100956144392
59,"100956144",200.57,"1",100956144393
60,"100956144",324.0,"1",100956144393
61,"100956144",219.86,"1",100956144393
61,"100956144",219.86,"1b",100956144394
62,"100956144",185.14,"1b",100956144394
62,"100956144",185.14,"2",100956144395
63,"100956144",150.43,"2",100956144395
64,"100956144",324.0,"2",100956144395
64,"100956144",324.0,"1b",100956144396
65,"100956144",416.57,"1b",100956144396
65,"100956144",416.57,"2",100956144397
66,"100956144",405.0,"2",100956144397
66,"100956144",405.0,"3",100956144398
67,"100956144",277.71,"3",100956144398
68,"100956144",335.57,"3",100956144398
68,"100956144",335.57,"4",100956144399
69,"100956144",173.57,"4",100956144399
70,"100956144",92.57,"4",100956144399
70,"100956144",92.57,"3",100956144400
71,"100956144",81.0,"3",100956144400
72,"100956144",54.0,"3",100956144400
72,"100956144",54.0,"2",100956144401
73,"100956144",42.43,"2",100956144401
74,"100956144",25.71,"2",100956144401
74,"100956144",25.71,"1b",100956144402
75,"100956144",15.43,"1b",100956144402
76,"100956144",12.86,"1b",100956144402
76,"100956144",12.86,"1",100956144403
77,"100956144",8.14,"1",100956144403
78,"100956144",8.57,"1",100956144403
79,"100956144",8.57,"1",100956144403
80,"100956144",5.57,"1",100956144403
81,"100956144",2.57,"1",100956144403
81,"100956144",2.57,"1",10096893727403
0,"10096893727",0.0,"1",10096893727403
1,"10096893727",0.14,"1",10096893727403
1,"10096893727",0.14,"1b",10096893727404
2,"10096893727",0.14,"1b",10096893727404
3,"10096893727",0.14,"1b",10096893727404
4,"10096893727",2.86,"1b",10096893727404
4,"10096893727",2.86,"2",10096893727405
5,"10096893727",6.43,"2",10096893727405
6,"10096893727",6.43,"2",10096893727405
6,"10096893727",6.43,"3",10096893727406
7,"10096893727",13.57,"3",10096893727406
8,"10096893727",22.29,"3",10096893727406
9,"10096893727",15.86,"3",10096893727406
10,"10096893727",29.57,"3",10096893727406
10,"10096893727",29.57,"4",10096893727407
11,"10096893727",14.14,"4",10096893727407
12,"10096893727",11.57,"4",10096893727407
12,"10096893727",11.57,"3",10096893727408
13,"10096893727",8.14,"3",10096893727408
14,"10096893727",4.71,"3",10096893727408
14,"10096893727",4.71,"2",10096893727409
15,"10096893727",5.57,"2",10096893727409
16,"10096893727",4.71,"2",10096893727409
16,"10096893727",4.71,"1b",10096893727410
17,"10096893727",3.57,"1b",10096893727410
18,"10096893727",3.71,"1b",10096893727410
18,"10096893727",3.71,"1",10096893727411
19,"10096893727",2.29,"1",10096893727411
20,"10096893727",1.14,"1",10096893727411
21,"10096893727",3.14,"1",10096893727411
22,"10096893727",3.14,"1",10096893727411
23,"10096893727",2.14,"1",10096893727411
24,"10096893727",2.0,"1",10096893727411
25,"10096893727",3.14,"1",10096893727411
26,"10096893727",3.57,"1",10096893727411
27,"10096893727",2.29,"1",10096893727411
28,"10096893727",2.29,"1",10096893727411
29,"10096893727",2.0,"1",10096893727411
30,"10096893727",0.57,"1",10096893727411
31,"10096893727",0.43,"1",10096893727411
32,"10096893727",3.57,"1",10096893727411
33,"10096893727",4.71,"1",10096893727411
34,"10096893727",2.0,"1",10096893727411
35,"10096893727",2.29,"1",10096893727411
36,"10096893727",2.86,"1",10096893727411
37,"10096893727",3.14,"1",10096893727411
38,"10096893727",3.14,"1",10096893727411
39,"10096893727",2.14,"1",10096893727411
40,"10096893727",5.29,"1",10096893727411
41,"10096893727",5.14,"1",10096893727411
42,"10096893727",3.86,"1",10096893727411
43,"10096893727",6.43,"1",10096893727411
44,"10096893727",5.57,"1",10096893727411
45,"10096893727",3.57,"1",10096893727411
46,"10096893727",3.43,"1",10096893727411
47,"10096893727",4.29,"1",10096893727411
48,"10096893727",7.57,"1",10096893727411
49,"10096893727",16.14,"1",10096893727411
50,"10096893727",9.43,"1",10096893727411
51,"10096893727",12.86,"1",10096893727411
52,"10096893727",9.86,"1",10096893727411
53,"10096893727",15.0,"1",10096893727411
54,"10096893727",16.71,"1",10096893727411
55,"10096893727",27.86,"1",10096893727411
56,"10096893727",24.43,"1",10096893727411
57,"10096893727",28.29,"1",10096893727411
58,"10096893727",57.86,"1",10096893727411
59,"10096893727",86.14,"1",10096893727411
60,"10096893727",108.0,"1",10096893727411
61,"10096893727",119.57,"1",10096893727411
62,"10096893727",304.71,"1",10096893727411
63,"10096893727",405.0,"1",10096893727411
64,"10096893727",590.14,"1",10096893727411
64,"10096893727",590.14,"1b",10096893727412
65,"10096893727",705.86,"1b",10096893727412
65,"10096893727",705.86,"3",10096893727413
66,"10096893727",347.14,"3",10096893727413
66,"10096893727",347.14,"4",10096893727414
67,"10096893727",381.86,"4",10096893727414
68,"10096893727",162.0,"4",10096893727414
69,"10096893727",69.43,"4",10096893727414
69,"10096893727",69.43,"3",10096893727415
70,"10096893727",73.29,"3",10096893727415
71,"10096893727",69.43,"3",10096893727415
71,"10096893727",69.43,"2",10096893727416
72,"10096893727",19.29,"2",10096893727416
73,"10096893727",41.14,"2",10096893727416
73,"10096893727",41.14,"1b",10096893727417
74,"10096893727",32.14,"1b",10096893727417
75,"10096893727",18.0,"1b",10096893727417
75,"10096893727",18.0,"1",10096893727418
76,"10096893727",7.71,"1",10096893727418
77,"10096893727",6.86,"1",10096893727418
78,"10096893727",6.0,"1",10096893727418
79,"10096893727",5.14,"1",10096893727418
80,"10096893727",3.86,"1",10096893727418
81,"10096893727",3.57,"1",10096893727418
81,"10096893727",3.57,"1",10096896350418
0,"10096896350",0.0,"1",10096896350418
1,"10096896350",0.14,"1",10096896350418
2,"10096896350",0.0,"1",10096896350418
2,"10096896350",0.0,"1b",10096896350419
3,"10096896350",0.29,"1b",10096896350419
4,"10096896350",1.71,"1b",10096896350419
4,"10096896350",1.71,"2",10096896350420
5,"10096896350",2.29,"2",10096896350420
6,"10096896350",1.14,"2",10096896350420
6,"10096896350",1.14,"1b",10096896350421
7,"10096896350",1.43,"1b",10096896350421
7,"10096896350",1.43,"2",10096896350422
8,"10096896350",2.57,"2",10096896350422
9,"10096896350",3.0,"2",10096896350422
10,"10096896350",3.14,"2",10096896350422
11,"10096896350",3.86,"2",10096896350422
12,"10096896350",6.14,"2",10096896350422
13,"10096896350",8.86,"2",10096896350422
13,"10096896350",8.86,"3",10096896350423
14,"10096896350",9.0,"3",10096896350423
15,"10096896350",7.29,"3",10096896350423
15,"10096896350",7.29,"2",10096896350424
16,"10096896350",8.14,"2",10096896350424
17,"10096896350",4.71,"2",10096896350424
17,"10096896350",4.71,"1b",10096896350425
18,"10096896350",5.14,"1b",10096896350425
19,"10096896350",6.0,"1b",10096896350425
19,"10096896350",6.0,"1",10096896350426
20,"10096896350",3.14,"1",10096896350426
21,"10096896350",3.29,"1",10096896350426
22,"10096896350",5.57,"1",10096896350426
23,"10096896350",7.43,"1",10096896350426
24,"10096896350",4.86,"1",10096896350426
25,"10096896350",6.86,"1",10096896350426
26,"10096896350",9.57,"1",10096896350426
27,"10096896350",22.71,"1",10096896350426
28,"10096896350",24.86,"1",10096896350426
29,"10096896350",34.71,"1",10096896350426
30,"10096896350",33.43,"1",10096896350426
31,"10096896350",57.86,"1",10096896350426
32,"10096896350",86.14,"1",10096896350426
33,"10096896350",169.71,"1",10096896350426
34,"10096896350",169.71,"1",10096896350426
35,"10096896350",474.43,"1",10096896350426
35,"10096896350",474.43,"1b",10096896350427
36,"10096896350",509.14,"1b",10096896350427
36,"10096896350",509.14,"2",10096896350428
37,"10096896350",648.0,"2",10096896350428
37,"10096896350",648.0,"3",10096896350429
38,"10096896350",763.71,"3",10096896350429
38,"10096896350",763.71,"4",10096896350430
39,"10096896350",312.43,"4",10096896350430
40,"10096896350",277.71,"4",10096896350430
41,"10096896350",243.0,"4",10096896350430
42,"10096896350",46.29,"4",10096896350430
42,"10096896350",46.29,"3",10096896350431
43,"10096896350",11.57,"3",10096896350431
44,"10096896350",7.71,"3",10096896350431
44,"10096896350",7.71,"2",10096896350432
45,"10096896350",5.57,"2",10096896350432
46,"10096896350",2.57,"2",10096896350432
46,"10096896350",2.57,"1b",10096896350433
47,"10096896350",4.43,"1b",10096896350433
48,"10096896350",5.57,"1b",10096896350433
48,"10096896350",5.57,"1",10096896350434
49,"10096896350",4.71,"1",10096896350434
50,"10096896350",8.57,"1",10096896350434
51,"10096896350",14.71,"1",10096896350434
52,"10096896350",21.0,"1",10096896350434
53,"10096896350",21.43,"1",10096896350434
54,"10096896350",27.0,"1",10096896350434
55,"10096896350",10.29,"1",10096896350434
56,"10096896350",11.57,"1",10096896350434
57,"10096896350",11.14,"1",10096896350434
58,"10096896350",6.0,"1",10096896350434
59,"10096896350",5.57,"1",10096896350434
60,"10096896350",2.14,"1",10096896350434
61,"10096896350",2.29,"1",10096896350434
62,"10096896350",1.71,"1",10096896350434
63,"10096896350",0.43,"1",10096896350434
64,"10096896350",1.43,"1",10096896350434
65,"10096896350",0.71,"1",10096896350434
66,"10096896350",3.29,"1",10096896350434
67,"10096896350",6.43,"1",10096896350434
68,"10096896350",5.29,"1",10096896350434
69,"10096896350",9.57,"1",10096896350434
70,"10096896350",8.14,"1",10096896350434
71,"10096896350",8.57,"1",10096896350434
72,"10096896350",9.43,"1",10096896350434
73,"10096896350",16.29,"1",10096896350434
74,"10096896350",14.14,"1",10096896350434
75,"10096896350",15.0,"1",10096896350434
76,"10096896350",15.43,"1",10096896350434
77,"10096896350",13.29,"1",10096896350434
78,"10096896350",15.43,"1",10096896350434
79,"10096896350",15.0,"1",10096896350434
80,"10096896350",8.14,"1",10096896350434
81,"10096896350",8.57,"1",10096896350434
81,"10096896350",8.57,"1",10096983142434
0,"10096983142",0.14,"1",10096983142434
1,"10096983142",1.29,"1",10096983142434
1,"10096983142",1.29,"1b",10096983142435
2,"10096983142",3.29,"1b",10096983142435
3,"10096983142",8.86,"1b",10096983142435
3,"10096983142",8.86,"3",10096983142436
4,"10096983142",17.71,"3",10096983142436
5,"10096983142",17.14,"3",10096983142436
6,"10096983142",9.86,"3",10096983142436
7,"10096983142",8.57,"3",10096983142436
8,"10096983142",6.43,"3",10096983142436
9,"10096983142",7.29,"3",10096983142436
10,"10096983142",7.71,"3",10096983142436
10,"10096983142",7.71,"2",10096983142437
11,"10096983142",11.14,"2",10096983142437
11,"10096983142",11.14,"3",10096983142438
12,"10096983142",12.0,"3",10096983142438
13,"10096983142",6.43,"3",10096983142438
14,"10096983142",5.14,"3",10096983142438
14,"10096983142",5.14,"2",10096983142439
15,"10096983142",3.0,"2",10096983142439
16,"10096983142",3.29,"2",10096983142439
16,"10096983142",3.29,"1b",10096983142440
17,"10096983142",1.43,"1b",10096983142440
18,"10096983142",1.86,"1b",10096983142440
18,"10096983142",1.86,"1",10096983142441
19,"10096983142",2.43,"1",10096983142441
20,"10096983142",3.29,"1",10096983142441
21,"10096983142",3.43,"1",10096983142441
22,"10096983142",5.57,"1",10096983142441
23,"10096983142",6.43,"1",10096983142441
24,"10096983142",7.86,"1",10096983142441
25,"10096983142",14.14,"1",10096983142441
26,"10096983142",15.0,"1",10096983142441
27,"10096983142",18.86,"1",10096983142441
28,"10096983142",31.29,"1",10096983142441
29,"10096983142",39.86,"1",10096983142441
30,"10096983142",65.57,"1",10096983142441
31,"10096983142",66.86,"1",10096983142441
32,"10096983142",111.86,"1",10096983142441
33,"10096983142",192.86,"1",10096983142441
34,"10096983142",347.14,"1",10096983142441
34,"10096983142",347.14,"1b",10096983142442
35,"10096983142",520.71,"1b",10096983142442
35,"10096983142",520.71,"2",10096983142443
36,"10096983142",324.0,"2",10096983142443
36,"10096983142",324.0,"3",10096983142444
37,"10096983142",300.86,"3",10096983142444
37,"10096983142",300.86,"4",10096983142445
38,"10096983142",219.86,"4",10096983142445
39,"10096983142",162.0,"4",10096983142445
40,"10096983142",92.57,"4",10096983142445
40,"10096983142",92.57,"3",10096983142446
41,"10096983142",119.57,"3",10096983142446
41,"10096983142",119.57,"4",10096983142447
42,"10096983142",46.29,"4",10096983142447
43,"10096983142",42.43,"4",10096983142447
43,"10096983142",42.43,"3",10096983142448
44,"10096983142",24.43,"3",10096983142448
45,"10096983142",18.0,"3",10096983142448
45,"10096983142",18.0,"2",10096983142449
46,"10096983142",3.86,"2",10096983142449
47,"10096983142",4.71,"2",10096983142449
47,"10096983142",4.71,"1b",10096983142450
48,"10096983142",2.86,"1b",10096983142450
49,"10096983142",2.43,"1b",10096983142450
49,"10096983142",2.43,"1",10096983142451
50,"10096983142",2.71,"1",10096983142451
51,"10096983142",1.71,"1",10096983142451
52,"10096983142",1.57,"1",10096983142451
53,"10096983142",2.29,"1",10096983142451
54,"10096983142",4.29,"1",10096983142451
55,"10096983142",3.0,"1",10096983142451
56,"10096983142",3.29,"1",10096983142451
57,"10096983142",3.86,"1",10096983142451
58,"10096983142",3.29,"1",10096983142451
59,"10096983142",2.71,"1",10096983142451
60,"10096983142",3.86,"1",10096983142451
61,"10096983142",3.43,"1",10096983142451
62,"10096983142",8.14,"1",10096983142451
63,"10096983142",11.29,"1",10096983142451
64,"10096983142",12.86,"1",10096983142451
65,"10096983142",18.0,"1",10096983142451
66,"10096983142",19.71,"1",10096983142451
67,"10096983142",37.71,"1",10096983142451
68,"10096983142",46.29,"1",10096983142451
69,"10096983142",68.14,"1",10096983142451
70,"10096983142",136.29,"1",10096983142451
71,"10096983142",173.57,"1",10096983142451
72,"10096983142",185.14,"1",10096983142451
73,"10096983142",243.0,"1",10096983142451
73,"10096983142",243.0,"1b",10096983142452
74,"10096983142",243.0,"1b",10096983142452
74,"10096983142",243.0,"2",10096983142453
75,"10096983142",196.71,"2",10096983142453
75,"10096983142",196.71,"3",10096983142454
76,"10096983142",92.57,"3",10096983142454
77,"10096983142",65.57,"3",10096983142454
78,"10096983142",46.29,"3",10096983142454
78,"10096983142",46.29,"2",10096983142455
79,"10096983142",18.0,"2",10096983142455
80,"10096983142",12.86,"2",10096983142455
80,"10096983142",12.86,"1b",10096983142456
81,"10096983142",15.43,"1b",10096983142456
81,"10096983142",15.43,"1",10099147318457
0,"10099147318",0.0,"1",10099147318457
1,"10099147318",0.43,"1",10099147318457
2,"10099147318",3.57,"1",10099147318457
2,"10099147318",3.57,"2",10099147318458
3,"10099147318",4.0,"2",10099147318458
4,"10099147318",6.29,"2",10099147318458
4,"10099147318",6.29,"3",10099147318459
5,"10099147318",8.86,"3",10099147318459
6,"10099147318",12.86,"3",10099147318459
7,"10099147318",17.14,"3",10099147318459
7,"10099147318",17.14,"2",10099147318460
8,"10099147318",23.57,"2",10099147318460
8,"10099147318",23.57,"3",10099147318461
9,"10099147318",28.29,"3",10099147318461
10,"10099147318",39.86,"3",10099147318461
10,"10099147318",39.86,"4",10099147318462
11,"10099147318",24.43,"4",10099147318462
12,"10099147318",19.29,"4",10099147318462
12,"10099147318",19.29,"3",10099147318463
13,"10099147318",9.0,"3",10099147318463
14,"10099147318",13.71,"3",10099147318463
14,"10099147318",13.71,"2",10099147318464
15,"10099147318",12.0,"2",10099147318464
16,"10099147318",6.43,"2",10099147318464
16,"10099147318",6.43,"1b",10099147318465
17,"10099147318",3.86,"1b",10099147318465
18,"10099147318",4.14,"1b",10099147318465
18,"10099147318",4.14,"1",10099147318466
19,"10099147318",5.57,"1",10099147318466
20,"10099147318",14.43,"1",10099147318466
21,"10099147318",21.43,"1",10099147318466
22,"10099147318",33.0,"1",10099147318466
23,"10099147318",77.14,"1",10099147318466
23,"10099147318",77.14,"1b",10099147318467
24,"10099147318",91.29,"1b",10099147318467
25,"10099147318",200.57,"1b",10099147318467
25,"10099147318",200.57,"2",10099147318468
26,"10099147318",304.71,"2",10099147318468
26,"10099147318",304.71,"4",10099147318469
27,"10099147318",231.43,"4",10099147318469
28,"10099147318",115.71,"4",10099147318469
29,"10099147318",208.29,"4",10099147318469
30,"10099147318",138.86,"4",10099147318469
30,"10099147318",138.86,"3",10099147318470
31,"10099147318",196.71,"3",10099147318470
32,"10099147318",115.71,"3",10099147318470
33,"10099147318",69.43,"3",10099147318470
33,"10099147318",69.43,"2",10099147318471
34,"10099147318",57.86,"2",10099147318471
35,"10099147318",65.57,"2",10099147318471
35,"10099147318",65.57,"1b",10099147318472
36,"10099147318",34.71,"1b",10099147318472
37,"10099147318",84.86,"1b",10099147318472
37,"10099147318",84.86,"1",10099147318473
38,"10099147318",150.43,"1",10099147318473
39,"10099147318",270.0,"1",10099147318473
40,"10099147318",983.57,"1",10099147318473
40,"10099147318",983.57,"2",10099147318474
41,"10099147318",1596.86,"2",10099147318474
41,"10099147318",1596.86,"4",10099147318475
42,"10099147318",1284.43,"4",10099147318475
43,"10099147318",555.43,"4",10099147318475
44,"10099147318",451.29,"4",10099147318475
45,"10099147318",185.14,"4",10099147318475
46,"10099147318",231.43,"4",10099147318475
47,"10099147318",127.29,"4",10099147318475
47,"10099147318",127.29,"3",10099147318476
48,"10099147318",57.86,"3",10099147318476
49,"10099147318",100.29,"3",10099147318476
49,"10099147318",100.29,"2",10099147318477
50,"10099147318",104.14,"2",10099147318477
51,"10099147318",57.86,"2",10099147318477
51,"10099147318",57.86,"1b",10099147318478
52,"10099147318",30.86,"1b",10099147318478
53,"10099147318",24.43,"1b",10099147318478
53,"10099147318",24.43,"1",10099147318479
54,"10099147318",21.86,"1",10099147318479
55,"10099147318",12.86,"1",10099147318479
56,"10099147318",5.14,"1",10099147318479
57,"10099147318",11.57,"1",10099147318479
58,"10099147318",9.86,"1",10099147318479
59,"10099147318",6.43,"1",10099147318479
60,"10099147318",4.71,"1",10099147318479
61,"10099147318",2.14,"1",10099147318479
62,"10099147318",3.14,"1",10099147318479
63,"10099147318",3.57,"1",10099147318479
64,"10099147318",7.0,"1",10099147318479
65,"10099147318",13.14,"1",10099147318479
66,"10099147318",28.29,"1",10099147318479
67,"10099147318",48.43,"1",10099147318479
68,"10099147318",43.71,"1",10099147318479
69,"10099147318",54.0,"1",10099147318479
70,"10099147318",68.14,"1",10099147318479
71,"10099147318",57.86,"1",10099147318479
72,"10099147318",73.29,"1",10099147318479
73,"10099147318",46.29,"1",10099147318479
74,"10099147318",142.71,"1",10099147318479
75,"10099147318",131.14,"1",10099147318479
76,"10099147318",189.0,"1",10099147318479
77,"10099147318",324.0,"1",10099147318479
77,"10099147318",324.0,"1b",10099147318480
78,"10099147318",393.43,"1b",10099147318480
79,"10099147318",948.86,"1b",10099147318480
79,"10099147318",948.86,"2",10099147318481
80,"10099147318",1423.29,"2",10099147318481
80,"10099147318",1423.29,"4",10099147318482
81,"10099147318",1458.0,"4",10099147318482
81,"10099147318",1458.0,"1",10099260891483
0,"10099260891",0.0,"1",10099260891483
1,"10099260891",2.43,"1",10099260891483
1,"10099260891",2.43,"2",10099260891484
2,"10099260891",4.29,"2",10099260891484
3,"10099260891",10.43,"2",10099260891484
3,"10099260891",10.43,"3",10099260891485
4,"10099260891",20.57,"3",10099260891485
5,"10099260891",14.14,"3",10099260891485
6,"10099260891",10.29,"3",10099260891485
6,"10099260891",10.29,"2",10099260891486
7,"10099260891",18.86,"2",10099260891486
7,"10099260891",18.86,"3",10099260891487
8,"10099260891",14.14,"3",10099260891487
9,"10099260891",9.86,"3",10099260891487
10,"10099260891",14.14,"3",10099260891487
11,"10099260891",14.57,"3",10099260891487
12,"10099260891",7.29,"3",10099260891487
13,"10099260891",7.29,"3",10099260891487
14,"10099260891",6.86,"3",10099260891487
14,"10099260891",6.86,"2",10099260891488
15,"10099260891",5.14,"2",10099260891488
16,"10099260891",9.86,"2",10099260891488
16,"10099260891",9.86,"1b",10099260891489
17,"10099260891",6.43,"1b",10099260891489
18,"10099260891",2.14,"1b",10099260891489
18,"10099260891",2.14,"1",10099260891490
19,"10099260891",1.43,"1",10099260891490
20,"10099260891",2.71,"1",10099260891490
21,"10099260891",1.86,"1",10099260891490
22,"10099260891",3.14,"1",10099260891490
23,"10099260891",7.29,"1",10099260891490
24,"10099260891",9.29,"1",10099260891490
25,"10099260891",16.29,"1",10099260891490
26,"10099260891",21.0,"1",10099260891490
27,"10099260891",36.43,"1",10099260891490
27,"10099260891",36.43,"1b",10099260891491
28,"10099260891",36.0,"1b",10099260891491
28,"10099260891",36.0,"2",10099260891492
29,"10099260891",15.43,"2",10099260891492
30,"10099260891",12.86,"2",10099260891492
30,"10099260891",12.86,"1b",10099260891493
31,"10099260891",12.86,"1b",10099260891493
32,"10099260891",9.86,"1b",10099260891493
32,"10099260891",9.86,"1",10099260891494
33,"10099260891",8.14,"1",10099260891494
34,"10099260891",13.71,"1",10099260891494
35,"10099260891",12.86,"1",10099260891494
36,"10099260891",9.86,"1",10099260891494
37,"10099260891",6.86,"1",10099260891494
38,"10099260891",15.86,"1",10099260891494
39,"10099260891",18.43,"1",10099260891494
40,"10099260891",20.57,"1",10099260891494
41,"10099260891",31.29,"1",10099260891494
42,"10099260891",30.86,"1",10099260891494
43,"10099260891",59.14,"1",10099260891494
44,"10099260891",61.71,"1",10099260891494
45,"10099260891",74.57,"1",10099260891494
46,"10099260891",158.14,"1",10099260891494
47,"10099260891",77.14,"1",10099260891494
48,"10099260891",123.43,"1",10099260891494
49,"10099260891",185.14,"1",10099260891494
50,"10099260891",146.57,"1",10099260891494
51,"10099260891",173.57,"1",10099260891494
52,"10099260891",574.71,"1",10099260891494
52,"10099260891",574.71,"1b",10099260891495
53,"10099260891",520.71,"1b",10099260891495
53,"10099260891",520.71,"2",10099260891496
54,"10099260891",798.43,"2",10099260891496
54,"10099260891",798.43,"3",10099260891497
55,"10099260891",312.43,"3",10099260891497
55,"10099260891",312.43,"4",10099260891498
56,"10099260891",173.57,"4",10099260891498
57,"10099260891",69.43,"4",10099260891498
58,"10099260891",100.29,"4",10099260891498
59,"10099260891",65.57,"4",10099260891498
59,"10099260891",65.57,"3",10099260891499
60,"10099260891",11.57,"3",10099260891499
61,"10099260891",6.43,"3",10099260891499
61,"10099260891",6.43,"2",10099260891500
62,"10099260891",11.57,"2",10099260891500
63,"10099260891",6.86,"2",10099260891500
63,"10099260891",6.86,"1b",10099260891501
64,"10099260891",4.29,"1b",10099260891501
65,"10099260891",4.29,"1b",10099260891501
65,"10099260891",4.29,"1",10099260891502
66,"10099260891",5.14,"1",10099260891502
67,"10099260891",2.86,"1",10099260891502
68,"10099260891",2.14,"1",10099260891502
69,"10099260891",1.29,"1",10099260891502
70,"10099260891",1.43,"1",10099260891502
71,"10099260891",1.0,"1",10099260891502
72,"10099260891",1.29,"1",10099260891502
73,"10099260891",0.29,"1",10099260891502
74,"10099260891",0.57,"1",10099260891502
75,"10099260891",0.14,"1",10099260891502
76,"10099260891",1.0,"1",10099260891502
77,"10099260891",2.57,"1",10099260891502
78,"10099260891",0.71,"1",10099260891502
79,"10099260891",1.29,"1",10099260891502
80,"10099260891",2.43,"1",10099260891502
81,"10099260891",5.14,"1",10099260891502
81,"10099260891",5.14,"1",10099728317502
0,"10099728317",0.86,"1",10099728317502
1,"10099728317",2.57,"1",10099728317502
1,"10099728317",2.57,"1b",10099728317503
2,"10099728317",6.86,"1b",10099728317503
2,"10099728317",6.86,"3",10099728317504
3,"10099728317",5.0,"3",10099728317504
4,"10099728317",3.57,"3",10099728317504
4,"10099728317",3.57,"2",10099728317505
5,"10099728317",6.29,"2",10099728317505
5,"10099728317",6.29,"3",10099728317506
6,"10099728317",6.43,"3",10099728317506
7,"10099728317",8.86,"3",10099728317506
8,"10099728317",9.43,"3",10099728317506
9,"10099728317",3.0,"3",10099728317506
9,"10099728317",3.0,"2",10099728317507
10,"10099728317",3.0,"2",10099728317507
11,"10099728317",3.57,"2",10099728317507
11,"10099728317",3.57,"3",10099728317508
12,"10099728317",2.57,"3",10099728317508
13,"10099728317",2.14,"3",10099728317508
13,"10099728317",2.14,"2",10099728317509
14,"10099728317",2.57,"2",10099728317509
15,"10099728317",1.86,"2",10099728317509
15,"10099728317",1.86,"1b",10099728317510
16,"10099728317",1.71,"1b",10099728317510
17,"10099728317",2.57,"1b",10099728317510
17,"10099728317",2.57,"1",10099728317511
18,"10099728317",6.29,"1",10099728317511
19,"10099728317",11.29,"1",10099728317511
20,"10099728317",24.43,"1",10099728317511
21,"10099728317",24.0,"1",10099728317511
22,"10099728317",36.0,"1",10099728317511
23,"10099728317",56.57,"1",10099728317511
24,"10099728317",108.0,"1",10099728317511
24,"10099728317",108.0,"3",10099728317512
25,"10099728317",92.57,"3",10099728317512
25,"10099728317",92.57,"4",10099728317513
26,"10099728317",38.57,"4",10099728317513
27,"10099728317",19.29,"4",10099728317513
28,"10099728317",25.71,"4",10099728317513
29,"10099728317",9.0,"4",10099728317513
29,"10099728317",9.0,"3",10099728317514
30,"10099728317",5.57,"3",10099728317514
31,"10099728317",3.43,"3",10099728317514
31,"10099728317",3.43,"2",10099728317515
32,"10099728317",3.29,"2",10099728317515
33,"10099728317",2.43,"2",10099728317515
33,"10099728317",2.43,"1b",10099728317516
34,"10099728317",2.71,"1b",10099728317516
35,"10099728317",1.14,"1b",10099728317516
35,"10099728317",1.14,"1",10099728317517
36,"10099728317",1.71,"1",10099728317517
37,"10099728317",1.71,"1",10099728317517
38,"10099728317",2.71,"1",10099728317517
39,"10099728317",3.86,"1",10099728317517
40,"10099728317",2.57,"1",10099728317517
41,"10099728317",3.86,"1",10099728317517
42,"10099728317",8.14,"1",10099728317517
43,"10099728317",11.29,"1",10099728317517
44,"10099728317",10.71,"1",10099728317517
45,"10099728317",15.0,"1",10099728317517
46,"10099728317",25.71,"1",10099728317517
47,"10099728317",72.0,"1",10099728317517
48,"10099728317",149.14,"1",10099728317517
49,"10099728317",204.43,"1",10099728317517
50,"10099728317",343.29,"1",10099728317517
50,"10099728317",343.29,"1b",10099728317518
51,"10099728317",705.86,"1b",10099728317518
51,"10099728317",705.86,"2",10099728317519
52,"10099728317",844.71,"2",10099728317519
52,"10099728317",844.71,"4",10099728317520
53,"10099728317",451.29,"4",10099728317520
54,"10099728317",347.14,"4",10099728317520
55,"10099728317",127.29,"4",10099728317520
55,"10099728317",127.29,"3",10099728317521
56,"10099728317",138.86,"3",10099728317521
56,"10099728317",138.86,"4",10099728317522
57,"10099728317",61.71,"4",10099728317522
58,"10099728317",77.14,"4",10099728317522
58,"10099728317",77.14,"3",10099728317523
59,"10099728317",38.57,"3",10099728317523
60,"10099728317",18.0,"3",10099728317523
60,"10099728317",18.0,"2",10099728317524
61,"10099728317",18.0,"2",10099728317524
62,"10099728317",11.57,"2",10099728317524
62,"10099728317",11.57,"1b",10099728317525
63,"10099728317",13.29,"1b",10099728317525
64,"10099728317",9.0,"1b",10099728317525
64,"10099728317",9.0,"1",10099728317526
65,"10099728317",10.71,"1",10099728317526
66,"10099728317",13.71,"1",10099728317526
67,"10099728317",21.43,"1",10099728317526
68,"10099728317",21.86,"1",10099728317526
69,"10099728317",59.14,"1",10099728317526
70,"10099728317",88.71,"1",10099728317526
71,"10099728317",165.86,"1",10099728317526
72,"10099728317",231.43,"1",10099728317526
72,"10099728317",231.43,"1b",10099728317527
73,"10099728317",227.57,"1b",10099728317527
73,"10099728317",227.57,"2",10099728317528
74,"10099728317",324.0,"2",10099728317528
74,"10099728317",324.0,"3",10099728317529
75,"10099728317",231.43,"3",10099728317529
75,"10099728317",231.43,"4",10099728317530
76,"10099728317",266.14,"4",10099728317530
77,"10099728317",138.86,"4",10099728317530
78,"10099728317",92.57,"4",10099728317530
78,"10099728317",92.57,"3",10099728317531
79,"10099728317",61.71,"3",10099728317531
80,"10099728317",34.71,"3",10099728317531
80,"10099728317",34.71,"2",10099728317532
81,"10099728317",30.86,"2",10099728317532
81,"10099728317",30.86,"1",14411252878533
0,"14411252878",0.0,"1",14411252878533
1,"14411252878",0.57,"1",14411252878533
2,"14411252878",3.29,"1",14411252878533
2,"14411252878",3.29,"2",14411252878534
3,"14411252878",8.14,"2",14411252878534
4,"14411252878",10.86,"2",14411252878534
4,"14411252878",10.86,"3",14411252878535
5,"14411252878",11.57,"3",14411252878535
6,"14411252878",5.57,"3",14411252878535
7,"14411252878",4.71,"3",14411252878535
8,"14411252878",5.14,"3",14411252878535
8,"14411252878",5.14,"2",14411252878536
9,"14411252878",3.0,"2",14411252878536
10,"14411252878",4.29,"2",14411252878536
11,"14411252878",4.14,"2",14411252878536
12,"14411252878",3.86,"2",14411252878536
13,"14411252878",3.29,"2",14411252878536
14,"14411252878",3.86,"2",14411252878536
14,"14411252878",3.86,"1b",14411252878537
15,"14411252878",5.29,"1b",14411252878537
16,"14411252878",4.71,"1b",14411252878537
16,"14411252878",4.71,"1",14411252878538
17,"14411252878",4.57,"1",14411252878538
18,"14411252878",15.43,"1",14411252878538
19,"14411252878",20.57,"1",14411252878538
20,"14411252878",24.43,"1",14411252878538
21,"14411252878",48.86,"1",14411252878538
22,"14411252878",83.57,"1",14411252878538
22,"14411252878",83.57,"1b",14411252878539
23,"14411252878",150.43,"1b",14411252878539
23,"14411252878",150.43,"2",14411252878540
24,"14411252878",208.29,"2",14411252878540
24,"14411252878",208.29,"3",14411252878541
25,"14411252878",150.43,"3",14411252878541
25,"14411252878",150.43,"4",14411252878542
26,"14411252878",127.29,"4",14411252878542
27,"14411252878",54.0,"4",14411252878542
28,"14411252878",96.43,"4",14411252878542
29,"14411252878",30.86,"4",14411252878542
29,"14411252878",30.86,"3",14411252878543
30,"14411252878",27.0,"3",14411252878543
31,"14411252878",20.57,"3",14411252878543
31,"14411252878",20.57,"2",14411252878544
32,"14411252878",9.0,"2",14411252878544
33,"14411252878",4.71,"2",14411252878544
33,"14411252878",4.71,"1b",14411252878545
34,"14411252878",3.43,"1b",14411252878545
35,"14411252878",4.0,"1b",14411252878545
35,"14411252878",4.0,"1",14411252878546
36,"14411252878",3.86,"1",14411252878546
37,"14411252878",2.43,"1",14411252878546
38,"14411252878",3.86,"1",14411252878546
39,"14411252878",6.86,"1",14411252878546
40,"14411252878",15.14,"1",14411252878546
41,"14411252878",26.57,"1",14411252878546
42,"14411252878",56.14,"1",14411252878546
43,"14411252878",63.0,"1",14411252878546
44,"14411252878",127.29,"1",14411252878546
45,"14411252878",127.29,"1",14411252878546
46,"14411252878",177.43,"1",14411252878546
47,"14411252878",258.43,"1",14411252878546
48,"14411252878",509.14,"1",14411252878546
48,"14411252878",509.14,"1b",14411252878547
49,"14411252878",486.0,"1b",14411252878547
49,"14411252878",486.0,"2",14411252878548
50,"14411252878",705.86,"2",14411252878548
50,"14411252878",705.86,"3",14411252878549
51,"14411252878",486.0,"3",14411252878549
51,"14411252878",486.0,"4",14411252878550
52,"14411252878",208.29,"4",14411252878550
53,"14411252878",115.71,"4",14411252878550
53,"14411252878",115.71,"3",14411252878551
54,"14411252878",127.29,"3",14411252878551
54,"14411252878",127.29,"4",14411252878552
55,"14411252878",50.14,"4",14411252878552
56,"14411252878",34.71,"4",14411252878552
56,"14411252878",34.71,"3",14411252878553
57,"14411252878",29.57,"3",14411252878553
58,"14411252878",36.0,"3",14411252878553
58,"14411252878",36.0,"2",14411252878554
59,"14411252878",18.0,"2",14411252878554
60,"14411252878",7.71,"2",14411252878554
60,"14411252878",7.71,"1b",14411252878555
61,"14411252878",15.43,"1b",14411252878555
62,"14411252878",13.29,"1b",14411252878555
62,"14411252878",13.29,"1",14411252878556
63,"14411252878",14.57,"1",14411252878556
64,"14411252878",15.43,"1",14411252878556
65,"14411252878",21.43,"1",14411252878556
66,"14411252878",23.57,"1",14411252878556
67,"14411252878",34.71,"1",14411252878556
68,"14411252878",16.71,"1",14411252878556
69,"14411252878",15.43,"1",14411252878556
70,"14411252878",5.14,"1",14411252878556
71,"14411252878",6.0,"1",14411252878556
72,"14411252878",3.86,"1",14411252878556
73,"14411252878",6.43,"1",14411252878556
74,"14411252878",5.57,"1",14411252878556
75,"14411252878",9.43,"1",14411252878556
76,"14411252878",9.0,"1",14411252878556
77,"14411252878",13.29,"1",14411252878556
78,"14411252878",13.29,"1",14411252878556
79,"14411252878",18.86,"1",14411252878556
80,"14411252878",13.29,"1",14411252878556
81,"14411252878",36.43,"1",14411252878556
81,"14411252878",36.43,"1",14411961699556
0,"14411961699",0.0,"1",14411961699556
1,"14411961699",0.0,"1",14411961699556
2,"14411961699",0.0,"1",14411961699556
3,"14411961699",0.43,"1",14411961699556
4,"14411961699",0.14,"1",14411961699556
5,"14411961699",0.86,"1",14411961699556
5,"14411961699",0.86,"1b",14411961699557
6,"14411961699",2.14,"1b",14411961699557
6,"14411961699",2.14,"2",14411961699558
7,"14411961699",2.29,"2",14411961699558
8,"14411961699",2.86,"2",14411961699558
9,"14411961699",1.71,"2",14411961699558
9,"14411961699",1.71,"1b",14411961699559
10,"14411961699",2.57,"1b",14411961699559
10,"14411961699",2.57,"2",14411961699560
11,"14411961699",2.57,"2",14411961699560
12,"14411961699",3.0,"2",14411961699560
13,"14411961699",3.57,"2",14411961699560
14,"14411961699",3.29,"2",14411961699560
14,"14411961699",3.29,"1b",14411961699561
15,"14411961699",4.0,"1b",14411961699561
16,"14411961699",2.14,"1b",14411961699561
16,"14411961699",2.14,"1",14411961699562
17,"14411961699",1.86,"1",14411961699562
18,"14411961699",1.71,"1",14411961699562
19,"14411961699",1.14,"1",14411961699562
20,"14411961699",0.43,"1",14411961699562
21,"14411961699",3.29,"1",14411961699562
22,"14411961699",5.0,"1",14411961699562
23,"14411961699",6.57,"1",14411961699562
24,"14411961699",6.29,"1",14411961699562
25,"14411961699",7.29,"1",14411961699562
26,"14411961699",18.43,"1",14411961699562
27,"14411961699",26.57,"1",14411961699562
28,"14411961699",39.0,"1",14411961699562
29,"14411961699",97.71,"1",14411961699562
29,"14411961699",97.71,"1b",14411961699563
30,"14411961699",104.14,"1b",14411961699563
31,"14411961699",69.43,"1b",14411961699563
31,"14411961699",69.43,"1",14411961699564
32,"14411961699",65.57,"1",14411961699564
33,"14411961699",123.43,"1",14411961699564
34,"14411961699",216.0,"1",14411961699564
35,"14411961699",385.71,"1",14411961699564
36,"14411961699",590.14,"1",14411961699564
37,"14411961699",1515.86,"1",14411961699564
37,"14411961699",1515.86,"3",14411961699565
38,"14411961699",1874.57,"3",14411961699565
38,"14411961699",1874.57,"4",14411961699566
39,"14411961699",1076.14,"4",14411961699566
40,"14411961699",347.14,"4",14411961699566
41,"14411961699",590.14,"4",14411961699566
42,"14411961699",185.14,"4",14411961699566
43,"14411961699",162.0,"4",14411961699566
44,"14411961699",34.71,"4",14411961699566
44,"14411961699",34.71,"3",14411961699567
45,"14411961699",54.0,"3",14411961699567
46,"14411961699",30.86,"3",14411961699567
46,"14411961699",30.86,"2",14411961699568
47,"14411961699",33.43,"2",14411961699568
48,"14411961699",12.86,"2",14411961699568
48,"14411961699",12.86,"1b",14411961699569
49,"14411961699",16.71,"1b",14411961699569
50,"14411961699",5.57,"1b",14411961699569
50,"14411961699",5.57,"1",14411961699570
51,"14411961699",11.14,"1",14411961699570
52,"14411961699",8.14,"1",14411961699570
53,"14411961699",10.29,"1",14411961699570
54,"14411961699",15.86,"1",14411961699570
55,"14411961699",35.57,"1",14411961699570
56,"14411961699",37.29,"1",14411961699570
57,"14411961699",25.71,"1",14411961699570
58,"14411961699",29.57,"1",14411961699570
59,"14411961699",34.71,"1",14411961699570
60,"14411961699",12.86,"1",14411961699570
61,"14411961699",15.43,"1",14411961699570
62,"14411961699",9.0,"1",14411961699570
63,"14411961699",10.29,"1",14411961699570
64,"14411961699",1.71,"1",14411961699570
65,"14411961699",1.0,"1",14411961699570
66,"14411961699",1.86,"1",14411961699570
67,"14411961699",1.86,"1",14411961699570
68,"14411961699",2.29,"1",14411961699570
69,"14411961699",1.29,"1",14411961699570
70,"14411961699",2.43,"1",14411961699570
71,"14411961699",2.86,"1",14411961699570
72,"14411961699",5.86,"1",14411961699570
73,"14411961699",9.43,"1",14411961699570
74,"14411961699",15.43,"1",14411961699570
75,"14411961699",26.57,"1",14411961699570
76,"14411961699",38.57,"1",14411961699570
77,"14411961699",42.43,"1",14411961699570
78,"14411961699",65.57,"1",14411961699570
79,"14411961699",123.43,"1",14411961699570
80,"14411961699",165.86,"1",14411961699570
81,"14411961699",273.86,"1",14411961699570
81,"14411961699",273.86,"1",14412053536570
0,"14412053536",0.0,"1",14412053536570
1,"14412053536",1.14,"1",14412053536570
1,"14412053536",1.14,"1b",14412053536571
2,"14412053536",5.71,"1b",14412053536571
2,"14412053536",5.71,"2",14412053536572
3,"14412053536",9.57,"2",14412053536572
3,"14412053536",9.57,"3",14412053536573
4,"14412053536",11.29,"3",14412053536573
5,"14412053536",6.86,"3",14412053536573
6,"14412053536",7.29,"3",14412053536573
6,"14412053536",7.29,"2",14412053536574
7,"14412053536",5.14,"2",14412053536574
8,"14412053536",5.57,"2",14412053536574
8,"14412053536",5.57,"3",14412053536575
9,"14412053536",4.0,"3",14412053536575
10,"14412053536",3.57,"3",14412053536575
10,"14412053536",3.57,"2",14412053536576
11,"14412053536",3.0,"2",14412053536576
12,"14412053536",1.43,"2",14412053536576
13,"14412053536",1.29,"2",14412053536576
14,"14412053536",1.0,"2",14412053536576
14,"14412053536",1.0,"1b",14412053536577
15,"14412053536",1.14,"1b",14412053536577
16,"14412053536",1.57,"1b",14412053536577
16,"14412053536",1.57,"1",14412053536578
17,"14412053536",2.43,"1",14412053536578
18,"14412053536",2.57,"1",14412053536578
19,"14412053536",2.14,"1",14412053536578
20,"14412053536",0.86,"1",14412053536578
21,"14412053536",0.86,"1",14412053536578
22,"14412053536",0.43,"1",14412053536578
23,"14412053536",0.57,"1",14412053536578
24,"14412053536",0.14,"1",14412053536578
25,"14412053536",1.71,"1",14412053536578
26,"14412053536",0.43,"1",14412053536578
27,"14412053536",0.29,"1",14412053536578
28,"14412053536",0.0,"1",14412053536578
29,"14412053536",0.57,"1",14412053536578
30,"14412053536",0.86,"1",14412053536578
31,"14412053536",2.86,"1",14412053536578
32,"14412053536",1.29,"1",14412053536578
33,"14412053536",1.0,"1",14412053536578
34,"14412053536",0.57,"1",14412053536578
35,"14412053536",0.86,"1",14412053536578
36,"14412053536",0.86,"1",14412053536578
37,"14412053536",1.86,"1",14412053536578
38,"14412053536",3.14,"1",14412053536578
39,"14412053536",6.0,"1",14412053536578
40,"14412053536",10.29,"1",14412053536578
41,"14412053536",23.14,"1",14412053536578
42,"14412053536",30.86,"1",14412053536578
43,"14412053536",46.29,"1",14412053536578
44,"14412053536",20.57,"1",14412053536578
45,"14412053536",21.86,"1",14412053536578
46,"14412053536",19.29,"1",14412053536578
47,"14412053536",18.0,"1",14412053536578
48,"14412053536",7.71,"1",14412053536578
49,"14412053536",18.0,"1",14412053536578
50,"14412053536",51.43,"1",14412053536578
51,"14412053536",54.0,"1",14412053536578
52,"14412053536",81.0,"1",14412053536578
53,"14412053536",131.14,"1",14412053536578
54,"14412053536",108.0,"1",14412053536578
55,"14412053536",165.86,"1",14412053536578
56,"14412053536",173.57,"1",14412053536578
57,"14412053536",185.14,"1",14412053536578
58,"14412053536",277.71,"1",14412053536578
58,"14412053536",277.71,"1b",14412053536579
59,"14412053536",277.71,"1b",14412053536579
60,"14412053536",231.43,"1b",14412053536579
60,"14412053536",231.43,"2",14412053536580
61,"14412053536",173.57,"2",14412053536580
62,"14412053536",150.43,"2",14412053536580
63,"14412053536",208.29,"2",14412053536580
63,"14412053536",208.29,"1b",14412053536581
64,"14412053536",208.29,"1b",14412053536581
64,"14412053536",208.29,"2",14412053536582
65,"14412053536",185.14,"2",14412053536582
66,"14412053536",138.86,"2",14412053536582
66,"14412053536",138.86,"1b",14412053536583
67,"14412053536",69.43,"1b",14412053536583
67,"14412053536",69.43,"2",14412053536584
68,"14412053536",42.43,"2",14412053536584
69,"14412053536",14.14,"2",14412053536584
69,"14412053536",14.14,"1b",14412053536585
70,"14412053536",14.14,"1b",14412053536585
71,"14412053536",9.43,"1b",14412053536585
71,"14412053536",9.43,"1",14412053536586
72,"14412053536",8.57,"1",14412053536586
73,"14412053536",6.86,"1",14412053536586
74,"14412053536",8.57,"1",14412053536586
75,"14412053536",18.43,"1",14412053536586
76,"14412053536",26.57,"1",14412053536586
77,"14412053536",48.86,"1",14412053536586
78,"14412053536",60.43,"1",14412053536586
79,"14412053536",60.43,"1",14412053536586
80,"14412053536",87.43,"1",14412053536586
81,"14412053536",104.14,"1",14412053536586
81,"14412053536",104.14,"1",14412516238586
0,"14412516238",0.14,"1",14412516238586
0,"14412516238",0.14,"1b",14412516238587
1,"14412516238",1.71,"1b",14412516238587
1,"14412516238",1.71,"2",14412516238588
2,"14412516238",1.14,"2",14412516238588
3,"14412516238",1.0,"2",14412516238588
3,"14412516238",1.0,"1b",14412516238589
4,"14412516238",3.29,"1b",14412516238589
4,"14412516238",3.29,"2",14412516238590
5,"14412516238",3.86,"2",14412516238590
6,"14412516238",3.86,"2",14412516238590
7,"14412516238",5.43,"2",14412516238590
7,"14412516238",5.43,"3",14412516238591
8,"14412516238",5.0,"3",14412516238591
9,"14412516238",2.43,"3",14412516238591
9,"14412516238",2.43,"2",14412516238592
10,"14412516238",4.0,"2",14412516238592
11,"14412516238",5.57,"2",14412516238592
11,"14412516238",5.57,"3",14412516238593
12,"14412516238",4.86,"3",14412516238593
13,"14412516238",3.86,"3",14412516238593
13,"14412516238",3.86,"2",14412516238594
14,"14412516238",3.0,"2",14412516238594
15,"14412516238",2.29,"2",14412516238594
15,"14412516238",2.29,"1b",14412516238595
16,"14412516238",1.71,"1b",14412516238595
17,"14412516238",1.29,"1b",14412516238595
17,"14412516238",1.29,"1",14412516238596
18,"14412516238",1.86,"1",14412516238596
19,"14412516238",1.14,"1",14412516238596
20,"14412516238",4.29,"1",14412516238596
21,"14412516238",5.0,"1",14412516238596
22,"14412516238",5.71,"1",14412516238596
23,"14412516238",5.57,"1",14412516238596
24,"14412516238",8.14,"1",14412516238596
25,"14412516238",6.86,"1",14412516238596
26,"14412516238",4.71,"1",14412516238596
27,"14412516238",2.71,"1",14412516238596
28,"14412516238",2.29,"1",14412516238596
29,"14412516238",1.71,"1",14412516238596
30,"14412516238",3.0,"1",14412516238596
31,"14412516238",2.71,"1",14412516238596
32,"14412516238",1.86,"1",14412516238596
33,"14412516238",1.29,"1",14412516238596
34,"14412516238",2.14,"1",14412516238596
35,"14412516238",2.57,"1",14412516238596
36,"14412516238",4.14,"1",14412516238596
37,"14412516238",3.86,"1",14412516238596
38,"14412516238",7.57,"1",14412516238596
39,"14412516238",9.71,"1",14412516238596
40,"14412516238",6.0,"1",14412516238596
41,"14412516238",6.0,"1",14412516238596
42,"14412516238",3.43,"1",14412516238596
43,"14412516238",3.43,"1",14412516238596
44,"14412516238",5.86,"1",14412516238596
45,"14412516238",3.86,"1",14412516238596
46,"14412516238",4.71,"1",14412516238596
47,"14412516238",6.29,"1",14412516238596
48,"14412516238",3.14,"1",14412516238596
49,"14412516238",2.86,"1",14412516238596
50,"14412516238",3.71,"1",14412516238596
51,"14412516238",3.29,"1",14412516238596
52,"14412516238",2.43,"1",14412516238596
53,"14412516238",3.0,"1",14412516238596
54,"14412516238",3.29,"1",14412516238596
55,"14412516238",5.43,"1",14412516238596
56,"14412516238",3.14,"1",14412516238596
57,"14412516238",2.86,"1",14412516238596
58,"14412516238",2.43,"1",14412516238596
59,"14412516238",2.71,"1",14412516238596
60,"14412516238",1.29,"1",14412516238596
61,"14412516238",1.29,"1",14412516238596
62,"14412516238",2.0,"1",14412516238596
63,"14412516238",2.29,"1",14412516238596
64,"14412516238",0.86,"1",14412516238596
65,"14412516238",0.71,"1",14412516238596
66,"14412516238",1.14,"1",14412516238596
67,"14412516238",1.43,"1",14412516238596
68,"14412516238",1.14,"1",14412516238596
69,"14412516238",2.57,"1",14412516238596
70,"14412516238",4.57,"1",14412516238596
71,"14412516238",7.14,"1",14412516238596
72,"14412516238",4.57,"1",14412516238596
73,"14412516238",5.43,"1",14412516238596
74,"14412516238",8.29,"1",14412516238596
75,"14412516238",15.0,"1",14412516238596
76,"14412516238",23.57,"1",14412516238596
77,"14412516238",33.0,"1",14412516238596
78,"14412516238",29.57,"1",14412516238596
79,"14412516238",24.43,"1",14412516238596
80,"14412516238",18.0,"1",14412516238596
81,"14412516238",52.71,"1",14412516238596
81,"14412516238",52.71,"1",14412940104596
0,"14412940104",0.0,"1",14412940104596
1,"14412940104",3.29,"1",14412940104596
1,"14412940104",3.29,"2",14412940104597
2,"14412940104",7.71,"2",14412940104597
2,"14412940104",7.71,"3",14412940104598
3,"14412940104",13.43,"3",14412940104598
4,"14412940104",18.0,"3",14412940104598
5,"14412940104",26.57,"3",14412940104598
6,"14412940104",39.86,"3",14412940104598
6,"14412940104",39.86,"4",14412940104599
7,"14412940104",19.29,"4",14412940104599
8,"14412940104",12.86,"4",14412940104599
8,"14412940104",12.86,"3",14412940104600
9,"14412940104",16.71,"3",14412940104600
10,"14412940104",11.57,"3",14412940104600
11,"14412940104",27.86,"3",14412940104600
11,"14412940104",27.86,"4",14412940104601
12,"14412940104",20.57,"4",14412940104601
13,"14412940104",14.14,"4",14412940104601
13,"14412940104",14.14,"3",14412940104602
14,"14412940104",16.71,"3",14412940104602
15,"14412940104",6.86,"3",14412940104602
15,"14412940104",6.86,"2",14412940104603
16,"14412940104",6.86,"2",14412940104603
17,"14412940104",3.43,"2",14412940104603
17,"14412940104",3.43,"1b",14412940104604
18,"14412940104",2.43,"1b",14412940104604
19,"14412940104",2.29,"1b",14412940104604
19,"14412940104",2.29,"1",14412940104605
20,"14412940104",3.0,"1",14412940104605
21,"14412940104",4.0,"1",14412940104605
22,"14412940104",2.29,"1",14412940104605
23,"14412940104",5.43,"1",14412940104605
24,"14412940104",4.86,"1",14412940104605
25,"14412940104",4.57,"1",14412940104605
26,"14412940104",2.29,"1",14412940104605
27,"14412940104",3.14,"1",14412940104605
28,"14412940104",4.43,"1",14412940104605
29,"14412940104",3.0,"1",14412940104605
30,"14412940104",4.0,"1",14412940104605
31,"14412940104",4.57,"1",14412940104605
32,"14412940104",5.0,"1",14412940104605
33,"14412940104",10.14,"1",14412940104605
34,"14412940104",11.14,"1",14412940104605
35,"14412940104",12.86,"1",14412940104605
36,"14412940104",25.71,"1",14412940104605
37,"14412940104",29.57,"1",14412940104605
38,"14412940104",24.43,"1",14412940104605
39,"14412940104",29.57,"1",14412940104605
40,"14412940104",28.29,"1",14412940104605
41,"14412940104",50.14,"1",14412940104605
42,"14412940104",105.43,"1",14412940104605
43,"14412940104",77.14,"1",14412940104605
44,"14412940104",127.29,"1",14412940104605
45,"14412940104",223.71,"1",14412940104605
46,"14412940104",335.57,"1",14412940104605
47,"14412940104",520.71,"1",14412940104605
47,"14412940104",520.71,"1b",14412940104606
48,"14412940104",555.43,"1b",14412940104606
48,"14412940104",555.43,"3",14412940104607
49,"14412940104",324.0,"3",14412940104607
49,"14412940104",324.0,"4",14412940104608
50,"14412940104",231.43,"4",14412940104608
51,"14412940104",208.29,"4",14412940104608
52,"14412940104",11.57,"4",14412940104608
52,"14412940104",11.57,"3",14412940104609
53,"14412940104",42.43,"3",14412940104609
54,"14412940104",30.86,"3",14412940104609
54,"14412940104",30.86,"2",14412940104610
55,"14412940104",16.71,"2",14412940104610
56,"14412940104",11.57,"2",14412940104610
56,"14412940104",11.57,"1b",14412940104611
57,"14412940104",11.14,"1b",14412940104611
58,"14412940104",11.14,"1b",14412940104611
58,"14412940104",11.14,"1",14412940104612
59,"14412940104",9.43,"1",14412940104612
60,"14412940104",6.43,"1",14412940104612
61,"14412940104",6.0,"1",14412940104612
62,"14412940104",4.29,"1",14412940104612
63,"14412940104",4.86,"1",14412940104612
64,"14412940104",6.43,"1",14412940104612
65,"14412940104",4.0,"1",14412940104612
66,"14412940104",4.43,"1",14412940104612
67,"14412940104",2.71,"1",14412940104612
68,"14412940104",5.71,"1",14412940104612
69,"14412940104",7.29,"1",14412940104612
70,"14412940104",10.14,"1",14412940104612
71,"14412940104",7.71,"1",14412940104612
72,"14412940104",8.14,"1",14412940104612
73,"14412940104",8.14,"1",14412940104612
74,"14412940104",9.86,"1",14412940104612
75,"14412940104",3.0,"1",14412940104612
76,"14412940104",3.86,"1",14412940104612
77,"14412940104",5.71,"1",14412940104612
78,"14412940104",5.29,"1",14412940104612
79,"14412940104",5.14,"1",14412940104612
80,"14412940104",6.71,"1",14412940104612
81,"14412940104",6.43,"1",14412940104612
81,"14412940104",6.43,"1",14412993976612
0,"14412993976",0.29,"1",14412993976612
1,"14412993976",3.43,"1",14412993976612
1,"14412993976",3.43,"2",14412993976613
2,"14412993976",3.14,"2",14412993976613
3,"14412993976",2.43,"2",14412993976613
3,"14412993976",2.43,"1b",14412993976614
4,"14412993976",4.86,"1b",14412993976614
4,"14412993976",4.86,"2",14412993976615
5,"14412993976",11.57,"2",14412993976615
5,"14412993976",11.57,"3",14412993976616
6,"14412993976",19.71,"3",14412993976616
7,"14412993976",7.29,"3",14412993976616
8,"14412993976",11.57,"3",14412993976616
9,"14412993976",9.43,"3",14412993976616
10,"14412993976",6.43,"3",14412993976616
10,"14412993976",6.43,"2",14412993976617
11,"14412993976",6.86,"2",14412993976617
11,"14412993976",6.86,"3",14412993976618
12,"14412993976",5.14,"3",14412993976618
13,"14412993976",8.14,"3",14412993976618
13,"14412993976",8.14,"2",14412993976619
14,"14412993976",10.29,"2",14412993976619
15,"14412993976",6.43,"2",14412993976619
15,"14412993976",6.43,"1b",14412993976620
16,"14412993976",5.14,"1b",14412993976620
17,"14412993976",3.0,"1b",14412993976620
17,"14412993976",3.0,"1",14412993976621
18,"14412993976",7.29,"1",14412993976621
19,"14412993976",11.57,"1",14412993976621
20,"14412993976",9.86,"1",14412993976621
21,"14412993976",16.71,"1",14412993976621
22,"14412993976",13.71,"1",14412993976621
23,"14412993976",16.29,"1",14412993976621
24,"14412993976",15.0,"1",14412993976621
25,"14412993976",21.86,"1",14412993976621
26,"14412993976",28.29,"1",14412993976621
27,"14412993976",81.0,"1",14412993976621
27,"14412993976",81.0,"1b",14412993976622
28,"14412993976",113.14,"1b",14412993976622
28,"14412993976",113.14,"3",14412993976623
29,"14412993976",61.71,"3",14412993976623
29,"14412993976",61.71,"4",14412993976624
30,"14412993976",23.14,"4",14412993976624
31,"14412993976",14.14,"4",14412993976624
31,"14412993976",14.14,"3",14412993976625
32,"14412993976",11.57,"3",14412993976625
33,"14412993976",12.86,"3",14412993976625
33,"14412993976",12.86,"2",14412993976626
34,"14412993976",12.43,"2",14412993976626
35,"14412993976",7.71,"2",14412993976626
35,"14412993976",7.71,"1b",14412993976627
36,"14412993976",7.29,"1b",14412993976627
37,"14412993976",9.86,"1b",14412993976627
37,"14412993976",9.86,"1",14412993976628
38,"14412993976",6.0,"1",14412993976628
39,"14412993976",5.14,"1",14412993976628
40,"14412993976",5.14,"1",14412993976628
41,"14412993976",2.14,"1",14412993976628
42,"14412993976",4.0,"1",14412993976628
43,"14412993976",2.14,"1",14412993976628
44,"14412993976",1.14,"1",14412993976628
45,"14412993976",2.14,"1",14412993976628
46,"14412993976",2.71,"1",14412993976628
47,"14412993976",1.57,"1",14412993976628
48,"14412993976",4.71,"1",14412993976628
49,"14412993976",5.29,"1",14412993976628
50,"14412993976",7.0,"1",14412993976628
51,"14412993976",15.43,"1",14412993976628
52,"14412993976",20.14,"1",14412993976628
53,"14412993976",50.57,"1",14412993976628
54,"14412993976",61.71,"1",14412993976628
55,"14412993976",154.29,"1",14412993976628
56,"14412993976",505.29,"1",14412993976628
57,"14412993976",867.86,"1",14412993976628
57,"14412993976",867.86,"2",14412993976629
58,"14412993976",1041.43,"2",14412993976629
58,"14412993976",1041.43,"3",14412993976630
59,"14412993976",555.43,"3",14412993976630
59,"14412993976",555.43,"4",14412993976631
60,"14412993976",312.43,"4",14412993976631
61,"14412993976",231.43,"4",14412993976631
62,"14412993976",231.43,"4",14412993976631
63,"14412993976",127.29,"4",14412993976631
63,"14412993976",127.29,"3",14412993976632
64,"14412993976",57.86,"3",14412993976632
65,"14412993976",162.0,"3",14412993976632
65,"14412993976",162.0,"2",14412993976633
66,"14412993976",88.71,"2",14412993976633
66,"14412993976",88.71,"3",14412993976634
67,"14412993976",34.71,"3",14412993976634
68,"14412993976",34.71,"3",14412993976634
68,"14412993976",34.71,"2",14412993976635
69,"14412993976",21.86,"2",14412993976635
70,"14412993976",14.14,"2",14412993976635
70,"14412993976",14.14,"1b",14412993976636
71,"14412993976",14.14,"1b",14412993976636
72,"14412993976",20.57,"1b",14412993976636
72,"14412993976",20.57,"1",14412993976637
73,"14412993976",27.0,"1",14412993976637
74,"14412993976",32.14,"1",14412993976637
75,"14412993976",45.0,"1",14412993976637
76,"14412993976",82.29,"1",14412993976637
77,"14412993976",81.0,"1",14412993976637
78,"14412993976",243.0,"1",14412993976637
79,"14412993976",335.57,"1",14412993976637
79,"14412993976",335.57,"1b",14412993976638
80,"14412993976",682.71,"1b",14412993976638
80,"14412993976",682.71,"2",14412993976639
81,"14412993976",601.71,"2",14412993976639
81,"14412993976",601.71,"1",14413157340640
0,"14413157340",0.14,"1",14413157340640
1,"14413157340",2.71,"1",14413157340640
2,"14413157340",7.86,"1",14413157340640
2,"14413157340",7.86,"3",14413157340641
3,"14413157340",12.14,"3",14413157340641
4,"14413157340",12.86,"3",14413157340641
5,"14413157340",12.0,"3",14413157340641
5,"14413157340",12.0,"2",14413157340642
6,"14413157340",16.71,"2",14413157340642
6,"14413157340",16.71,"3",14413157340643
7,"14413157340",13.71,"3",14413157340643
8,"14413157340",12.86,"3",14413157340643
9,"14413157340",9.86,"3",14413157340643
10,"14413157340",9.43,"3",14413157340643
11,"14413157340",6.86,"3",14413157340643
12,"14413157340",7.71,"3",14413157340643
12,"14413157340",7.71,"2",14413157340644
13,"14413157340",2.14,"2",14413157340644
14,"14413157340",2.57,"2",14413157340644
14,"14413157340",2.57,"1b",14413157340645
15,"14413157340",4.86,"1b",14413157340645
16,"14413157340",4.0,"1b",14413157340645
16,"14413157340",4.0,"1",14413157340646
17,"14413157340",6.14,"1",14413157340646
18,"14413157340",6.14,"1",14413157340646
19,"14413157340",6.86,"1",14413157340646
20,"14413157340",6.0,"1",14413157340646
21,"14413157340",12.43,"1",14413157340646
22,"14413157340",11.14,"1",14413157340646
23,"14413157340",8.14,"1",14413157340646
24,"14413157340",2.57,"1",14413157340646
25,"14413157340",8.14,"1",14413157340646
26,"14413157340",6.43,"1",14413157340646
27,"14413157340",7.29,"1",14413157340646
28,"14413157340",20.57,"1",14413157340646
29,"14413157340",40.71,"1",14413157340646
30,"14413157340",88.71,"1",14413157340646
31,"14413157340",178.71,"1",14413157340646
32,"14413157340",169.71,"1",14413157340646
33,"14413157340",204.43,"1",14413157340646
34,"14413157340",289.29,"1",14413157340646
34,"14413157340",289.29,"1b",14413157340647
35,"14413157340",405.0,"1b",14413157340647
35,"14413157340",405.0,"2",14413157340648
36,"14413157340",347.14,"2",14413157340648
36,"14413157340",347.14,"3",14413157340649
37,"14413157340",266.14,"3",14413157340649
37,"14413157340",266.14,"4",14413157340650
38,"14413157340",57.86,"4",14413157340650
39,"14413157340",138.86,"4",14413157340650
40,"14413157340",57.86,"4",14413157340650
41,"14413157340",57.86,"4",14413157340650
41,"14413157340",57.86,"3",14413157340651
42,"14413157340",19.29,"3",14413157340651
43,"14413157340",25.71,"3",14413157340651
43,"14413157340",25.71,"2",14413157340652
44,"14413157340",12.86,"2",14413157340652
45,"14413157340",14.14,"2",14413157340652
45,"14413157340",14.14,"1b",14413157340653
46,"14413157340",33.43,"1b",14413157340653
47,"14413157340",60.43,"1b",14413157340653
47,"14413157340",60.43,"1",14413157340654
48,"14413157340",97.71,"1",14413157340654
49,"14413157340",181.29,"1",14413157340654
50,"14413157340",393.43,"1",14413157340654
51,"14413157340",682.71,"1",14413157340654
51,"14413157340",682.71,"2",14413157340655
52,"14413157340",983.57,"2",14413157340655
52,"14413157340",983.57,"4",14413157340656
53,"14413157340",416.57,"4",14413157340656
54,"14413157340",312.43,"4",14413157340656
55,"14413157340",416.57,"4",14413157340656
56,"14413157340",312.43,"4",14413157340656
57,"14413157340",173.57,"4",14413157340656
58,"14413157340",81.0,"4",14413157340656
58,"14413157340",81.0,"3",14413157340657
59,"14413157340",34.71,"3",14413157340657
60,"14413157340",25.71,"3",14413157340657
60,"14413157340",25.71,"2",14413157340658
61,"14413157340",23.14,"2",14413157340658
62,"14413157340",7.71,"2",14413157340658
62,"14413157340",7.71,"1b",14413157340659
63,"14413157340",9.0,"1b",14413157340659
64,"14413157340",7.29,"1b",14413157340659
64,"14413157340",7.29,"1",14413157340660
65,"14413157340",9.0,"1",14413157340660
66,"14413157340",21.86,"1",14413157340660
67,"14413157340",41.57,"1",14413157340660
68,"14413157340",75.86,"1",14413157340660
69,"14413157340",105.43,"1",14413157340660
70,"14413157340",158.14,"1",14413157340660
71,"14413157340",262.29,"1",14413157340660
72,"14413157340",624.86,"1",14413157340660
72,"14413157340",624.86,"1b",14413157340661
73,"14413157340",752.14,"1b",14413157340661
73,"14413157340",752.14,"3",14413157340662
74,"14413157340",694.29,"3",14413157340662
74,"14413157340",694.29,"4",14413157340663
75,"14413157340",624.86,"4",14413157340663
76,"14413157340",312.43,"4",14413157340663
76,"14413157340",312.43,"3",14413157340664
77,"14413157340",370.29,"3",14413157340664
77,"14413157340",370.29,"4",14413157340665
78,"14413157340",196.71,"4",14413157340665
79,"14413157340",81.0,"4",14413157340665
79,"14413157340",81.0,"3",14413157340666
80,"14413157340",34.71,"3",14413157340666
81,"14413157340",12.86,"3",14413157340666
81,"14413157340",12.86,"1",14413339674667
0,"14413339674",0.14,"1",14413339674667
0,"14413339674",0.14,"1b",14413339674668
1,"14413339674",0.71,"1b",14413339674668
1,"14413339674",0.71,"2",14413339674669
2,"14413339674",1.0,"2",14413339674669
3,"14413339674",1.43,"2",14413339674669
3,"14413339674",1.43,"1b",14413339674670
4,"14413339674",1.0,"1b",14413339674670
4,"14413339674",1.0,"2",14413339674671
5,"14413339674",3.14,"2",14413339674671
6,"14413339674",7.0,"2",14413339674671
6,"14413339674",7.0,"3",14413339674672
7,"14413339674",4.43,"3",14413339674672
8,"14413339674",2.57,"3",14413339674672
8,"14413339674",2.57,"2",14413339674673
9,"14413339674",3.0,"2",14413339674673
10,"14413339674",4.43,"2",14413339674673
11,"14413339674",3.29,"2",14413339674673
12,"14413339674",3.29,"2",14413339674673
13,"14413339674",2.71,"2",14413339674673
14,"14413339674",2.0,"2",14413339674673
14,"14413339674",2.0,"1b",14413339674674
15,"14413339674",1.71,"1b",14413339674674
16,"14413339674",2.86,"1b",14413339674674
16,"14413339674",2.86,"1",14413339674675
17,"14413339674",3.71,"1",14413339674675
18,"14413339674",3.29,"1",14413339674675
19,"14413339674",5.43,"1",14413339674675
20,"14413339674",8.71,"1",14413339674675
21,"14413339674",18.29,"1",14413339674675
22,"14413339674",29.57,"1",14413339674675
22,"14413339674",29.57,"1b",14413339674676
23,"14413339674",32.14,"1b",14413339674676
24,"14413339674",29.57,"1b",14413339674676
25,"14413339674",19.29,"1b",14413339674676
25,"14413339674",19.29,"1",14413339674677
26,"14413339674",15.43,"1",14413339674677
27,"14413339674",20.57,"1",14413339674677
28,"14413339674",28.29,"1",14413339674677
29,"14413339674",20.57,"1",14413339674677
30,"14413339674",34.71,"1",14413339674677
31,"14413339674",69.43,"1",14413339674677
32,"14413339674",64.29,"1",14413339674677
33,"14413339674",92.57,"1",14413339674677
34,"14413339674",131.14,"1",14413339674677
35,"14413339674",212.14,"1",14413339674677
36,"14413339674",219.86,"1",14413339674677
36,"14413339674",219.86,"1b",14413339674678
37,"14413339674",347.14,"1b",14413339674678
38,"14413339674",381.86,"1b",14413339674678
38,"14413339674",381.86,"2",14413339674679
39,"14413339674",381.86,"2",14413339674679
39,"14413339674",381.86,"3",14413339674680
40,"14413339674",254.57,"3",14413339674680
40,"14413339674",254.57,"4",14413339674681
41,"14413339674",150.43,"4",14413339674681
42,"14413339674",138.86,"4",14413339674681
42,"14413339674",138.86,"3",14413339674682
43,"14413339674",73.29,"3",14413339674682
44,"14413339674",57.86,"3",14413339674682
44,"14413339674",57.86,"2",14413339674683
45,"14413339674",11.57,"2",14413339674683
46,"14413339674",21.86,"2",14413339674683
46,"14413339674",21.86,"1b",14413339674684
47,"14413339674",7.71,"1b",14413339674684
48,"14413339674",12.86,"1b",14413339674684
48,"14413339674",12.86,"1",14413339674685
49,"14413339674",7.71,"1",14413339674685
50,"14413339674",4.71,"1",14413339674685
51,"14413339674",5.57,"1",14413339674685
52,"14413339674",4.29,"1",14413339674685
53,"14413339674",3.43,"1",14413339674685
54,"14413339674",2.86,"1",14413339674685
55,"14413339674",4.0,"1",14413339674685
56,"14413339674",5.29,"1",14413339674685
57,"14413339674",8.0,"1",14413339674685
58,"14413339674",6.29,"1",14413339674685
59,"14413339674",10.71,"1",14413339674685
60,"14413339674",3.86,"1",14413339674685
61,"14413339674",5.14,"1",14413339674685
62,"14413339674",3.43,"1",14413339674685
63,"14413339674",2.71,"1",14413339674685
64,"14413339674",4.57,"1",14413339674685
65,"14413339674",4.86,"1",14413339674685
66,"14413339674",3.57,"1",14413339674685
67,"14413339674",4.57,"1",14413339674685
68,"14413339674",3.71,"1",14413339674685
69,"14413339674",3.71,"1",14413339674685
70,"14413339674",3.86,"1",14413339674685
71,"14413339674",6.29,"1",14413339674685
72,"14413339674",7.71,"1",14413339674685
73,"14413339674",12.86,"1",14413339674685
74,"14413339674",6.86,"1",14413339674685
75,"14413339674",5.57,"1",14413339674685
76,"14413339674",2.43,"1",14413339674685
77,"14413339674",2.29,"1",14413339674685
78,"14413339674",0.86,"1",14413339674685
79,"14413339674",0.86,"1",14413339674685
80,"14413339674",0.43,"1",14413339674685
81,"14413339674",1.29,"1",1441398405685
81,"14413339674",1.29,"1",14413339674685
0,"1441398405",0.0,"1",1441398405685
1,"1441398405",0.29,"1",1441398405685
2,"1441398405",2.0,"1",1441398405685
2,"1441398405",2.0,"1b",1441398405686
3,"1441398405",2.86,"1b",1441398405686
3,"1441398405",2.86,"2",1441398405687
4,"1441398405",1.29,"2",1441398405687
5,"1441398405",1.14,"2",1441398405687
5,"1441398405",1.14,"1b",1441398405688
6,"1441398405",5.0,"1b",1441398405688
7,"1441398405",9.71,"1b",1441398405688
7,"1441398405",9.71,"3",1441398405689
8,"1441398405",16.43,"3",1441398405689
9,"1441398405",19.29,"3",1441398405689
10,"1441398405",16.29,"3",1441398405689
11,"1441398405",36.86,"3",1441398405689
12,"1441398405",54.0,"3",1441398405689
12,"1441398405",54.0,"4",1441398405690
13,"1441398405",12.86,"4",1441398405690
14,"1441398405",9.0,"4",1441398405690
14,"1441398405",9.0,"3",1441398405691
15,"1441398405",15.86,"3",1441398405691
16,"1441398405",10.29,"3",1441398405691
16,"1441398405",10.29,"2",1441398405692
17,"1441398405",8.14,"2",1441398405692
18,"1441398405",4.29,"2",1441398405692
18,"1441398405",4.29,"1b",1441398405693
19,"1441398405",8.14,"1b",1441398405693
20,"1441398405",18.43,"1b",1441398405693
20,"1441398405",18.43,"1",1441398405694
21,"1441398405",21.86,"1",1441398405694
22,"1441398405",33.86,"1",1441398405694
23,"1441398405",28.29,"1",1441398405694
24,"1441398405",59.14,"1",1441398405694
24,"1441398405",59.14,"1b",1441398405695
25,"1441398405",63.0,"1b",1441398405695
25,"1441398405",63.0,"2",1441398405696
26,"1441398405",84.86,"2",1441398405696
26,"1441398405",84.86,"3",1441398405697
27,"1441398405",111.86,"3",1441398405697
27,"1441398405",111.86,"4",1441398405698
28,"1441398405",57.86,"4",1441398405698
29,"1441398405",23.14,"4",1441398405698
29,"1441398405",23.14,"3",1441398405699
30,"1441398405",30.86,"3",1441398405699
31,"1441398405",20.57,"3",1441398405699
31,"1441398405",20.57,"2",1441398405700
32,"1441398405",18.0,"2",1441398405700
33,"1441398405",9.0,"2",1441398405700
33,"1441398405",9.0,"1b",1441398405701
34,"1441398405",12.43,"1b",1441398405701
35,"1441398405",7.71,"1b",1441398405701
35,"1441398405",7.71,"1",1441398405702
36,"1441398405",10.29,"1",1441398405702
37,"1441398405",7.71,"1",1441398405702
38,"1441398405",9.43,"1",1441398405702
39,"1441398405",16.71,"1",1441398405702
40,"1441398405",26.57,"1",1441398405702
41,"1441398405",30.86,"1",1441398405702
42,"1441398405",50.14,"1",1441398405702
43,"1441398405",41.14,"1",1441398405702
44,"1441398405",64.29,"1",1441398405702
45,"1441398405",84.86,"1",1441398405702
46,"1441398405",142.71,"1",1441398405702
47,"1441398405",270.0,"1",1441398405702
48,"1441398405",555.43,"1",1441398405702
49,"1441398405",891.0,"1",1441398405702
49,"1441398405",891.0,"1b",1441398405703
50,"1441398405",1353.86,"1b",1441398405703
50,"1441398405",1353.86,"3",1441398405704
51,"1441398405",1110.86,"3",1441398405704
51,"1441398405",1110.86,"4",1441398405705
52,"1441398405",486.0,"4",1441398405705
53,"1441398405",208.29,"4",1441398405705
54,"1441398405",266.14,"4",1441398405705
55,"1441398405",150.43,"4",1441398405705
56,"1441398405",57.86,"4",1441398405705
56,"1441398405",57.86,"3",1441398405706
57,"1441398405",27.0,"3",1441398405706
58,"1441398405",21.86,"3",1441398405706
58,"1441398405",21.86,"2",1441398405707
59,"1441398405",21.86,"2",1441398405707
60,"1441398405",9.0,"2",1441398405707
60,"1441398405",9.0,"1b",1441398405708
61,"1441398405",4.71,"1b",1441398405708
62,"1441398405",10.71,"1b",1441398405708
62,"1441398405",10.71,"1",1441398405709
63,"1441398405",5.57,"1",1441398405709
64,"1441398405",4.71,"1",1441398405709
65,"1441398405",6.43,"1",1441398405709
66,"1441398405",10.29,"1",1441398405709
67,"1441398405",14.14,"1",1441398405709
68,"1441398405",28.71,"1",1441398405709
69,"1441398405",51.43,"1",1441398405709
70,"1441398405",84.86,"1",1441398405709
71,"1441398405",84.86,"1",1441398405709
72,"1441398405",69.43,"1",1441398405709
73,"1441398405",81.0,"1",1441398405709
74,"1441398405",146.57,"1",1441398405709
75,"1441398405",162.0,"1",1441398405709
76,"1441398405",231.43,"1",1441398405709
77,"1441398405",266.14,"1",1441398405709
78,"1441398405",358.71,"1",1441398405709
78,"1441398405",358.71,"1b",1441398405710
79,"1441398405",486.0,"1b",1441398405710
79,"1441398405",486.0,"2",1441398405711
80,"1441398405",497.57,"2",1441398405711
80,"1441398405",497.57,"3",1441398405712
81,"1441398405",428.14,"3",1441398405712
81,"1441398405",428.14,"1",14414061600713
0,"14414061600",0.14,"1",14414061600713
1,"14414061600",1.0,"1",14414061600713
2,"14414061600",3.14,"1",14414061600713
2,"14414061600",3.14,"2",14414061600714
3,"14414061600",4.57,"2",14414061600714
3,"14414061600",4.57,"3",14414061600715
4,"14414061600",4.86,"3",14414061600715
5,"14414061600",4.29,"3",14414061600715
5,"14414061600",4.29,"2",14414061600716
6,"14414061600",6.14,"2",14414061600716
6,"14414061600",6.14,"3",14414061600717
7,"14414061600",3.43,"3",14414061600717
8,"14414061600",2.71,"3",14414061600717
8,"14414061600",2.71,"2",14414061600718
9,"14414061600",2.86,"2",14414061600718
10,"14414061600",1.14,"2",14414061600718
10,"14414061600",1.14,"1b",14414061600719
11,"14414061600",2.86,"1b",14414061600719
12,"14414061600",4.14,"1b",14414061600719
12,"14414061600",4.14,"2",14414061600720
13,"14414061600",2.86,"2",14414061600720
14,"14414061600",3.29,"2",14414061600720
14,"14414061600",3.29,"1b",14414061600721
15,"14414061600",5.14,"1b",14414061600721
16,"14414061600",5.86,"1b",14414061600721
16,"14414061600",5.86,"1",14414061600722
17,"14414061600",6.29,"1",14414061600722
18,"14414061600",6.0,"1",14414061600722
19,"14414061600",4.71,"1",14414061600722
20,"14414061600",10.71,"1",14414061600722
21,"14414061600",12.86,"1",14414061600722
22,"14414061600",8.57,"1",14414061600722
23,"14414061600",5.14,"1",14414061600722
24,"14414061600",9.0,"1",14414061600722
25,"14414061600",15.0,"1",14414061600722
26,"14414061600",32.14,"1",14414061600722
27,"14414061600",57.86,"1",14414061600722
27,"14414061600",57.86,"1b",14414061600723
28,"14414061600",37.29,"1b",14414061600723
28,"14414061600",37.29,"2",14414061600724
29,"14414061600",56.57,"2",14414061600724
30,"14414061600",51.43,"2",14414061600724
30,"14414061600",51.43,"1b",14414061600725
31,"14414061600",48.86,"1b",14414061600725
32,"14414061600",73.29,"1b",14414061600725
32,"14414061600",73.29,"1",14414061600726
33,"14414061600",189.0,"1",14414061600726
34,"14414061600",250.71,"1",14414061600726
35,"14414061600",1099.29,"1",14414061600726
35,"14414061600",1099.29,"2",14414061600727
36,"14414061600",1284.43,"2",14414061600727
36,"14414061600",1284.43,"4",14414061600728
37,"14414061600",833.14,"4",14414061600728
38,"14414061600",451.29,"4",14414061600728
39,"14414061600",381.86,"4",14414061600728
40,"14414061600",104.14,"4",14414061600728
41,"14414061600",185.14,"4",14414061600728
41,"14414061600",185.14,"3",14414061600729
42,"14414061600",57.86,"3",14414061600729
43,"14414061600",46.29,"3",14414061600729
43,"14414061600",46.29,"2",14414061600730
44,"14414061600",28.29,"2",14414061600730
45,"14414061600",28.29,"2",14414061600730
45,"14414061600",28.29,"1b",14414061600731
46,"14414061600",12.86,"1b",14414061600731
47,"14414061600",5.57,"1b",14414061600731
47,"14414061600",5.57,"1",14414061600732
48,"14414061600",7.29,"1",14414061600732
49,"14414061600",14.14,"1",14414061600732
50,"14414061600",14.57,"1",14414061600732
51,"14414061600",21.43,"1",14414061600732
52,"14414061600",37.71,"1",14414061600732
53,"14414061600",63.0,"1",14414061600732
54,"14414061600",126.0,"1",14414061600732
55,"14414061600",169.71,"1",14414061600732
56,"14414061600",200.57,"1",14414061600732
57,"14414061600",185.14,"1",14414061600732
58,"14414061600",659.57,"1",14414061600732
59,"14414061600",995.14,"1",14414061600732
59,"14414061600",995.14,"3",14414061600733
60,"14414061600",867.86,"3",14414061600733
60,"14414061600",867.86,"4",14414061600734
61,"14414061600",243.0,"4",14414061600734
62,"14414061600",69.43,"4",14414061600734
63,"14414061600",162.0,"4",14414061600734
64,"14414061600",81.0,"4",14414061600734
64,"14414061600",81.0,"3",14414061600735
65,"14414061600",38.57,"3",14414061600735
66,"14414061600",11.57,"3",14414061600735
66,"14414061600",11.57,"2",14414061600736
67,"14414061600",15.43,"2",14414061600736
68,"14414061600",10.71,"2",14414061600736
68,"14414061600",10.71,"1b",14414061600737
69,"14414061600",6.86,"1b",14414061600737
70,"14414061600",4.71,"1b",14414061600737
70,"14414061600",4.71,"1",14414061600738
71,"14414061600",4.57,"1",14414061600738
72,"14414061600",2.86,"1",14414061600738
73,"14414061600",1.14,"1",14414061600738
74,"14414061600",1.14,"1",14414061600738
75,"14414061600",1.14,"1",14414061600738
76,"14414061600",1.71,"1",14414061600738
77,"14414061600",3.0,"1",14414061600738
78,"14414061600",5.57,"1",14414061600738
79,"14414061600",8.29,"1",14414061600738
80,"14414061600",15.43,"1",14414061600738
81,"14414061600",23.57,"1",14414061600738
81,"14414061600",23.57,"1",14414656773738
0,"14414656773",0.0,"1",14414656773738
1,"14414656773",0.0,"1",14414656773738
2,"14414656773",0.14,"1",14414656773738
3,"14414656773",2.43,"1",14414656773738
3,"14414656773",2.43,"2",14414656773739
4,"14414656773",2.71,"2",14414656773739
5,"14414656773",2.86,"2",14414656773739
6,"14414656773",3.0,"2",14414656773739
7,"14414656773",3.43,"2",14414656773739
8,"14414656773",2.0,"2",14414656773739
9,"14414656773",2.71,"2",14414656773739
10,"14414656773",3.71,"2",14414656773739
11,"14414656773",4.57,"2",14414656773739
12,"14414656773",4.86,"2",14414656773739
13,"14414656773",8.57,"2",14414656773739
13,"14414656773",8.57,"3",14414656773740
14,"14414656773",15.0,"3",14414656773740
15,"14414656773",9.43,"3",14414656773740
15,"14414656773",9.43,"2",14414656773741
16,"14414656773",10.29,"2",14414656773741
17,"14414656773",9.86,"2",14414656773741
17,"14414656773",9.86,"1b",14414656773742
18,"14414656773",19.29,"1b",14414656773742
19,"14414656773",21.0,"1b",14414656773742
20,"14414656773",32.14,"1b",14414656773742
20,"14414656773",32.14,"2",14414656773743
21,"14414656773",27.0,"2",14414656773743
22,"14414656773",21.86,"2",14414656773743
23,"14414656773",18.0,"2",14414656773743
23,"14414656773",18.0,"1b",14414656773744
24,"14414656773",24.43,"1b",14414656773744
25,"14414656773",30.86,"1b",14414656773744
25,"14414656773",30.86,"1",14414656773745
26,"14414656773",29.57,"1",14414656773745
27,"14414656773",45.0,"1",14414656773745
28,"14414656773",117.0,"1",14414656773745
28,"14414656773",117.0,"1b",14414656773746
29,"14414656773",246.86,"1b",14414656773746
29,"14414656773",246.86,"3",14414656773747
30,"14414656773",177.43,"3",14414656773747
30,"14414656773",177.43,"4",14414656773748
31,"14414656773",162.0,"4",14414656773748
32,"14414656773",138.86,"4",14414656773748
32,"14414656773",138.86,"3",14414656773749
33,"14414656773",81.0,"3",14414656773749
34,"14414656773",69.43,"3",14414656773749
34,"14414656773",69.43,"4",14414656773750
35,"14414656773",38.57,"4",14414656773750
36,"14414656773",7.71,"4",14414656773750
36,"14414656773",7.71,"3",14414656773751
37,"14414656773",7.71,"3",14414656773751
38,"14414656773",4.29,"3",14414656773751
38,"14414656773",4.29,"2",14414656773752
39,"14414656773",4.29,"2",14414656773752
40,"14414656773",3.86,"2",14414656773752
40,"14414656773",3.86,"1b",14414656773753
41,"14414656773",2.86,"1b",14414656773753
42,"14414656773",3.14,"1b",14414656773753
42,"14414656773",3.14,"1",14414656773754
43,"14414656773",2.14,"1",14414656773754
44,"14414656773",3.14,"1",14414656773754
45,"14414656773",6.43,"1",14414656773754
46,"14414656773",6.43,"1",14414656773754
47,"14414656773",9.71,"1",14414656773754
48,"14414656773",10.71,"1",14414656773754
49,"14414656773",12.43,"1",14414656773754
50,"14414656773",12.0,"1",14414656773754
51,"14414656773",14.57,"1",14414656773754
52,"14414656773",17.57,"1",14414656773754
53,"14414656773",27.0,"1",14414656773754
54,"14414656773",39.86,"1",14414656773754
55,"14414656773",43.71,"1",14414656773754
56,"14414656773",86.14,"1",14414656773754
57,"14414656773",131.14,"1",14414656773754
58,"14414656773",266.14,"1",14414656773754
59,"14414656773",671.14,"1",14414656773754
59,"14414656773",671.14,"1b",14414656773755
60,"14414656773",867.86,"1b",14414656773755
60,"14414656773",867.86,"3",14414656773756
61,"14414656773",694.29,"3",14414656773756
61,"14414656773",694.29,"4",14414656773757
62,"14414656773",451.29,"4",14414656773757
63,"14414656773",138.86,"4",14414656773757
64,"14414656773",127.29,"4",14414656773757
65,"14414656773",138.86,"4",14414656773757
66,"14414656773",61.71,"4",14414656773757
66,"14414656773",61.71,"3",14414656773758
67,"14414656773",65.57,"3",14414656773758
68,"14414656773",15.43,"3",14414656773758
68,"14414656773",15.43,"2",14414656773759
69,"14414656773",10.29,"2",14414656773759
70,"14414656773",7.29,"2",14414656773759
70,"14414656773",7.29,"1b",14414656773760
71,"14414656773",9.0,"1b",14414656773760
72,"14414656773",1.71,"1b",14414656773760
72,"14414656773",1.71,"1",14414656773761
73,"14414656773",4.29,"1",14414656773761
74,"14414656773",3.0,"1",14414656773761
75,"14414656773",3.14,"1",14414656773761
76,"14414656773",5.0,"1",14414656773761
77,"14414656773",8.43,"1",14414656773761
78,"14414656773",8.29,"1",14414656773761
79,"14414656773",5.57,"1",14414656773761
80,"14414656773",2.57,"1",14414656773761
81,"14414656773",4.71,"1",1441499002761
81,"14414656773",4.71,"1",14414656773761
0,"1441499002",0.0,"1",1441499002761
1,"1441499002",1.0,"1",1441499002761
2,"1441499002",1.29,"1",1441499002761
2,"1441499002",1.29,"2",1441499002762
3,"1441499002",1.86,"2",1441499002762
4,"1441499002",1.43,"2",1441499002762
5,"1441499002",1.29,"2",1441499002762
6,"1441499002",2.71,"2",1441499002762
7,"1441499002",3.57,"2",1441499002762
8,"1441499002",5.29,"2",1441499002762
9,"1441499002",10.86,"2",1441499002762
9,"1441499002",10.86,"3",1441499002763
10,"1441499002",13.71,"3",1441499002763
11,"1441499002",6.0,"3",1441499002763
12,"1441499002",7.71,"3",1441499002763
12,"1441499002",7.71,"2",1441499002764
13,"1441499002",5.14,"2",1441499002764
13,"1441499002",5.14,"3",1441499002765
14,"1441499002",3.86,"3",1441499002765
15,"1441499002",3.71,"3",1441499002765
15,"1441499002",3.71,"2",1441499002766
16,"1441499002",3.57,"2",1441499002766
17,"1441499002",1.29,"2",1441499002766
17,"1441499002",1.29,"1b",1441499002767
18,"1441499002",3.71,"1b",1441499002767
19,"1441499002",3.0,"1b",1441499002767
19,"1441499002",3.0,"1",1441499002768
20,"1441499002",7.14,"1",1441499002768
21,"1441499002",9.57,"1",1441499002768
22,"1441499002",15.86,"1",1441499002768
23,"1441499002",16.71,"1",1441499002768
24,"1441499002",15.43,"1",1441499002768
25,"1441499002",30.0,"1",1441499002768
26,"1441499002",51.43,"1",1441499002768
27,"1441499002",70.71,"1",1441499002768
27,"1441499002",70.71,"2",1441499002769
28,"1441499002",169.71,"2",1441499002769
28,"1441499002",169.71,"4",1441499002770
29,"1441499002",142.71,"4",1441499002770
30,"1441499002",46.29,"4",1441499002770
30,"1441499002",46.29,"3",1441499002771
31,"1441499002",50.14,"3",1441499002771
32,"1441499002",29.57,"3",1441499002771
32,"1441499002",29.57,"2",1441499002772
33,"1441499002",20.57,"2",1441499002772
34,"1441499002",21.86,"2",1441499002772
34,"1441499002",21.86,"1b",1441499002773
35,"1441499002",23.14,"1b",1441499002773
36,"1441499002",38.57,"1b",1441499002773
36,"1441499002",38.57,"1",1441499002774
37,"1441499002",41.14,"1",1441499002774
38,"1441499002",60.43,"1",1441499002774
39,"1441499002",61.71,"1",1441499002774
40,"1441499002",123.43,"1",1441499002774
41,"1441499002",150.43,"1",1441499002774
41,"1441499002",150.43,"1b",1441499002775
42,"1441499002",142.71,"1b",1441499002775
43,"1441499002",131.14,"1b",1441499002775
43,"1441499002",131.14,"1",1441499002776
44,"1441499002",289.29,"1",1441499002776
45,"1441499002",509.14,"1",1441499002776
45,"1441499002",509.14,"1b",1441499002777
46,"1441499002",613.29,"1b",1441499002777
46,"1441499002",613.29,"3",1441499002778
47,"1441499002",798.43,"3",1441499002778
47,"1441499002",798.43,"4",1441499002779
48,"1441499002",555.43,"4",1441499002779
49,"1441499002",520.71,"4",1441499002779
50,"1441499002",34.71,"4",1441499002779
50,"1441499002",34.71,"3",1441499002780
51,"1441499002",185.14,"3",1441499002780
51,"1441499002",185.14,"4",1441499002781
52,"1441499002",77.14,"4",1441499002781
53,"1441499002",61.71,"4",1441499002781
53,"1441499002",61.71,"3",1441499002782
54,"1441499002",38.57,"3",1441499002782
55,"1441499002",23.14,"3",1441499002782
55,"1441499002",23.14,"2",1441499002783
56,"1441499002",37.29,"2",1441499002783
57,"1441499002",15.43,"2",1441499002783
57,"1441499002",15.43,"1b",1441499002784
58,"1441499002",15.43,"1b",1441499002784
59,"1441499002",24.43,"1b",1441499002784
59,"1441499002",24.43,"1",1441499002785
60,"1441499002",45.0,"1",1441499002785
61,"1441499002",77.14,"1",1441499002785
62,"1441499002",127.29,"1",1441499002785
63,"1441499002",135.0,"1",1441499002785
64,"1441499002",165.86,"1",1441499002785
65,"1441499002",285.43,"1",1441499002785
66,"1441499002",370.29,"1",1441499002785
66,"1441499002",370.29,"1b",1441499002786
67,"1441499002",381.86,"1b",1441499002786
67,"1441499002",381.86,"2",1441499002787
68,"1441499002",636.43,"2",1441499002787
68,"1441499002",636.43,"3",1441499002788
69,"1441499002",775.29,"3",1441499002788
69,"1441499002",775.29,"4",1441499002789
70,"1441499002",381.86,"4",1441499002789
71,"1441499002",208.29,"4",1441499002789
72,"1441499002",185.14,"4",1441499002789
73,"1441499002",115.71,"4",1441499002789
74,"1441499002",96.43,"4",1441499002789
75,"1441499002",69.43,"4",1441499002789
75,"1441499002",69.43,"3",1441499002790
76,"1441499002",73.29,"3",1441499002790
77,"1441499002",15.43,"3",1441499002790
77,"1441499002",15.43,"2",1441499002791
78,"1441499002",25.71,"2",1441499002791
79,"1441499002",21.86,"2",1441499002791
79,"1441499002",21.86,"1b",1441499002792
80,"1441499002",20.57,"1b",1441499002792
81,"1441499002",5.14,"1b",1441499002792
81,"1441499002",5.14,"1",14415004550793
0,"14415004550",0.14,"1",14415004550793
1,"14415004550",1.57,"1",14415004550793
2,"14415004550",9.71,"1",14415004550793
2,"14415004550",9.71,"3",14415004550794
3,"14415004550",21.57,"3",14415004550794
4,"14415004550",20.57,"3",14415004550794
5,"14415004550",34.71,"3",14415004550794
6,"14415004550",18.0,"3",14415004550794
7,"14415004550",27.0,"3",14415004550794
8,"14415004550",43.71,"3",14415004550794
8,"14415004550",43.71,"4",14415004550795
9,"14415004550",19.29,"4",14415004550795
10,"14415004550",16.71,"4",14415004550795
10,"14415004550",16.71,"3",14415004550796
11,"14415004550",10.29,"3",14415004550796
12,"14415004550",12.86,"3",14415004550796
13,"14415004550",5.14,"3",14415004550796
13,"14415004550",5.14,"2",14415004550797
14,"14415004550",5.57,"2",14415004550797
15,"14415004550",6.0,"2",14415004550797
15,"14415004550",6.0,"1b",14415004550798
16,"14415004550",4.43,"1b",14415004550798
17,"14415004550",3.86,"1b",14415004550798
17,"14415004550",3.86,"1",14415004550799
18,"14415004550",3.57,"1",14415004550799
19,"14415004550",5.43,"1",14415004550799
20,"14415004550",7.71,"1",14415004550799
21,"14415004550",14.71,"1",14415004550799
22,"14415004550",10.29,"1",14415004550799
23,"14415004550",15.43,"1",14415004550799
24,"14415004550",8.57,"1",14415004550799
25,"14415004550",7.71,"1",14415004550799
26,"14415004550",26.57,"1",14415004550799
27,"14415004550",84.86,"1",14415004550799
27,"14415004550",84.86,"1b",14415004550800
28,"14415004550",114.43,"1b",14415004550800
28,"14415004550",114.43,"3",14415004550801
29,"14415004550",111.86,"3",14415004550801
29,"14415004550",111.86,"4",14415004550802
30,"14415004550",61.71,"4",14415004550802
31,"14415004550",50.14,"4",14415004550802
31,"14415004550",50.14,"3",14415004550803
32,"14415004550",23.14,"3",14415004550803
33,"14415004550",34.71,"3",14415004550803
33,"14415004550",34.71,"2",14415004550804
34,"14415004550",9.0,"2",14415004550804
35,"14415004550",11.57,"2",14415004550804
35,"14415004550",11.57,"1b",14415004550805
36,"14415004550",13.29,"1b",14415004550805
37,"14415004550",21.43,"1b",14415004550805
37,"14415004550",21.43,"1",14415004550806
38,"14415004550",41.14,"1",14415004550806
39,"14415004550",65.57,"1",14415004550806
40,"14415004550",66.86,"1",14415004550806
41,"14415004550",135.0,"1",14415004550806
42,"14415004550",212.14,"1",14415004550806
42,"14415004550",212.14,"1b",14415004550807
43,"14415004550",169.71,"1b",14415004550807
43,"14415004550",169.71,"2",14415004550808
44,"14415004550",254.57,"2",14415004550808
44,"14415004550",254.57,"3",14415004550809
45,"14415004550",127.29,"3",14415004550809
46,"14415004550",46.29,"3",14415004550809
47,"14415004550",69.43,"3",14415004550809
47,"14415004550",69.43,"2",14415004550810
48,"14415004550",27.0,"2",14415004550810
49,"14415004550",19.29,"2",14415004550810
49,"14415004550",19.29,"1b",14415004550811
50,"14415004550",28.29,"1b",14415004550811
51,"14415004550",9.0,"1b",14415004550811
51,"14415004550",9.0,"1",14415004550812
52,"14415004550",11.57,"1",14415004550812
53,"14415004550",13.71,"1",14415004550812
54,"14415004550",12.43,"1",14415004550812
55,"14415004550",18.0,"1",14415004550812
56,"14415004550",19.71,"1",14415004550812
57,"14415004550",15.0,"1",14415004550812
58,"14415004550",21.86,"1",14415004550812
59,"14415004550",38.14,"1",14415004550812
60,"14415004550",91.29,"1",14415004550812
61,"14415004550",173.57,"1",14415004550812
62,"14415004550",397.29,"1",14415004550812
63,"14415004550",474.43,"1",14415004550812
63,"14415004550",474.43,"1b",14415004550813
64,"14415004550",1110.86,"1b",14415004550813
64,"14415004550",1110.86,"3",14415004550814
65,"14415004550",1596.86,"3",14415004550814
65,"14415004550",1596.86,"4",14415004550815
66,"14415004550",1145.57,"4",14415004550815
67,"14415004550",729.0,"4",14415004550815
68,"14415004550",486.0,"4",14415004550815
68,"14415004550",486.0,"3",14415004550816
69,"14415004550",243.0,"3",14415004550816
69,"14415004550",243.0,"4",14415004550817
70,"14415004550",243.0,"4",14415004550817
71,"14415004550",150.43,"4",14415004550817
72,"14415004550",42.43,"4",14415004550817
72,"14415004550",42.43,"3",14415004550818
73,"14415004550",92.57,"3",14415004550818
74,"14415004550",34.71,"3",14415004550818
74,"14415004550",34.71,"2",14415004550819
75,"14415004550",27.0,"2",14415004550819
76,"14415004550",28.29,"2",14415004550819
76,"14415004550",28.29,"1b",14415004550820
77,"14415004550",20.57,"1b",14415004550820
78,"14415004550",2.57,"1b",14415004550820
78,"14415004550",2.57,"1",14415004550821
79,"14415004550",8.14,"1",14415004550821
80,"14415004550",3.86,"1",14415004550821
81,"14415004550",2.57,"1",14415004550821
81,"14415004550",2.57,"1",14415559830821
0,"14415559830",0.43,"1",14415559830821
0,"14415559830",0.43,"1b",14415559830822
1,"14415559830",0.14,"1b",14415559830822
2,"14415559830",0.86,"1b",14415559830822
3,"14415559830",2.0,"1b",14415559830822
4,"14415559830",6.71,"1b",14415559830822
4,"14415559830",6.71,"2",14415559830823
5,"14415559830",9.57,"2",14415559830823
5,"14415559830",9.57,"3",14415559830824
6,"14415559830",11.57,"3",14415559830824
7,"14415559830",5.57,"3",14415559830824
7,"14415559830",5.57,"2",14415559830825
8,"14415559830",3.86,"2",14415559830825
9,"14415559830",4.71,"2",14415559830825
10,"14415559830",3.86,"2",14415559830825
11,"14415559830",3.0,"2",14415559830825
12,"14415559830",2.57,"2",14415559830825
13,"14415559830",1.43,"2",14415559830825
13,"14415559830",1.43,"1b",14415559830826
14,"14415559830",0.57,"1b",14415559830826
15,"14415559830",0.71,"1b",14415559830826
15,"14415559830",0.71,"1",14415559830827
16,"14415559830",0.86,"1",14415559830827
17,"14415559830",2.57,"1",14415559830827
18,"14415559830",4.43,"1",14415559830827
19,"14415559830",3.43,"1",14415559830827
20,"14415559830",4.14,"1",14415559830827
21,"14415559830",3.29,"1",14415559830827
22,"14415559830",2.86,"1",14415559830827
23,"14415559830",3.43,"1",14415559830827
24,"14415559830",5.57,"1",14415559830827
25,"14415559830",5.14,"1",14415559830827
26,"14415559830",4.14,"1",14415559830827
27,"14415559830",6.14,"1",14415559830827
28,"14415559830",5.43,"1",14415559830827
29,"14415559830",5.86,"1",14415559830827
30,"14415559830",6.14,"1",14415559830827
31,"14415559830",5.0,"1",14415559830827
32,"14415559830",2.71,"1",14415559830827
33,"14415559830",1.71,"1",14415559830827
34,"14415559830",2.29,"1",14415559830827
35,"14415559830",3.0,"1",14415559830827
36,"14415559830",5.43,"1",14415559830827
37,"14415559830",4.86,"1",14415559830827
38,"14415559830",5.0,"1",14415559830827
39,"14415559830",4.71,"1",14415559830827
40,"14415559830",5.57,"1",14415559830827
41,"14415559830",4.71,"1",14415559830827
42,"14415559830",2.57,"1",14415559830827
43,"14415559830",2.71,"1",14415559830827
44,"14415559830",2.43,"1",14415559830827
45,"14415559830",3.71,"1",14415559830827
46,"14415559830",5.14,"1",14415559830827
47,"14415559830",3.86,"1",14415559830827
48,"14415559830",3.86,"1",14415559830827
49,"14415559830",1.71,"1",14415559830827
50,"14415559830",1.43,"1",14415559830827
51,"14415559830",4.57,"1",14415559830827
52,"14415559830",7.43,"1",14415559830827
53,"14415559830",6.86,"1",14415559830827
54,"14415559830",3.0,"1",14415559830827
55,"14415559830",2.29,"1",14415559830827
56,"14415559830",2.14,"1",14415559830827
57,"14415559830",3.57,"1",14415559830827
58,"14415559830",2.86,"1",14415559830827
59,"14415559830",4.71,"1",14415559830827
60,"14415559830",2.57,"1",14415559830827
61,"14415559830",3.29,"1",14415559830827
62,"14415559830",2.71,"1",14415559830827
63,"14415559830",4.57,"1",14415559830827
64,"14415559830",3.86,"1",14415559830827
65,"14415559830",3.43,"1",14415559830827
66,"14415559830",3.0,"1",14415559830827
67,"14415559830",1.71,"1",14415559830827
68,"14415559830",1.29,"1",14415559830827
69,"14415559830",2.14,"1",14415559830827
70,"14415559830",1.86,"1",14415559830827
71,"14415559830",1.43,"1",14415559830827
72,"14415559830",1.71,"1",14415559830827
73,"14415559830",2.86,"1",14415559830827
74,"14415559830",1.57,"1",14415559830827
75,"14415559830",4.14,"1",14415559830827
76,"14415559830",1.57,"1",14415559830827
77,"14415559830",2.57,"1",14415559830827
78,"14415559830",1.29,"1",14415559830827
79,"14415559830",1.86,"1",14415559830827
80,"14415559830",1.14,"1",14415559830827
81,"14415559830",1.57,"1",14415559830827
81,"14415559830",1.57,"1",14416736908827
0,"14416736908",0.0,"1",14416736908827
1,"14416736908",1.57,"1",14416736908827
1,"14416736908",1.57,"1b",14416736908828
2,"14416736908",3.14,"1b",14416736908828
2,"14416736908",3.14,"2",14416736908829
3,"14416736908",3.29,"2",14416736908829
4,"14416736908",5.86,"2",14416736908829
4,"14416736908",5.86,"3",14416736908830
5,"14416736908",3.57,"3",14416736908830
6,"14416736908",1.29,"3",14416736908830
6,"14416736908",1.29,"2",14416736908831
7,"14416736908",2.43,"2",14416736908831
8,"14416736908",1.57,"2",14416736908831
9,"14416736908",1.86,"2",14416736908831
10,"14416736908",2.71,"2",14416736908831
11,"14416736908",1.86,"2",14416736908831
12,"14416736908",1.57,"2",14416736908831
13,"14416736908",0.71,"2",14416736908831
14,"14416736908",1.14,"2",14416736908831
15,"14416736908",0.71,"2",14416736908831
15,"14416736908",0.71,"1b",14416736908832
16,"14416736908",2.29,"1b",14416736908832
17,"14416736908",1.0,"1b",14416736908832
17,"14416736908",1.0,"1",14416736908833
18,"14416736908",0.14,"1",14416736908833
19,"14416736908",0.43,"1",14416736908833
20,"14416736908",1.43,"1",14416736908833
21,"14416736908",1.0,"1",14416736908833
22,"14416736908",1.0,"1",14416736908833
23,"14416736908",1.14,"1",14416736908833
24,"14416736908",1.71,"1",14416736908833
25,"14416736908",1.29,"1",14416736908833
26,"14416736908",2.0,"1",14416736908833
27,"14416736908",5.0,"1",14416736908833
28,"14416736908",8.14,"1",14416736908833
29,"14416736908",10.86,"1",14416736908833
30,"14416736908",15.43,"1",14416736908833
31,"14416736908",16.29,"1",14416736908833
32,"14416736908",14.14,"1",14416736908833
33,"14416736908",20.14,"1",14416736908833
34,"14416736908",30.43,"1",14416736908833
35,"14416736908",38.57,"1",14416736908833
36,"14416736908",42.43,"1",14416736908833
37,"14416736908",77.14,"1",14416736908833
38,"14416736908",102.86,"1",14416736908833
39,"14416736908",250.71,"1",14416736908833
40,"14416736908",393.43,"1",14416736908833
40,"14416736908",393.43,"1b",14416736908834
41,"14416736908",324.0,"1b",14416736908834
41,"14416736908",324.0,"2",14416736908835
42,"14416736908",185.14,"2",14416736908835
43,"14416736908",196.71,"2",14416736908835
43,"14416736908",196.71,"1b",14416736908836
44,"14416736908",138.86,"1b",14416736908836
45,"14416736908",173.57,"1b",14416736908836
46,"14416736908",173.57,"1b",14416736908836
46,"14416736908",173.57,"2",14416736908837
47,"14416736908",169.71,"2",14416736908837
48,"14416736908",88.71,"2",14416736908837
49,"14416736908",77.14,"2",14416736908837
49,"14416736908",77.14,"1b",14416736908838
50,"14416736908",84.86,"1b",14416736908838
51,"14416736908",165.86,"1b",14416736908838
51,"14416736908",165.86,"1",14416736908839
52,"14416736908",343.29,"1",14416736908839
53,"14416736908",520.71,"1",14416736908839
53,"14416736908",520.71,"1b",14416736908840
54,"14416736908",462.86,"1b",14416736908840
54,"14416736908",462.86,"3",14416736908841
55,"14416736908",381.86,"3",14416736908841
55,"14416736908",381.86,"4",14416736908842
56,"14416736908",69.43,"4",14416736908842
57,"14416736908",81.0,"4",14416736908842
57,"14416736908",81.0,"3",14416736908843
58,"14416736908",88.71,"3",14416736908843
59,"14416736908",34.71,"3",14416736908843
59,"14416736908",34.71,"2",14416736908844
60,"14416736908",30.86,"2",14416736908844
61,"14416736908",10.29,"2",14416736908844
61,"14416736908",10.29,"1b",14416736908845
62,"14416736908",7.71,"1b",14416736908845
63,"14416736908",5.57,"1b",14416736908845
63,"14416736908",5.57,"1",14416736908846
64,"14416736908",8.57,"1",14416736908846
65,"14416736908",9.43,"1",14416736908846
66,"14416736908",3.0,"1",14416736908846
67,"14416736908",4.0,"1",14416736908846
68,"14416736908",2.43,"1",14416736908846
69,"14416736908",1.0,"1",14416736908846
70,"14416736908",1.14,"1",14416736908846
71,"14416736908",3.71,"1",14416736908846
72,"14416736908",4.14,"1",14416736908846
73,"14416736908",1.71,"1",14416736908846
74,"14416736908",2.57,"1",14416736908846
75,"14416736908",3.14,"1",14416736908846
76,"14416736908",2.57,"1",14416736908846
77,"14416736908",1.86,"1",14416736908846
78,"14416736908",1.43,"1",14416736908846
79,"14416736908",1.14,"1",14416736908846
80,"14416736908",0.71,"1",14416736908846
81,"14416736908",0.57,"1",14416736908846
81,"14416736908",0.57,"1",14416921962846
0,"14416921962",0.0,"1",14416921962846
1,"14416921962",3.71,"1",14416921962846
1,"14416921962",3.71,"2",14416921962847
2,"14416921962",2.29,"2",14416921962847
3,"14416921962",6.14,"2",14416921962847
4,"14416921962",12.43,"2",14416921962847
4,"14416921962",12.43,"3",14416921962848
5,"14416921962",18.43,"3",14416921962848
6,"14416921962",22.29,"3",14416921962848
7,"14416921962",59.14,"3",14416921962848
8,"14416921962",69.43,"3",14416921962848
8,"14416921962",69.43,"4",14416921962849
9,"14416921962",111.86,"4",14416921962849
10,"14416921962",54.0,"4",14416921962849
11,"14416921962",27.0,"4",14416921962849
11,"14416921962",27.0,"3",14416921962850
12,"14416921962",23.14,"3",14416921962850
12,"14416921962",23.14,"4",14416921962851
13,"14416921962",29.57,"4",14416921962851
14,"14416921962",11.57,"4",14416921962851
14,"14416921962",11.57,"3",14416921962852
15,"14416921962",6.43,"3",14416921962852
16,"14416921962",5.14,"3",14416921962852
16,"14416921962",5.14,"2",14416921962853
17,"14416921962",4.29,"2",14416921962853
18,"14416921962",1.57,"2",14416921962853
18,"14416921962",1.57,"1b",14416921962854
19,"14416921962",2.71,"1b",14416921962854
20,"14416921962",2.14,"1b",14416921962854
20,"14416921962",2.14,"1",14416921962855
21,"14416921962",1.86,"1",14416921962855
22,"14416921962",3.14,"1",14416921962855
23,"14416921962",5.71,"1",14416921962855
24,"14416921962",4.71,"1",14416921962855
25,"14416921962",10.57,"1",14416921962855
26,"14416921962",17.57,"1",14416921962855
27,"14416921962",29.57,"1",14416921962855
28,"14416921962",56.57,"1",14416921962855
28,"14416921962",56.57,"1b",14416921962856
29,"14416921962",66.86,"1b",14416921962856
30,"14416921962",54.0,"1b",14416921962856
30,"14416921962",54.0,"1",14416921962857
31,"14416921962",165.86,"1",14416921962857
32,"14416921962",273.86,"1",14416921962857
32,"14416921962",273.86,"1b",14416921962858
33,"14416921962",729.0,"1b",14416921962858
33,"14416921962",729.0,"2",14416921962859
34,"14416921962",948.86,"2",14416921962859
34,"14416921962",948.86,"3",14416921962860
35,"14416921962",729.0,"3",14416921962860
35,"14416921962",729.0,"4",14416921962861
36,"14416921962",555.43,"4",14416921962861
37,"14416921962",381.86,"4",14416921962861
38,"14416921962",208.29,"4",14416921962861
39,"14416921962",243.0,"4",14416921962861
40,"14416921962",243.0,"4",14416921962861
41,"14416921962",69.43,"4",14416921962861
41,"14416921962",69.43,"3",14416921962862
42,"14416921962",57.86,"3",14416921962862
43,"14416921962",65.57,"3",14416921962862
43,"14416921962",65.57,"2",14416921962863
44,"14416921962",69.43,"2",14416921962863
45,"14416921962",46.29,"2",14416921962863
45,"14416921962",46.29,"1b",14416921962864
46,"14416921962",81.0,"1b",14416921962864
47,"14416921962",77.14,"1b",14416921962864
47,"14416921962",77.14,"1",14416921962865
48,"14416921962",131.14,"1",14416921962865
49,"14416921962",131.14,"1",14416921962865
50,"14416921962",212.14,"1",14416921962865
51,"14416921962",439.71,"1",14416921962865
51,"14416921962",439.71,"1b",14416921962866
52,"14416921962",462.86,"1b",14416921962866
52,"14416921962",462.86,"2",14416921962867
53,"14416921962",682.71,"2",14416921962867
53,"14416921962",682.71,"3",14416921962868
54,"14416921962",867.86,"3",14416921962868
54,"14416921962",867.86,"4",14416921962869
55,"14416921962",381.86,"4",14416921962869
56,"14416921962",277.71,"4",14416921962869
57,"14416921962",115.71,"4",14416921962869
58,"14416921962",104.14,"4",14416921962869
58,"14416921962",104.14,"3",14416921962870
59,"14416921962",115.71,"3",14416921962870
60,"14416921962",69.43,"3",14416921962870
60,"14416921962",69.43,"2",14416921962871
61,"14416921962",42.43,"2",14416921962871
62,"14416921962",19.29,"2",14416921962871
62,"14416921962",19.29,"1b",14416921962872
63,"14416921962",27.0,"1b",14416921962872
64,"14416921962",18.0,"1b",14416921962872
64,"14416921962",18.0,"1",14416921962873
65,"14416921962",10.29,"1",14416921962873
66,"14416921962",8.14,"1",14416921962873
67,"14416921962",6.0,"1",14416921962873
68,"14416921962",4.71,"1",14416921962873
69,"14416921962",6.0,"1",14416921962873
70,"14416921962",2.14,"1",14416921962873
71,"14416921962",2.43,"1",14416921962873
72,"14416921962",2.14,"1",14416921962873
73,"14416921962",1.43,"1",14416921962873
74,"14416921962",1.43,"1",14416921962873
75,"14416921962",1.71,"1",14416921962873
76,"14416921962",2.71,"1",14416921962873
77,"14416921962",3.43,"1",14416921962873
78,"14416921962",4.0,"1",14416921962873
79,"14416921962",6.57,"1",14416921962873
80,"14416921962",12.57,"1",14416921962873
81,"14416921962",20.14,"1",14416921962873
81,"14416921962",20.14,"1",14417422647873
0,"14417422647",0.43,"1",14417422647873
1,"14417422647",2.71,"1",14417422647873
1,"14417422647",2.71,"1b",14417422647874
2,"14417422647",5.86,"1b",14417422647874
2,"14417422647",5.86,"3",14417422647875
3,"14417422647",6.0,"3",14417422647875
4,"14417422647",5.29,"3",14417422647875
4,"14417422647",5.29,"2",14417422647876
5,"14417422647",14.14,"2",14417422647876
5,"14417422647",14.14,"3",14417422647877
6,"14417422647",15.0,"3",14417422647877
7,"14417422647",16.29,"3",14417422647877
8,"14417422647",19.71,"3",14417422647877
9,"14417422647",39.86,"3",14417422647877
9,"14417422647",39.86,"4",14417422647878
10,"14417422647",20.57,"4",14417422647878
11,"14417422647",14.14,"4",14417422647878
11,"14417422647",14.14,"3",14417422647879
12,"14417422647",27.0,"3",14417422647879
12,"14417422647",27.0,"4",14417422647880
13,"14417422647",16.71,"4",14417422647880
14,"14417422647",11.57,"4",14417422647880
15,"14417422647",9.86,"4",14417422647880
15,"14417422647",9.86,"3",14417422647881
16,"14417422647",8.57,"3",14417422647881
17,"14417422647",6.86,"3",14417422647881
17,"14417422647",6.86,"2",14417422647882
18,"14417422647",4.29,"2",14417422647882
19,"14417422647",4.29,"2",14417422647882
19,"14417422647",4.29,"1b",14417422647883
20,"14417422647",4.29,"1b",14417422647883
21,"14417422647",2.71,"1b",14417422647883
21,"14417422647",2.71,"1",14417422647884
22,"14417422647",2.14,"1",14417422647884
23,"14417422647",2.14,"1",14417422647884
24,"14417422647",2.43,"1",14417422647884
25,"14417422647",2.29,"1",14417422647884
26,"14417422647",2.29,"1",14417422647884
27,"14417422647",6.0,"1",14417422647884
28,"14417422647",3.14,"1",14417422647884
29,"14417422647",3.0,"1",14417422647884
30,"14417422647",2.86,"1",14417422647884
31,"14417422647",2.43,"1",14417422647884
32,"14417422647",5.0,"1",14417422647884
33,"14417422647",4.86,"1",14417422647884
34,"14417422647",5.71,"1",14417422647884
35,"14417422647",7.29,"1",14417422647884
36,"14417422647",7.71,"1",14417422647884
37,"14417422647",4.29,"1",14417422647884
38,"14417422647",9.86,"1",14417422647884
39,"14417422647",13.29,"1",14417422647884
40,"14417422647",15.0,"1",14417422647884
41,"14417422647",14.14,"1",14417422647884
42,"14417422647",33.86,"1",14417422647884
43,"14417422647",42.43,"1",14417422647884
44,"14417422647",48.86,"1",14417422647884
45,"14417422647",68.14,"1",14417422647884
46,"14417422647",96.43,"1",14417422647884
47,"14417422647",150.43,"1",14417422647884
48,"14417422647",204.43,"1",14417422647884
48,"14417422647",204.43,"1b",14417422647885
49,"14417422647",408.86,"1b",14417422647885
49,"14417422647",408.86,"2",14417422647886
50,"14417422647",532.29,"2",14417422647886
50,"14417422647",532.29,"3",14417422647887
51,"14417422647",347.14,"3",14417422647887
51,"14417422647",347.14,"4",14417422647888
52,"14417422647",277.71,"4",14417422647888
53,"14417422647",104.14,"4",14417422647888
54,"14417422647",92.57,"4",14417422647888
54,"14417422647",92.57,"3",14417422647889
55,"14417422647",92.57,"3",14417422647889
56,"14417422647",69.43,"3",14417422647889
56,"14417422647",69.43,"2",14417422647890
57,"14417422647",46.29,"2",14417422647890
58,"14417422647",15.43,"2",14417422647890
58,"14417422647",15.43,"1b",14417422647891
59,"14417422647",23.14,"1b",14417422647891
60,"14417422647",30.86,"1b",14417422647891
60,"14417422647",30.86,"1",14417422647892
61,"14417422647",34.71,"1",14417422647892
62,"14417422647",27.0,"1",14417422647892
63,"14417422647",18.0,"1",14417422647892
64,"14417422647",19.29,"1",14417422647892
65,"14417422647",23.14,"1",14417422647892
66,"14417422647",46.29,"1",14417422647892
67,"14417422647",51.43,"1",14417422647892
68,"14417422647",60.43,"1",14417422647892
69,"14417422647",96.43,"1",14417422647892
70,"14417422647",115.71,"1",14417422647892
71,"14417422647",204.43,"1",14417422647892
72,"14417422647",308.57,"1",14417422647892
72,"14417422647",308.57,"1b",14417422647893
73,"14417422647",613.29,"1b",14417422647893
73,"14417422647",613.29,"2",14417422647894
74,"14417422647",509.14,"2",14417422647894
74,"14417422647",509.14,"3",14417422647895
75,"14417422647",416.57,"3",14417422647895
75,"14417422647",416.57,"4",14417422647896
76,"14417422647",324.0,"4",14417422647896
77,"14417422647",324.0,"4",14417422647896
78,"14417422647",115.71,"4",14417422647896
78,"14417422647",115.71,"3",14417422647897
79,"14417422647",92.57,"3",14417422647897
80,"14417422647",42.43,"3",14417422647897
81,"14417422647",61.71,"3",14417422647897
81,"14417422647",61.71,"1",14417690938898
0,"14417690938",0.0,"1",14417690938898
1,"14417690938",0.14,"1",14417690938898
1,"14417690938",0.14,"1b",14417690938899
2,"14417690938",0.0,"1b",14417690938899
3,"14417690938",0.29,"1b",14417690938899
4,"14417690938",2.29,"1b",14417690938899
5,"14417690938",5.86,"1b",14417690938899
5,"14417690938",5.86,"2",14417690938900
6,"14417690938",8.57,"2",14417690938900
6,"14417690938",8.57,"3",14417690938901
7,"14417690938",16.14,"3",14417690938901
8,"14417690938",13.29,"3",14417690938901
9,"14417690938",17.57,"3",14417690938901
10,"14417690938",18.43,"3",14417690938901
11,"14417690938",32.14,"3",14417690938901
11,"14417690938",32.14,"4",14417690938902
12,"14417690938",21.86,"4",14417690938902
13,"14417690938",9.0,"4",14417690938902
13,"14417690938",9.0,"3",14417690938903
14,"14417690938",7.71,"3",14417690938903
15,"14417690938",5.57,"3",14417690938903
15,"14417690938",5.57,"2",14417690938904
16,"14417690938",3.86,"2",14417690938904
17,"14417690938",3.0,"2",14417690938904
17,"14417690938",3.0,"1b",14417690938905
18,"14417690938",2.29,"1b",14417690938905
19,"14417690938",2.0,"1b",14417690938905
19,"14417690938",2.0,"1",14417690938906
20,"14417690938",2.86,"1",14417690938906
21,"14417690938",4.43,"1",14417690938906
22,"14417690938",8.71,"1",14417690938906
23,"14417690938",15.43,"1",14417690938906
24,"14417690938",23.14,"1",14417690938906
25,"14417690938",19.29,"1",14417690938906
26,"14417690938",18.0,"1",14417690938906
27,"14417690938",21.86,"1",14417690938906
28,"14417690938",64.29,"1",14417690938906
28,"14417690938",64.29,"1b",14417690938907
29,"14417690938",69.43,"1b",14417690938907
30,"14417690938",30.86,"1b",14417690938907
30,"14417690938",30.86,"1",14417690938908
31,"14417690938",11.57,"1",14417690938908
32,"14417690938",16.71,"1",14417690938908
33,"14417690938",23.14,"1",14417690938908
34,"14417690938",23.14,"1",14417690938908
35,"14417690938",34.71,"1",14417690938908
36,"14417690938",28.29,"1",14417690938908
37,"14417690938",27.0,"1",14417690938908
38,"14417690938",73.29,"1",14417690938908
39,"14417690938",198.0,"1",14417690938908
40,"14417690938",397.29,"1",14417690938908
40,"14417690938",397.29,"2",14417690938909
41,"14417690938",532.29,"2",14417690938909
41,"14417690938",532.29,"3",14417690938910
42,"14417690938",289.29,"3",14417690938910
42,"14417690938",289.29,"4",14417690938911
43,"14417690938",138.86,"4",14417690938911
44,"14417690938",104.14,"4",14417690938911
44,"14417690938",104.14,"3",14417690938912
45,"14417690938",27.0,"3",14417690938912
46,"14417690938",73.29,"3",14417690938912
46,"14417690938",73.29,"2",14417690938913
47,"14417690938",73.29,"2",14417690938913
48,"14417690938",81.0,"2",14417690938913
48,"14417690938",81.0,"1b",14417690938914
49,"14417690938",108.0,"1b",14417690938914
50,"14417690938",77.14,"1b",14417690938914
50,"14417690938",77.14,"1",14417690938915
51,"14417690938",192.86,"1",14417690938915
52,"14417690938",343.29,"1",14417690938915
53,"14417690938",543.86,"1",14417690938915
53,"14417690938",543.86,"2",14417690938916
54,"14417690938",1006.71,"2",14417690938916
54,"14417690938",1006.71,"3",14417690938917
55,"14417690938",798.43,"3",14417690938917
55,"14417690938",798.43,"4",14417690938918
56,"14417690938",763.71,"4",14417690938918
57,"14417690938",555.43,"4",14417690938918
58,"14417690938",381.86,"4",14417690938918
59,"14417690938",219.86,"4",14417690938918
60,"14417690938",208.29,"4",14417690938918
61,"14417690938",11.57,"4",14417690938918
61,"14417690938",11.57,"3",14417690938919
62,"14417690938",42.43,"3",14417690938919
63,"14417690938",10.29,"3",14417690938919
63,"14417690938",10.29,"2",14417690938920
64,"14417690938",20.57,"2",14417690938920
65,"14417690938",9.0,"2",14417690938920
65,"14417690938",9.0,"1b",14417690938921
66,"14417690938",14.14,"1b",14417690938921
67,"14417690938",5.14,"1b",14417690938921
67,"14417690938",5.14,"1",14417690938922
68,"14417690938",6.0,"1",14417690938922
69,"14417690938",6.43,"1",14417690938922
70,"14417690938",11.57,"1",14417690938922
71,"14417690938",9.86,"1",14417690938922
72,"14417690938",10.29,"1",14417690938922
73,"14417690938",6.0,"1",14417690938922
74,"14417690938",6.43,"1",14417690938922
75,"14417690938",9.0,"1",14417690938922
76,"14417690938",5.14,"1",14417690938922
77,"14417690938",2.14,"1",14417690938922
78,"14417690938",3.86,"1",14417690938922
79,"14417690938",4.43,"1",14417690938922
80,"14417690938",5.86,"1",14417690938922
81,"14417690938",13.0,"1",14417690938922
81,"14417690938",13.0,"1",14417736669922
0,"14417736669",0.0,"1",14417736669922
1,"14417736669",0.14,"1",14417736669922
2,"14417736669",2.0,"1",14417736669922
2,"14417736669",2.0,"1b",14417736669923
3,"14417736669",7.71,"1b",14417736669923
3,"14417736669",7.71,"3",14417736669924
4,"14417736669",10.14,"3",14417736669924
5,"14417736669",13.71,"3",14417736669924
6,"14417736669",7.71,"3",14417736669924
7,"14417736669",6.43,"3",14417736669924
8,"14417736669",7.71,"3",14417736669924
8,"14417736669",7.71,"2",14417736669925
9,"14417736669",7.71,"2",14417736669925
9,"14417736669",7.71,"3",14417736669926
10,"14417736669",4.29,"3",14417736669926
11,"14417736669",9.43,"3",14417736669926
12,"14417736669",6.0,"3",14417736669926
13,"14417736669",3.43,"3",14417736669926
13,"14417736669",3.43,"2",14417736669927
14,"14417736669",4.0,"2",14417736669927
15,"14417736669",4.86,"2",14417736669927
15,"14417736669",4.86,"1b",14417736669928
16,"14417736669",4.29,"1b",14417736669928
17,"14417736669",7.14,"1b",14417736669928
17,"14417736669",7.14,"1",14417736669929
18,"14417736669",5.71,"1",14417736669929
19,"14417736669",9.86,"1",14417736669929
20,"14417736669",13.71,"1",14417736669929
21,"14417736669",24.0,"1",14417736669929
22,"14417736669",31.29,"1",14417736669929
23,"14417736669",43.71,"1",14417736669929
24,"14417736669",34.71,"1",14417736669929
25,"14417736669",32.14,"1",14417736669929
25,"14417736669",32.14,"1b",14417736669930
26,"14417736669",33.43,"1b",14417736669930
26,"14417736669",33.43,"2",14417736669931
27,"14417736669",24.43,"2",14417736669931
28,"14417736669",11.57,"2",14417736669931
28,"14417736669",11.57,"1b",14417736669932
29,"14417736669",13.29,"1b",14417736669932
30,"14417736669",8.14,"1b",14417736669932
30,"14417736669",8.14,"1",14417736669933
31,"14417736669",5.14,"1",14417736669933
32,"14417736669",2.57,"1",14417736669933
33,"14417736669",2.43,"1",14417736669933
34,"14417736669",2.29,"1",14417736669933
35,"14417736669",1.29,"1",14417736669933
36,"14417736669",2.57,"1",14417736669933
37,"14417736669",3.29,"1",14417736669933
38,"14417736669",3.57,"1",14417736669933
39,"14417736669",10.57,"1",14417736669933
40,"14417736669",17.0,"1",14417736669933
41,"14417736669",26.14,"1",14417736669933
42,"14417736669",34.29,"1",14417736669933
43,"14417736669",70.71,"1",14417736669933
44,"14417736669",124.71,"1",14417736669933
45,"14417736669",115.71,"1",14417736669933
46,"14417736669",146.57,"1",14417736669933
47,"14417736669",173.57,"1",14417736669933
47,"14417736669",173.57,"1b",14417736669934
48,"14417736669",466.71,"1b",14417736669934
48,"14417736669",466.71,"2",14417736669935
49,"14417736669",567.0,"2",14417736669935
49,"14417736669",567.0,"3",14417736669936
50,"14417736669",405.0,"3",14417736669936
50,"14417736669",405.0,"4",14417736669937
51,"14417736669",277.71,"4",14417736669937
52,"14417736669",173.57,"4",14417736669937
53,"14417736669",92.57,"4",14417736669937
53,"14417736669",92.57,"3",14417736669938
54,"14417736669",115.71,"3",14417736669938
55,"14417736669",81.0,"3",14417736669938
55,"14417736669",81.0,"2",14417736669939
56,"14417736669",30.86,"2",14417736669939
57,"14417736669",27.0,"2",14417736669939
57,"14417736669",27.0,"1b",14417736669940
58,"14417736669",27.0,"1b",14417736669940
59,"14417736669",33.43,"1b",14417736669940
59,"14417736669",33.43,"1",14417736669941
60,"14417736669",20.57,"1",14417736669941
61,"14417736669",32.14,"1",14417736669941
62,"14417736669",73.29,"1",14417736669941
63,"14417736669",108.0,"1",14417736669941
64,"14417736669",127.29,"1",14417736669941
65,"14417736669",185.14,"1",14417736669941
66,"14417736669",243.0,"1",14417736669941
67,"14417736669",312.43,"1",14417736669941
67,"14417736669",312.43,"1b",14417736669942
68,"14417736669",451.29,"1b",14417736669942
68,"14417736669",451.29,"2",14417736669943
69,"14417736669",474.43,"2",14417736669943
69,"14417736669",474.43,"3",14417736669944
70,"14417736669",266.14,"3",14417736669944
70,"14417736669",266.14,"4",14417736669945
71,"14417736669",115.71,"4",14417736669945
72,"14417736669",92.57,"4",14417736669945
73,"14417736669",57.86,"4",14417736669945
73,"14417736669",57.86,"3",14417736669946
74,"14417736669",46.29,"3",14417736669946
75,"14417736669",27.0,"3",14417736669946
75,"14417736669",27.0,"2",14417736669947
76,"14417736669",30.86,"2",14417736669947
77,"14417736669",12.86,"2",14417736669947
77,"14417736669",12.86,"1b",14417736669948
78,"14417736669",5.14,"1b",14417736669948
79,"14417736669",6.86,"1b",14417736669948
79,"14417736669",6.86,"1",14417736669949
80,"14417736669",2.14,"1",14417736669949
81,"14417736669",0.86,"1",14417736669949
81,"14417736669",0.86,"1",14418465775949
0,"14418465775",0.0,"1",14418465775949
1,"14418465775",1.0,"1",14418465775949
1,"14418465775",1.0,"1b",14418465775950
2,"14418465775",5.14,"1b",14418465775950
2,"14418465775",5.14,"2",14418465775951
3,"14418465775",7.29,"2",14418465775951
3,"14418465775",7.29,"3",14418465775952
4,"14418465775",13.0,"3",14418465775952
5,"14418465775",13.29,"3",14418465775952
6,"14418465775",8.14,"3",14418465775952
7,"14418465775",8.14,"3",14418465775952
7,"14418465775",8.14,"2",14418465775953
8,"14418465775",9.86,"2",14418465775953
8,"14418465775",9.86,"3",14418465775954
9,"14418465775",7.71,"3",14418465775954
10,"14418465775",8.14,"3",14418465775954
11,"14418465775",5.57,"3",14418465775954
12,"14418465775",3.43,"3",14418465775954
12,"14418465775",3.43,"2",14418465775955
13,"14418465775",6.86,"2",14418465775955
13,"14418465775",6.86,"3",14418465775956
14,"14418465775",1.71,"3",14418465775956
15,"14418465775",1.14,"3",14418465775956
15,"14418465775",1.14,"2",14418465775957
16,"14418465775",1.43,"2",14418465775957
17,"14418465775",0.43,"2",14418465775957
17,"14418465775",0.43,"1b",14418465775958
18,"14418465775",0.71,"1b",14418465775958
19,"14418465775",0.57,"1b",14418465775958
19,"14418465775",0.57,"1",14418465775959
20,"14418465775",0.71,"1",14418465775959
21,"14418465775",0.71,"1",14418465775959
22,"14418465775",1.0,"1",14418465775959
23,"14418465775",1.0,"1",14418465775959
24,"14418465775",2.57,"1",14418465775959
25,"14418465775",4.14,"1",14418465775959
26,"14418465775",6.0,"1",14418465775959
27,"14418465775",9.14,"1",14418465775959
28,"14418465775",17.14,"1",14418465775959
29,"14418465775",27.86,"1",14418465775959
30,"14418465775",38.57,"1",14418465775959
31,"14418465775",33.43,"1",14418465775959
32,"14418465775",79.71,"1",14418465775959
33,"14418465775",96.43,"1",14418465775959
34,"14418465775",173.57,"1",14418465775959
35,"14418465775",262.29,"1",14418465775959
36,"14418465775",694.29,"1",14418465775959
36,"14418465775",694.29,"1b",14418465775960
37,"14418465775",1527.43,"1b",14418465775960
37,"14418465775",1527.43,"4",14418465775961
38,"14418465775",798.43,"4",14418465775961
39,"14418465775",486.0,"4",14418465775961
40,"14418465775",208.29,"4",14418465775961
41,"14418465775",138.86,"4",14418465775961
41,"14418465775",138.86,"3",14418465775962
42,"14418465775",38.57,"3",14418465775962
42,"14418465775",38.57,"4",14418465775963
43,"14418465775",30.86,"4",14418465775963
44,"14418465775",21.86,"4",14418465775963
44,"14418465775",21.86,"3",14418465775964
45,"14418465775",14.14,"3",14418465775964
46,"14418465775",5.14,"3",14418465775964
46,"14418465775",5.14,"2",14418465775965
47,"14418465775",6.86,"2",14418465775965
48,"14418465775",4.29,"2",14418465775965
48,"14418465775",4.29,"1b",14418465775966
49,"14418465775",3.86,"1b",14418465775966
50,"14418465775",4.29,"1b",14418465775966
50,"14418465775",4.29,"1",14418465775967
51,"14418465775",5.71,"1",14418465775967
52,"14418465775",8.57,"1",14418465775967
53,"14418465775",12.0,"1",14418465775967
54,"14418465775",16.29,"1",14418465775967
55,"14418465775",15.43,"1",14418465775967
56,"14418465775",22.29,"1",14418465775967
57,"14418465775",36.0,"1",14418465775967
58,"14418465775",16.71,"1",14418465775967
59,"14418465775",20.57,"1",14418465775967
60,"14418465775",39.86,"1",14418465775967
61,"14418465775",55.29,"1",14418465775967
62,"14418465775",100.29,"1",14418465775967
63,"14418465775",150.43,"1",14418465775967
64,"14418465775",246.86,"1",14418465775967
64,"14418465775",246.86,"1b",14418465775968
65,"14418465775",613.29,"1b",14418465775968
65,"14418465775",613.29,"2",14418465775969
66,"14418465775",648.0,"2",14418465775969
66,"14418465775",648.0,"3",14418465775970
67,"14418465775",486.0,"3",14418465775970
67,"14418465775",486.0,"4",14418465775971
68,"14418465775",451.29,"4",14418465775971
69,"14418465775",104.14,"4",14418465775971
70,"14418465775",196.71,"4",14418465775971
71,"14418465775",104.14,"4",14418465775971
71,"14418465775",104.14,"3",14418465775972
72,"14418465775",54.0,"3",14418465775972
73,"14418465775",27.0,"3",14418465775972
73,"14418465775",27.0,"2",14418465775973
74,"14418465775",21.86,"2",14418465775973
75,"14418465775",15.43,"2",14418465775973
75,"14418465775",15.43,"1b",14418465775974
76,"14418465775",9.0,"1b",14418465775974
77,"14418465775",7.71,"1b",14418465775974
77,"14418465775",7.71,"1",14418465775975
78,"14418465775",7.71,"1",14418465775975
79,"14418465775",6.86,"1",14418465775975
80,"14418465775",8.14,"1",14418465775975
81,"14418465775",10.71,"1",14418465775975
81,"14418465775",10.71,"1",14418565457975
0,"14418565457",0.0,"1",14418565457975
1,"14418565457",0.0,"1",14418565457975
2,"14418565457",0.86,"1",14418565457975
2,"14418565457",0.86,"1b",14418565457976
3,"14418565457",1.57,"1b",14418565457976
3,"14418565457",1.57,"2",14418565457977
4,"14418565457",2.57,"2",14418565457977
5,"14418565457",3.57,"2",14418565457977
6,"14418565457",4.86,"2",14418565457977
7,"14418565457",5.0,"2",14418565457977
7,"14418565457",5.0,"3",14418565457978
8,"14418565457",3.57,"3",14418565457978
9,"14418565457",2.71,"3",14418565457978
9,"14418565457",2.71,"2",14418565457979
10,"14418565457",3.86,"2",14418565457979
11,"14418565457",4.86,"2",14418565457979
12,"14418565457",3.43,"2",14418565457979
12,"14418565457",3.43,"3",14418565457980
13,"14418565457",2.0,"3",14418565457980
14,"14418565457",0.71,"3",14418565457980
14,"14418565457",0.71,"2",14418565457981
15,"14418565457",0.29,"2",14418565457981
16,"14418565457",0.0,"2",14418565457981
16,"14418565457",0.0,"1b",14418565457982
17,"14418565457",0.0,"1b",14418565457982
18,"14418565457",0.14,"1b",14418565457982
18,"14418565457",0.14,"1",14418565457983
19,"14418565457",0.29,"1",14418565457983
20,"14418565457",0.86,"1",14418565457983
21,"14418565457",0.57,"1",14418565457983
22,"14418565457",2.29,"1",14418565457983
23,"14418565457",1.86,"1",14418565457983
24,"14418565457",6.57,"1",14418565457983
25,"14418565457",7.71,"1",14418565457983
26,"14418565457",3.71,"1",14418565457983
27,"14418565457",3.43,"1",14418565457983
28,"14418565457",2.14,"1",14418565457983
29,"14418565457",1.86,"1",14418565457983
30,"14418565457",3.29,"1",14418565457983
31,"14418565457",3.86,"1",14418565457983
32,"14418565457",2.86,"1",14418565457983
33,"14418565457",2.29,"1",14418565457983
34,"14418565457",1.86,"1",14418565457983
35,"14418565457",2.57,"1",14418565457983
36,"14418565457",5.57,"1",14418565457983
37,"14418565457",6.14,"1",14418565457983
38,"14418565457",6.29,"1",14418565457983
39,"14418565457",4.29,"1",14418565457983
40,"14418565457",7.14,"1",14418565457983
41,"14418565457",13.71,"1",14418565457983
42,"14418565457",24.0,"1",14418565457983
43,"14418565457",28.29,"1",14418565457983
44,"14418565457",30.86,"1",14418565457983
45,"14418565457",29.57,"1",14418565457983
46,"14418565457",14.14,"1",14418565457983
47,"14418565457",12.86,"1",14418565457983
48,"14418565457",9.0,"1",14418565457983
49,"14418565457",2.57,"1",14418565457983
50,"14418565457",3.43,"1",14418565457983
51,"14418565457",2.57,"1",14418565457983
52,"14418565457",1.86,"1",14418565457983
53,"14418565457",1.0,"1",14418565457983
54,"14418565457",0.43,"1",14418565457983
55,"14418565457",0.57,"1",14418565457983
56,"14418565457",0.71,"1",14418565457983
57,"14418565457",1.71,"1",14418565457983
58,"14418565457",3.14,"1",14418565457983
59,"14418565457",3.43,"1",14418565457983
60,"14418565457",5.71,"1",14418565457983
61,"14418565457",7.0,"1",14418565457983
62,"14418565457",5.57,"1",14418565457983
63,"14418565457",11.57,"1",14418565457983
64,"14418565457",18.0,"1",14418565457983
65,"14418565457",21.43,"1",14418565457983
66,"14418565457",23.14,"1",14418565457983
67,"14418565457",33.43,"1",14418565457983
68,"14418565457",47.57,"1",14418565457983
69,"14418565457",97.71,"1",14418565457983
70,"14418565457",169.71,"1",14418565457983
71,"14418565457",285.43,"1",14418565457983
72,"14418565457",486.0,"1",14418565457983
72,"14418565457",486.0,"1b",14418565457984
73,"14418565457",509.14,"1b",14418565457984
73,"14418565457",509.14,"2",14418565457985
74,"14418565457",833.14,"2",14418565457985
74,"14418565457",833.14,"3",14418565457986
75,"14418565457",867.86,"3",14418565457986
75,"14418565457",867.86,"4",14418565457987
76,"14418565457",381.86,"4",14418565457987
77,"14418565457",416.57,"4",14418565457987
78,"14418565457",381.86,"4",14418565457987
79,"14418565457",127.29,"4",14418565457987
80,"14418565457",46.29,"4",14418565457987
80,"14418565457",46.29,"3",14418565457988
81,"14418565457",77.14,"3",14418565457988
81,"14418565457",77.14,"1",14418616910989
0,"14418616910",0.0,"1",14418616910989
1,"14418616910",0.29,"1",14418616910989
1,"14418616910",0.29,"1b",14418616910990
2,"14418616910",3.43,"1b",14418616910990
2,"14418616910",3.43,"2",14418616910991
3,"14418616910",2.71,"2",14418616910991
4,"14418616910",1.43,"2",14418616910991
5,"14418616910",1.0,"2",14418616910991
6,"14418616910",1.0,"2",14418616910991
7,"14418616910",0.71,"2",14418616910991
8,"14418616910",1.43,"2",14418616910991
9,"14418616910",1.14,"2",14418616910991
10,"14418616910",2.29,"2",14418616910991
11,"14418616910",2.0,"2",14418616910991
11,"14418616910",2.0,"1b",14418616910992
12,"14418616910",2.71,"1b",14418616910992
12,"14418616910",2.71,"2",14418616910993
13,"14418616910",4.14,"2",14418616910993
14,"14418616910",3.57,"2",14418616910993
14,"14418616910",3.57,"1b",14418616910994
15,"14418616910",2.86,"1b",14418616910994
16,"14418616910",2.86,"1b",14418616910994
16,"14418616910",2.86,"1",14418616910995
17,"14418616910",3.71,"1",14418616910995
18,"14418616910",5.14,"1",14418616910995
19,"14418616910",7.71,"1",14418616910995
20,"14418616910",6.43,"1",14418616910995
21,"14418616910",8.57,"1",14418616910995
22,"14418616910",3.86,"1",14418616910995
23,"14418616910",3.0,"1",14418616910995
24,"14418616910",2.57,"1",14418616910995
25,"14418616910",2.29,"1",14418616910995
26,"14418616910",3.29,"1",14418616910995
27,"14418616910",4.86,"1",14418616910995
28,"14418616910",1.86,"1",14418616910995
29,"14418616910",0.86,"1",14418616910995
30,"14418616910",1.86,"1",14418616910995
31,"14418616910",2.71,"1",14418616910995
32,"14418616910",5.0,"1",14418616910995
33,"14418616910",4.14,"1",14418616910995
34,"14418616910",6.43,"1",14418616910995
35,"14418616910",5.0,"1",14418616910995
36,"14418616910",3.29,"1",14418616910995
37,"14418616910",5.57,"1",14418616910995
38,"14418616910",4.86,"1",14418616910995
39,"14418616910",5.29,"1",14418616910995
40,"14418616910",4.29,"1",14418616910995
41,"14418616910",5.29,"1",14418616910995
42,"14418616910",4.86,"1",14418616910995
43,"14418616910",1.57,"1",14418616910995
44,"14418616910",3.71,"1",14418616910995
45,"14418616910",3.14,"1",14418616910995
46,"14418616910",6.43,"1",14418616910995
47,"14418616910",11.14,"1",14418616910995
48,"14418616910",11.57,"1",14418616910995
49,"14418616910",6.86,"1",14418616910995
50,"14418616910",5.57,"1",14418616910995
51,"14418616910",4.29,"1",14418616910995
52,"14418616910",12.43,"1",14418616910995
53,"14418616910",12.0,"1",14418616910995
54,"14418616910",10.71,"1",14418616910995
55,"14418616910",9.0,"1",14418616910995
56,"14418616910",8.14,"1",14418616910995
57,"14418616910",17.57,"1",14418616910995
58,"14418616910",15.86,"1",14418616910995
59,"14418616910",11.14,"1",14418616910995
60,"14418616910",10.71,"1",14418616910995
61,"14418616910",11.14,"1",14418616910995
62,"14418616910",17.57,"1",14418616910995
63,"14418616910",45.0,"1",14418616910995
64,"14418616910",57.86,"1",14418616910995
65,"14418616910",69.43,"1",14418616910995
66,"14418616910",65.57,"1",14418616910995
67,"14418616910",169.71,"1",14418616910995
68,"14418616910",281.57,"1",14418616910995
68,"14418616910",281.57,"1b",14418616910996
69,"14418616910",347.14,"1b",14418616910996
69,"14418616910",347.14,"2",14418616910997
70,"14418616910",219.86,"2",14418616910997
71,"14418616910",243.0,"2",14418616910997
71,"14418616910",243.0,"3",14418616910998
72,"14418616910",127.29,"3",14418616910998
73,"14418616910",208.29,"3",14418616910998
73,"14418616910",208.29,"4",14418616910999
74,"14418616910",127.29,"4",14418616910999
75,"14418616910",57.86,"4",14418616910999
76,"14418616910",30.86,"4",14418616910999
76,"14418616910",30.86,"3",144186169101000
77,"14418616910",15.43,"3",144186169101000
78,"14418616910",6.43,"3",144186169101000
78,"14418616910",6.43,"2",144186169101001
79,"14418616910",7.71,"2",144186169101001
80,"14418616910",7.29,"2",144186169101001
80,"14418616910",7.29,"1b",144186169101002
81,"14418616910",4.29,"1b",144186169101002
81,"14418616910",4.29,"1",144197249201003
0,"14419724920",0.14,"1",144197249201003
0,"14419724920",0.14,"1b",144197249201004
1,"14419724920",0.14,"1b",144197249201004
2,"14419724920",1.14,"1b",144197249201004
2,"14419724920",1.14,"2",144197249201005
3,"14419724920",1.0,"2",144197249201005
4,"14419724920",0.29,"2",144197249201005
4,"14419724920",0.29,"1b",144197249201006
5,"14419724920",0.57,"1b",144197249201006
6,"14419724920",1.57,"1b",144197249201006
7,"14419724920",4.86,"1b",144197249201006
7,"14419724920",4.86,"2",144197249201007
8,"14419724920",4.29,"2",144197249201007
8,"14419724920",4.29,"3",144197249201008
9,"14419724920",2.57,"3",144197249201008
10,"14419724920",2.86,"3",144197249201008
10,"14419724920",2.86,"2",144197249201009
11,"14419724920",3.57,"2",144197249201009
12,"14419724920",3.86,"2",144197249201009
13,"14419724920",4.43,"2",144197249201009
14,"14419724920",2.57,"2",144197249201009
14,"14419724920",2.57,"1b",144197249201010
15,"14419724920",2.57,"1b",144197249201010
16,"14419724920",7.0,"1b",144197249201010
16,"14419724920",7.0,"1",144197249201011
17,"14419724920",13.14,"1",144197249201011
18,"14419724920",13.29,"1",144197249201011
19,"14419724920",22.29,"1",144197249201011
20,"14419724920",19.29,"1",144197249201011
21,"14419724920",27.0,"1",144197249201011
22,"14419724920",23.14,"1",144197249201011
23,"14419724920",42.43,"1",144197249201011
24,"14419724920",56.57,"1",144197249201011
24,"14419724920",56.57,"1b",144197249201012
25,"14419724920",59.14,"1b",144197249201012
25,"14419724920",59.14,"2",144197249201013
26,"14419724920",100.29,"2",144197249201013
26,"14419724920",100.29,"3",144197249201014
27,"14419724920",42.43,"3",144197249201014
27,"14419724920",42.43,"4",144197249201015
28,"14419724920",27.0,"4",144197249201015
29,"14419724920",14.14,"4",144197249201015
29,"14419724920",14.14,"3",144197249201016
30,"14419724920",11.57,"3",144197249201016
31,"14419724920",4.29,"3",144197249201016
31,"14419724920",4.29,"2",144197249201017
32,"14419724920",6.0,"2",144197249201017
33,"14419724920",2.14,"2",144197249201017
33,"14419724920",2.14,"1b",144197249201018
34,"14419724920",1.43,"1b",144197249201018
35,"14419724920",1.86,"1b",144197249201018
35,"14419724920",1.86,"1",144197249201019
36,"14419724920",1.0,"1",144197249201019
37,"14419724920",1.29,"1",144197249201019
38,"14419724920",2.29,"1",144197249201019
39,"14419724920",3.0,"1",144197249201019
40,"14419724920",3.29,"1",144197249201019
41,"14419724920",6.14,"1",144197249201019
42,"14419724920",8.29,"1",144197249201019
43,"14419724920",17.14,"1",144197249201019
44,"14419724920",19.71,"1",144197249201019
45,"14419724920",15.43,"1",144197249201019
46,"14419724920",17.57,"1",144197249201019
47,"14419724920",21.0,"1",144197249201019
48,"14419724920",41.14,"1",144197249201019
49,"14419724920",52.71,"1",144197249201019
50,"14419724920",59.14,"1",144197249201019
51,"14419724920",92.57,"1",144197249201019
52,"14419724920",189.0,"1",144197249201019
53,"14419724920",297.0,"1",144197249201019
53,"14419724920",297.0,"1b",144197249201020
54,"14419724920",624.86,"1b",144197249201020
54,"14419724920",624.86,"2",144197249201021
55,"14419724920",601.71,"2",144197249201021
55,"14419724920",601.71,"3",144197249201022
56,"14419724920",902.57,"3",144197249201022
56,"14419724920",902.57,"4",144197249201023
57,"14419724920",347.14,"4",144197249201023
58,"14419724920",416.57,"4",144197249201023
59,"14419724920",266.14,"4",144197249201023
60,"14419724920",277.71,"4",144197249201023
61,"14419724920",92.57,"4",144197249201023
61,"14419724920",92.57,"3",144197249201024
62,"14419724920",30.86,"3",144197249201024
63,"14419724920",50.14,"3",144197249201024
63,"14419724920",50.14,"2",144197249201025
64,"14419724920",24.43,"2",144197249201025
65,"14419724920",7.71,"2",144197249201025
65,"14419724920",7.71,"1b",144197249201026
66,"14419724920",6.86,"1b",144197249201026
67,"14419724920",6.43,"1b",144197249201026
67,"14419724920",6.43,"1",144197249201027
68,"14419724920",5.14,"1",144197249201027
69,"14419724920",3.0,"1",144197249201027
70,"14419724920",3.0,"1",144197249201027
71,"14419724920",2.14,"1",144197249201027
72,"14419724920",3.14,"1",144197249201027
73,"14419724920",5.71,"1",144197249201027
74,"14419724920",6.0,"1",144197249201027
75,"14419724920",5.29,"1",144197249201027
76,"14419724920",12.71,"1",144197249201027
77,"14419724920",18.43,"1",144197249201027
78,"14419724920",36.0,"1",144197249201027
79,"14419724920",45.0,"1",144197249201027
80,"14419724920",57.86,"1",144197249201027
81,"14419724920",90.0,"1",144197249201027
81,"14419724920",90.0,"1",144197959611027
0,"14419795961",0.0,"1",144197959611027
1,"14419795961",0.0,"1",144197959611027
2,"14419795961",0.43,"1",144197959611027
3,"14419795961",1.57,"1",144197959611027
3,"14419795961",1.57,"1b",144197959611028
4,"14419795961",9.0,"1b",144197959611028
4,"14419795961",9.0,"2",144197959611029
5,"14419795961",21.86,"2",144197959611029
5,"14419795961",21.86,"3",144197959611030
6,"14419795961",18.0,"3",144197959611030
7,"14419795961",25.29,"3",144197959611030
8,"14419795961",28.29,"3",144197959611030
9,"14419795961",15.43,"3",144197959611030
9,"14419795961",15.43,"4",144197959611031
10,"14419795961",12.86,"4",144197959611031
11,"14419795961",6.43,"4",144197959611031
11,"14419795961",6.43,"3",144197959611032
12,"14419795961",6.86,"3",144197959611032
13,"14419795961",5.57,"3",144197959611032
13,"14419795961",5.57,"2",144197959611033
14,"14419795961",4.71,"2",144197959611033
15,"14419795961",7.71,"2",144197959611033
15,"14419795961",7.71,"1b",144197959611034
16,"14419795961",6.0,"1b",144197959611034
17,"14419795961",0.57,"1b",144197959611034
17,"14419795961",0.57,"1",144197959611035
18,"14419795961",2.14,"1",144197959611035
19,"14419795961",1.43,"1",144197959611035
20,"14419795961",2.0,"1",144197959611035
21,"14419795961",2.71,"1",144197959611035
22,"14419795961",2.43,"1",144197959611035
23,"14419795961",2.14,"1",144197959611035
24,"14419795961",1.29,"1",144197959611035
25,"14419795961",1.71,"1",144197959611035
26,"14419795961",4.0,"1",144197959611035
27,"14419795961",5.86,"1",144197959611035
28,"14419795961",13.57,"1",144197959611035
29,"14419795961",16.29,"1",144197959611035
30,"14419795961",22.71,"1",144197959611035
31,"14419795961",48.86,"1",144197959611035
32,"14419795961",66.86,"1",144197959611035
33,"14419795961",42.43,"1",144197959611035
34,"14419795961",118.29,"1",144197959611035
35,"14419795961",104.14,"1",144197959611035
36,"14419795961",192.86,"1",144197959611035
37,"14419795961",416.57,"1",144197959611035
38,"14419795961",1157.14,"1",144197959611035
38,"14419795961",1157.14,"1b",144197959611036
39,"14419795961",1631.57,"1b",144197959611036
39,"14419795961",1631.57,"3",144197959611037
40,"14419795961",2048.14,"3",144197959611037
40,"14419795961",2048.14,"4",144197959611038
41,"14419795961",1249.71,"4",144197959611038
42,"14419795961",833.14,"4",144197959611038
43,"14419795961",763.71,"4",144197959611038
44,"14419795961",451.29,"4",144197959611038
45,"14419795961",173.57,"4",144197959611038
46,"14419795961",162.0,"4",144197959611038
46,"14419795961",162.0,"3",144197959611039
47,"14419795961",3.86,"3",144197959611039
48,"14419795961",38.57,"3",144197959611039
48,"14419795961",38.57,"2",144197959611040
49,"14419795961",21.86,"2",144197959611040
50,"14419795961",6.43,"2",144197959611040
50,"14419795961",6.43,"1b",144197959611041
51,"14419795961",7.71,"1b",144197959611041
52,"14419795961",6.86,"1b",144197959611041
52,"14419795961",6.86,"1",144197959611042
53,"14419795961",8.57,"1",144197959611042
54,"14419795961",1.71,"1",144197959611042
55,"14419795961",9.86,"1",144197959611042
56,"14419795961",10.29,"1",144197959611042
57,"14419795961",23.14,"1",144197959611042
58,"14419795961",38.57,"1",144197959611042
59,"14419795961",47.57,"1",144197959611042
60,"14419795961",72.0,"1",144197959611042
61,"14419795961",123.43,"1",144197959611042
62,"14419795961",135.0,"1",144197959611042
63,"14419795961",216.0,"1",144197959611042
64,"14419795961",405.0,"1",144197959611042
64,"14419795961",405.0,"1b",144197959611043
65,"14419795961",729.0,"1b",144197959611043
65,"14419795961",729.0,"2",144197959611044
66,"14419795961",729.0,"2",144197959611044
66,"14419795961",729.0,"3",144197959611045
67,"14419795961",729.0,"3",144197959611045
67,"14419795961",729.0,"4",144197959611046
68,"14419795961",590.14,"4",144197959611046
69,"14419795961",173.57,"4",144197959611046
70,"14419795961",185.14,"4",144197959611046
71,"14419795961",127.29,"4",144197959611046
72,"14419795961",42.43,"4",144197959611046
72,"14419795961",42.43,"3",144197959611047
73,"14419795961",96.43,"3",144197959611047
74,"14419795961",15.43,"3",144197959611047
74,"14419795961",15.43,"2",144197959611048
75,"14419795961",23.14,"2",144197959611048
76,"14419795961",36.0,"2",144197959611048
76,"14419795961",36.0,"1b",144197959611049
77,"14419795961",24.43,"1b",144197959611049
78,"14419795961",16.71,"1b",144197959611049
78,"14419795961",16.71,"1",144197959611050
79,"14419795961",23.14,"1",144197959611050
80,"14419795961",11.57,"1",144197959611050
81,"14419795961",14.14,"1",144197959611050
81,"14419795961",14.14,"1",144198805171050
0,"14419880517",0.0,"1",144198805171050
1,"14419880517",0.0,"1",144198805171050
2,"14419880517",0.0,"1",144198805171050
3,"14419880517",0.43,"1",144198805171050
3,"14419880517",0.43,"1b",144198805171051
4,"14419880517",0.29,"1b",144198805171051
5,"14419880517",0.71,"1b",144198805171051
6,"14419880517",2.0,"1b",144198805171051
6,"14419880517",2.0,"2",144198805171052
7,"14419880517",1.71,"2",144198805171052
8,"14419880517",2.14,"2",144198805171052
9,"14419880517",3.0,"2",144198805171052
10,"14419880517",3.0,"2",144198805171052
11,"14419880517",2.71,"2",144198805171052
12,"14419880517",0.57,"2",144198805171052
12,"14419880517",0.57,"1b",144198805171053
13,"14419880517",0.71,"1b",144198805171053
14,"14419880517",1.14,"1b",144198805171053
14,"14419880517",1.14,"1",144198805171054
15,"14419880517",2.71,"1",144198805171054
16,"14419880517",5.86,"1",144198805171054
17,"14419880517",5.86,"1",144198805171054
18,"14419880517",8.14,"1",144198805171054
19,"14419880517",12.86,"1",144198805171054
20,"14419880517",13.71,"1",144198805171054
21,"14419880517",17.14,"1",144198805171054
22,"14419880517",21.43,"1",144198805171054
23,"14419880517",19.71,"1",144198805171054
24,"14419880517",45.0,"1",144198805171054
25,"14419880517",73.29,"1",144198805171054
25,"14419880517",73.29,"1b",144198805171055
26,"14419880517",63.0,"1b",144198805171055
26,"14419880517",63.0,"2",144198805171056
27,"14419880517",96.43,"2",144198805171056
27,"14419880517",96.43,"3",144198805171057
28,"14419880517",15.43,"3",144198805171057
28,"14419880517",15.43,"4",144198805171058
29,"14419880517",23.14,"4",144198805171058
30,"14419880517",23.14,"4",144198805171058
30,"14419880517",23.14,"3",144198805171059
31,"14419880517",9.0,"3",144198805171059
32,"14419880517",10.71,"3",144198805171059
32,"14419880517",10.71,"2",144198805171060
33,"14419880517",6.86,"2",144198805171060
34,"14419880517",7.71,"2",144198805171060
34,"14419880517",7.71,"1b",144198805171061
35,"14419880517",9.43,"1b",144198805171061
36,"14419880517",10.71,"1b",144198805171061
36,"14419880517",10.71,"1",144198805171062
37,"14419880517",9.86,"1",144198805171062
38,"14419880517",9.0,"1",144198805171062
39,"14419880517",14.57,"1",144198805171062
40,"14419880517",9.0,"1",144198805171062
41,"14419880517",4.29,"1",144198805171062
42,"14419880517",5.14,"1",144198805171062
43,"14419880517",3.29,"1",144198805171062
44,"14419880517",2.29,"1",144198805171062
45,"14419880517",3.29,"1",144198805171062
46,"14419880517",2.86,"1",144198805171062
47,"14419880517",4.0,"1",144198805171062
48,"14419880517",2.29,"1",144198805171062
49,"14419880517",1.29,"1",144198805171062
50,"14419880517",0.14,"1",144198805171062
51,"14419880517",0.43,"1",144198805171062
52,"14419880517",0.71,"1",144198805171062
53,"14419880517",0.86,"1",144198805171062
54,"14419880517",0.43,"1",144198805171062
55,"14419880517",1.43,"1",144198805171062
56,"14419880517",1.43,"1",144198805171062
57,"14419880517",1.57,"1",144198805171062
58,"14419880517",0.86,"1",144198805171062
59,"14419880517",2.0,"1",144198805171062
60,"14419880517",3.14,"1",144198805171062
61,"14419880517",2.29,"1",144198805171062
62,"14419880517",7.29,"1",144198805171062
63,"14419880517",15.86,"1",144198805171062
64,"14419880517",19.71,"1",144198805171062
65,"14419880517",18.43,"1",144198805171062
66,"14419880517",25.71,"1",144198805171062
67,"14419880517",14.14,"1",144198805171062
68,"14419880517",16.71,"1",144198805171062
69,"14419880517",15.43,"1",144198805171062
70,"14419880517",14.14,"1",144198805171062
71,"14419880517",11.14,"1",144198805171062
72,"14419880517",12.43,"1",144198805171062
73,"14419880517",12.86,"1",144198805171062
74,"14419880517",28.29,"1",144198805171062
75,"14419880517",60.0,"1",144198805171062
76,"14419880517",111.86,"1",144198805171062
77,"14419880517",212.14,"1",144198805171062
78,"14419880517",239.14,"1",144198805171062
78,"14419880517",239.14,"1b",144198805171063
79,"14419880517",266.14,"1b",144198805171063
80,"14419880517",312.43,"1b",144198805171063
81,"14419880517",393.43,"1",14513408801064
81,"14419880517",393.43,"1b",144198805171063
0,"1451340880",0.0,"1",14513408801064
1,"1451340880",0.0,"1",14513408801064
2,"1451340880",0.71,"1",14513408801064
2,"1451340880",0.71,"1b",14513408801065
3,"1451340880",0.43,"1b",14513408801065
4,"1451340880",0.0,"1b",14513408801065
5,"1451340880",0.86,"1b",14513408801065
6,"1451340880",1.0,"1b",14513408801065
7,"1451340880",1.0,"1b",14513408801065
7,"1451340880",1.0,"2",14513408801066
8,"1451340880",0.86,"2",14513408801066
9,"1451340880",0.57,"2",14513408801066
9,"1451340880",0.57,"1b",14513408801067
10,"1451340880",1.71,"1b",14513408801067
11,"1451340880",3.86,"1b",14513408801067
11,"1451340880",3.86,"2",14513408801068
12,"1451340880",2.71,"2",14513408801068
13,"1451340880",1.29,"2",14513408801068
14,"1451340880",2.0,"2",14513408801068
14,"1451340880",2.0,"1b",14513408801069
15,"1451340880",2.71,"1b",14513408801069
16,"1451340880",1.71,"1b",14513408801069
16,"1451340880",1.71,"1",14513408801070
17,"1451340880",1.57,"1",14513408801070
18,"1451340880",1.71,"1",14513408801070
19,"1451340880",1.14,"1",14513408801070
20,"1451340880",0.14,"1",14513408801070
21,"1451340880",0.71,"1",14513408801070
22,"1451340880",0.14,"1",14513408801070
23,"1451340880",0.14,"1",14513408801070
24,"1451340880",0.57,"1",14513408801070
25,"1451340880",2.29,"1",14513408801070
26,"1451340880",3.86,"1",14513408801070
27,"1451340880",5.71,"1",14513408801070
28,"1451340880",4.14,"1",14513408801070
29,"1451340880",3.71,"1",14513408801070
30,"1451340880",5.29,"1",14513408801070
31,"1451340880",4.0,"1",14513408801070
32,"1451340880",8.29,"1",14513408801070
33,"1451340880",13.71,"1",14513408801070
34,"1451340880",12.86,"1",14513408801070
35,"1451340880",14.14,"1",14513408801070
36,"1451340880",12.0,"1",14513408801070
37,"1451340880",16.29,"1",14513408801070
38,"1451340880",10.71,"1",14513408801070
39,"1451340880",10.29,"1",14513408801070
40,"1451340880",4.29,"1",14513408801070
41,"1451340880",1.71,"1",14513408801070
42,"1451340880",3.29,"1",14513408801070
43,"1451340880",2.57,"1",14513408801070
44,"1451340880",3.14,"1",14513408801070
45,"1451340880",2.43,"1",14513408801070
46,"1451340880",5.71,"1",14513408801070
47,"1451340880",9.71,"1",14513408801070
48,"1451340880",15.0,"1",14513408801070
49,"1451340880",16.29,"1",14513408801070
50,"1451340880",21.0,"1",14513408801070
51,"1451340880",27.43,"1",14513408801070
52,"1451340880",57.86,"1",14513408801070
53,"1451340880",43.71,"1",14513408801070
54,"1451340880",55.29,"1",14513408801070
55,"1451340880",64.29,"1",14513408801070
56,"1451340880",108.0,"1",14513408801070
57,"1451340880",138.86,"1",14513408801070
58,"1451340880",92.57,"1",14513408801070
59,"1451340880",115.71,"1",14513408801070
60,"1451340880",96.43,"1",14513408801070
61,"1451340880",84.86,"1",14513408801070
62,"1451340880",135.0,"1",14513408801070
63,"1451340880",69.43,"1",14513408801070
64,"1451340880",73.29,"1",14513408801070
65,"1451340880",69.43,"1",14513408801070
66,"1451340880",88.71,"1",14513408801070
67,"1451340880",77.14,"1",14513408801070
68,"1451340880",150.43,"1",14513408801070
69,"1451340880",138.86,"1",14513408801070
70,"1451340880",212.14,"1",14513408801070
71,"1451340880",416.57,"1",14513408801070
72,"1451340880",462.86,"1",14513408801070
72,"1451340880",462.86,"1b",14513408801071
73,"1451340880",289.29,"1b",14513408801071
73,"1451340880",289.29,"3",14513408801072
74,"1451340880",162.0,"3",14513408801072
75,"1451340880",173.57,"3",14513408801072
75,"1451340880",173.57,"2",14513408801073
76,"1451340880",150.43,"2",14513408801073
77,"1451340880",173.57,"2",14513408801073
77,"1451340880",173.57,"3",14513408801074
78,"1451340880",173.57,"3",14513408801074
79,"1451340880",231.43,"3",14513408801074
79,"1451340880",231.43,"2",14513408801075
80,"1451340880",324.0,"2",14513408801075
80,"1451340880",324.0,"3",14513408801076
81,"1451340880",231.43,"3",14513408801076
81,"1451340880",231.43,"1",14514349101077
0,"1451434910",0.0,"1",14514349101077
1,"1451434910",1.0,"1",14514349101077
2,"1451434910",4.71,"1",14514349101077
2,"1451434910",4.71,"2",14514349101078
3,"1451434910",9.14,"2",14514349101078
3,"1451434910",9.14,"3",14514349101079
4,"1451434910",12.0,"3",14514349101079
5,"1451434910",7.71,"3",14514349101079
6,"1451434910",5.14,"3",14514349101079
7,"1451434910",3.86,"3",14514349101079
7,"1451434910",3.86,"2",14514349101080
8,"1451434910",7.71,"2",14514349101080
8,"1451434910",7.71,"3",14514349101081
9,"1451434910",10.29,"3",14514349101081
10,"1451434910",6.43,"3",14514349101081
11,"1451434910",6.0,"3",14514349101081
12,"1451434910",5.57,"3",14514349101081
12,"1451434910",5.57,"2",14514349101082
13,"1451434910",4.29,"2",14514349101082
14,"1451434910",3.0,"2",14514349101082
14,"1451434910",3.0,"1b",14514349101083
15,"1451434910",5.86,"1b",14514349101083
16,"1451434910",3.86,"1b",14514349101083
16,"1451434910",3.86,"1",14514349101084
17,"1451434910",6.0,"1",14514349101084
18,"1451434910",6.86,"1",14514349101084
19,"1451434910",5.57,"1",14514349101084
20,"1451434910",9.86,"1",14514349101084
21,"1451434910",15.43,"1",14514349101084
22,"1451434910",14.14,"1",14514349101084
23,"1451434910",13.71,"1",14514349101084
24,"1451434910",19.71,"1",14514349101084
25,"1451434910",48.0,"1",14514349101084
25,"1451434910",48.0,"1b",14514349101085
26,"1451434910",37.29,"1b",14514349101085
27,"1451434910",39.86,"1b",14514349101085
27,"1451434910",39.86,"2",14514349101086
28,"1451434910",37.29,"2",14514349101086
28,"1451434910",37.29,"3",14514349101087
29,"1451434910",32.14,"3",14514349101087
30,"1451434910",38.57,"3",14514349101087
30,"1451434910",38.57,"2",14514349101088
31,"1451434910",24.43,"2",14514349101088
32,"1451434910",9.0,"2",14514349101088
32,"1451434910",9.0,"1b",14514349101089
33,"1451434910",3.86,"1b",14514349101089
34,"1451434910",6.0,"1b",14514349101089
34,"1451434910",6.0,"1",14514349101090
35,"1451434910",2.29,"1",14514349101090
36,"1451434910",4.71,"1",14514349101090
37,"1451434910",5.0,"1",14514349101090
38,"1451434910",10.57,"1",14514349101090
39,"1451434910",7.71,"1",14514349101090
40,"1451434910",7.29,"1",14514349101090
41,"1451434910",9.43,"1",14514349101090
42,"1451434910",9.43,"1",14514349101090
43,"1451434910",15.43,"1",14514349101090
44,"1451434910",21.86,"1",14514349101090
45,"1451434910",28.71,"1",14514349101090
46,"1451434910",52.71,"1",14514349101090
47,"1451434910",61.71,"1",14514349101090
48,"1451434910",117.0,"1",14514349101090
49,"1451434910",146.57,"1",14514349101090
50,"1451434910",177.43,"1",14514349101090
51,"1451434910",192.86,"1",14514349101090
51,"1451434910",192.86,"1b",14514349101091
52,"1451434910",277.71,"1b",14514349101091
53,"1451434910",196.71,"1b",14514349101091
53,"1451434910",196.71,"1",14514349101092
54,"1451434910",266.14,"1",14514349101092
54,"1451434910",266.14,"1b",14514349101093
55,"1451434910",381.86,"1b",14514349101093
55,"1451434910",381.86,"2",14514349101094
56,"1451434910",729.0,"2",14514349101094
56,"1451434910",729.0,"3",14514349101095
57,"1451434910",752.14,"3",14514349101095
57,"1451434910",752.14,"4",14514349101096
58,"1451434910",381.86,"4",14514349101096
59,"1451434910",173.57,"4",14514349101096
60,"1451434910",254.57,"4",14514349101096
61,"1451434910",115.71,"4",14514349101096
61,"1451434910",115.71,"3",14514349101097
62,"1451434910",69.43,"3",14514349101097
63,"1451434910",77.14,"3",14514349101097
63,"1451434910",77.14,"2",14514349101098
64,"1451434910",42.43,"2",14514349101098
65,"1451434910",15.43,"2",14514349101098
65,"1451434910",15.43,"1b",14514349101099
66,"1451434910",18.0,"1b",14514349101099
67,"1451434910",11.57,"1b",14514349101099
67,"1451434910",11.57,"1",14514349101100
68,"1451434910",11.57,"1",14514349101100
69,"1451434910",8.57,"1",14514349101100
70,"1451434910",5.14,"1",14514349101100
71,"1451434910",3.86,"1",14514349101100
72,"1451434910",6.0,"1",14514349101100
73,"1451434910",14.57,"1",14514349101100
74,"1451434910",29.57,"1",14514349101100
75,"1451434910",78.86,"1",14514349101100
76,"1451434910",137.57,"1",14514349101100
77,"1451434910",223.71,"1",14514349101100
77,"1451434910",223.71,"1b",14514349101101
78,"1451434910",351.0,"1b",14514349101101
78,"1451434910",351.0,"2",14514349101102
79,"1451434910",324.0,"2",14514349101102
79,"1451434910",324.0,"3",14514349101103
80,"1451434910",196.71,"3",14514349101103
81,"1451434910",104.14,"3",14514349101103
81,"1451434910",104.14,"1",14514512501104
0,"1451451250",0.0,"1",14514512501104
1,"1451451250",0.0,"1",14514512501104
2,"1451451250",1.57,"1",14514512501104
3,"1451451250",16.71,"1",14514512501104
3,"1451451250",16.71,"3",14514512501105
4,"1451451250",37.71,"3",14514512501105
4,"1451451250",37.71,"4",14514512501106
5,"1451451250",61.71,"4",14514512501106
6,"1451451250",28.29,"4",14514512501106
7,"1451451250",15.43,"4",14514512501106
8,"1451451250",9.0,"4",14514512501106
8,"1451451250",9.0,"3",14514512501107
9,"1451451250",11.57,"3",14514512501107
10,"1451451250",12.43,"3",14514512501107
11,"1451451250",6.0,"3",14514512501107
11,"1451451250",6.0,"2",14514512501108
12,"1451451250",2.57,"2",14514512501108
13,"1451451250",7.29,"2",14514512501108
13,"1451451250",7.29,"3",14514512501109
14,"1451451250",11.14,"3",14514512501109
15,"1451451250",6.86,"3",14514512501109
15,"1451451250",6.86,"2",14514512501110
16,"1451451250",5.14,"2",14514512501110
17,"1451451250",5.57,"2",14514512501110
17,"1451451250",5.57,"1b",14514512501111
18,"1451451250",7.71,"1b",14514512501111
19,"1451451250",6.86,"1b",14514512501111
19,"1451451250",6.86,"1",14514512501112
20,"1451451250",4.71,"1",14514512501112
21,"1451451250",1.71,"1",14514512501112
22,"1451451250",2.71,"1",14514512501112
23,"1451451250",2.43,"1",14514512501112
24,"1451451250",0.86,"1",14514512501112
25,"1451451250",1.86,"1",14514512501112
26,"1451451250",3.14,"1",14514512501112
27,"1451451250",5.71,"1",14514512501112
28,"1451451250",6.14,"1",14514512501112
29,"1451451250",7.43,"1",14514512501112
30,"1451451250",14.57,"1",14514512501112
31,"1451451250",16.29,"1",14514512501112
32,"1451451250",17.14,"1",14514512501112
33,"1451451250",27.0,"1",14514512501112
34,"1451451250",16.71,"1",14514512501112
35,"1451451250",9.0,"1",14514512501112
36,"1451451250",10.29,"1",14514512501112
37,"1451451250",12.43,"1",14514512501112
38,"1451451250",8.57,"1",14514512501112
39,"1451451250",9.0,"1",14514512501112
40,"1451451250",10.71,"1",14514512501112
41,"1451451250",21.0,"1",14514512501112
42,"1451451250",29.57,"1",14514512501112
43,"1451451250",39.86,"1",14514512501112
44,"1451451250",69.43,"1",14514512501112
45,"1451451250",124.71,"1",14514512501112
46,"1451451250",354.86,"1",14514512501112
47,"1451451250",416.57,"1",14514512501112
47,"1451451250",416.57,"1b",14514512501113
48,"1451451250",462.86,"1b",14514512501113
48,"1451451250",462.86,"2",14514512501114
49,"1451451250",590.14,"2",14514512501114
49,"1451451250",590.14,"3",14514512501115
50,"1451451250",844.71,"3",14514512501115
50,"1451451250",844.71,"4",14514512501116
51,"1451451250",590.14,"4",14514512501116
52,"1451451250",520.71,"4",14514512501116
53,"1451451250",243.0,"4",14514512501116
54,"1451451250",185.14,"4",14514512501116
55,"1451451250",173.57,"4",14514512501116
56,"1451451250",104.14,"4",14514512501116
56,"1451451250",104.14,"3",14514512501117
57,"1451451250",73.29,"3",14514512501117
58,"1451451250",42.43,"3",14514512501117
58,"1451451250",42.43,"2",14514512501118
59,"1451451250",57.86,"2",14514512501118
60,"1451451250",50.14,"2",14514512501118
60,"1451451250",50.14,"1b",14514512501119
61,"1451451250",30.86,"1b",14514512501119
62,"1451451250",28.29,"1b",14514512501119
62,"1451451250",28.29,"1",14514512501120
63,"1451451250",18.0,"1",14514512501120
64,"1451451250",37.29,"1",14514512501120
65,"1451451250",51.43,"1",14514512501120
66,"1451451250",78.43,"1",14514512501120
67,"1451451250",177.43,"1",14514512501120
68,"1451451250",131.14,"1",14514512501120
69,"1451451250",181.29,"1",14514512501120
70,"1451451250",277.71,"1",14514512501120
71,"1451451250",578.57,"1",14514512501120
71,"1451451250",578.57,"1b",14514512501121
72,"1451451250",960.43,"1b",14514512501121
72,"1451451250",960.43,"2",14514512501122
73,"1451451250",1110.86,"2",14514512501122
73,"1451451250",1110.86,"3",14514512501123
74,"1451451250",1596.86,"3",14514512501123
74,"1451451250",1596.86,"4",14514512501124
75,"1451451250",1110.86,"4",14514512501124
76,"1451451250",347.14,"4",14514512501124
77,"1451451250",451.29,"4",14514512501124
78,"1451451250",243.0,"4",14514512501124
79,"1451451250",162.0,"4",14514512501124
80,"1451451250",92.57,"4",14514512501124
80,"1451451250",92.57,"3",14514512501125
81,"1451451250",84.86,"3",14514512501125
81,"1451451250",84.86,"1",14516421481126
0,"1451642148",0.0,"1",14516421481126
1,"1451642148",1.0,"1",14516421481126
1,"1451642148",1.0,"1b",14516421481127
2,"1451642148",3.86,"1b",14516421481127
2,"1451642148",3.86,"2",14516421481128
3,"1451642148",9.29,"2",14516421481128
3,"1451642148",9.29,"3",14516421481129
4,"1451642148",12.57,"3",14516421481129
5,"1451642148",15.43,"3",14516421481129
6,"1451642148",10.71,"3",14516421481129
7,"1451642148",20.14,"3",14516421481129
8,"1451642148",15.43,"3",14516421481129
9,"1451642148",15.86,"3",14516421481129
10,"1451642148",8.57,"3",14516421481129
11,"1451642148",8.57,"3",14516421481129
12,"1451642148",12.43,"3",14516421481129
13,"1451642148",11.14,"3",14516421481129
14,"1451642148",6.43,"3",14516421481129
14,"1451642148",6.43,"2",14516421481130
15,"1451642148",7.29,"2",14516421481130
16,"1451642148",6.43,"2",14516421481130
16,"1451642148",6.43,"1b",14516421481131
17,"1451642148",2.57,"1b",14516421481131
18,"1451642148",3.57,"1b",14516421481131
18,"1451642148",3.57,"1",14516421481132
19,"1451642148",6.57,"1",14516421481132
20,"1451642148",13.43,"1",14516421481132
21,"1451642148",27.86,"1",14516421481132
22,"1451642148",32.57,"1",14516421481132
22,"1451642148",32.57,"1b",14516421481133
23,"1451642148",30.86,"1b",14516421481133
23,"1451642148",30.86,"2",14516421481134
24,"1451642148",16.71,"2",14516421481134
25,"1451642148",14.14,"2",14516421481134
25,"1451642148",14.14,"1b",14516421481135
26,"1451642148",8.57,"1b",14516421481135
27,"1451642148",10.29,"1b",14516421481135
27,"1451642148",10.29,"1",14516421481136
28,"1451642148",17.57,"1",14516421481136
29,"1451642148",23.14,"1",14516421481136
30,"1451642148",36.86,"1",14516421481136
31,"1451642148",43.71,"1",14516421481136
32,"1451642148",60.43,"1",14516421481136
33,"1451642148",163.29,"1",14516421481136
34,"1451642148",270.0,"1",14516421481136
35,"1451642148",972.0,"1",14516421481136
35,"1451642148",972.0,"2",14516421481137
36,"1451642148",995.14,"2",14516421481137
36,"1451642148",995.14,"3",14516421481138
37,"1451642148",729.0,"3",14516421481138
37,"1451642148",729.0,"4",14516421481139
38,"1451642148",555.43,"4",14516421481139
39,"1451642148",138.86,"4",14516421481139
39,"1451642148",138.86,"3",14516421481140
40,"1451642148",486.0,"3",14516421481140
40,"1451642148",486.0,"4",14516421481141
41,"1451642148",289.29,"4",14516421481141
42,"1451642148",173.57,"4",14516421481141
43,"1451642148",104.14,"4",14516421481141
43,"1451642148",104.14,"3",14516421481142
44,"1451642148",146.57,"3",14516421481142
45,"1451642148",61.71,"3",14516421481142
45,"1451642148",61.71,"2",14516421481143
46,"1451642148",34.71,"2",14516421481143
47,"1451642148",69.43,"2",14516421481143
47,"1451642148",69.43,"1b",14516421481144
48,"1451642148",61.71,"1b",14516421481144
49,"1451642148",57.86,"1b",14516421481144
49,"1451642148",57.86,"1",14516421481145
50,"1451642148",73.29,"1",14516421481145
51,"1451642148",84.86,"1",14516421481145
52,"1451642148",135.0,"1",14516421481145
53,"1451642148",192.86,"1",14516421481145
54,"1451642148",532.29,"1",14516421481145
54,"1451642148",532.29,"1b",14516421481146
55,"1451642148",682.71,"1b",14516421481146
55,"1451642148",682.71,"3",14516421481147
56,"1451642148",763.71,"3",14516421481147
56,"1451642148",763.71,"4",14516421481148
57,"1451642148",937.29,"4",14516421481148
58,"1451642148",520.71,"4",14516421481148
59,"1451642148",277.71,"4",14516421481148
60,"1451642148",208.29,"4",14516421481148
61,"1451642148",69.43,"4",14516421481148
61,"1451642148",69.43,"3",14516421481149
62,"1451642148",19.29,"3",14516421481149
63,"1451642148",34.71,"3",14516421481149
63,"1451642148",34.71,"2",14516421481150
64,"1451642148",9.0,"2",14516421481150
65,"1451642148",16.71,"2",14516421481150
65,"1451642148",16.71,"1b",14516421481151
66,"1451642148",12.0,"1b",14516421481151
67,"1451642148",11.14,"1b",14516421481151
67,"1451642148",11.14,"1",14516421481152
68,"1451642148",5.14,"1",14516421481152
69,"1451642148",3.86,"1",14516421481152
70,"1451642148",12.43,"1",14516421481152
71,"1451642148",26.57,"1",14516421481152
72,"1451642148",37.29,"1",14516421481152
73,"1451642148",48.86,"1",14516421481152
74,"1451642148",63.0,"1",14516421481152
75,"1451642148",61.71,"1",14516421481152
76,"1451642148",77.14,"1",14516421481152
77,"1451642148",54.0,"1",14516421481152
78,"1451642148",20.57,"1",14516421481152
79,"1451642148",23.14,"1",14516421481152
80,"1451642148",27.0,"1",14516421481152
81,"1451642148",20.57,"1",14516421481152
81,"1451642148",20.57,"1",14519724091152
0,"1451972409",0.0,"1",14519724091152
1,"1451972409",0.14,"1",14519724091152
2,"1451972409",1.29,"1",14519724091152
2,"1451972409",1.29,"1b",14519724091153
3,"1451972409",7.0,"1b",14519724091153
3,"1451972409",7.0,"3",14519724091154
4,"1451972409",5.71,"3",14519724091154
5,"1451972409",3.71,"3",14519724091154
5,"1451972409",3.71,"2",14519724091155
6,"1451972409",4.29,"2",14519724091155
7,"1451972409",5.86,"2",14519724091155
8,"1451972409",5.29,"2",14519724091155
9,"1451972409",5.0,"2",14519724091155
10,"1451972409",5.86,"2",14519724091155
10,"1451972409",5.86,"3",14519724091156
11,"1451972409",4.14,"3",14519724091156
12,"1451972409",4.29,"3",14519724091156
12,"1451972409",4.29,"2",14519724091157
13,"1451972409",3.43,"2",14519724091157
14,"1451972409",3.0,"2",14519724091157
14,"1451972409",3.0,"1b",14519724091158
15,"1451972409",3.57,"1b",14519724091158
16,"1451972409",3.57,"1b",14519724091158
16,"1451972409",3.57,"1",14519724091159
17,"1451972409",4.0,"1",14519724091159
18,"1451972409",4.0,"1",14519724091159
19,"1451972409",3.71,"1",14519724091159
20,"1451972409",3.71,"1",14519724091159
21,"1451972409",2.86,"1",14519724091159
22,"1451972409",3.0,"1",14519724091159
23,"1451972409",4.43,"1",14519724091159
24,"1451972409",5.57,"1",14519724091159
25,"1451972409",4.57,"1",14519724091159
26,"1451972409",2.43,"1",14519724091159
27,"1451972409",4.0,"1",14519724091159
28,"1451972409",4.43,"1",14519724091159
29,"1451972409",2.29,"1",14519724091159
30,"1451972409",1.71,"1",14519724091159
31,"1451972409",1.43,"1",14519724091159
32,"1451972409",1.14,"1",14519724091159
33,"1451972409",2.29,"1",14519724091159
34,"1451972409",1.57,"1",14519724091159
35,"1451972409",2.0,"1",14519724091159
36,"1451972409",0.57,"1",14519724091159
37,"1451972409",1.14,"1",14519724091159
38,"1451972409",3.57,"1",14519724091159
39,"1451972409",4.86,"1",14519724091159
40,"1451972409",4.71,"1",14519724091159
41,"1451972409",3.29,"1",14519724091159
42,"1451972409",4.71,"1",14519724091159
43,"1451972409",4.0,"1",14519724091159
44,"1451972409",2.43,"1",14519724091159
45,"1451972409",1.29,"1",14519724091159
46,"1451972409",3.14,"1",14519724091159
47,"1451972409",5.86,"1",14519724091159
48,"1451972409",6.29,"1",14519724091159
49,"1451972409",11.57,"1",14519724091159
50,"1451972409",21.0,"1",14519724091159
51,"1451972409",19.29,"1",14519724091159
52,"1451972409",19.29,"1",14519724091159
53,"1451972409",20.57,"1",14519724091159
54,"1451972409",11.57,"1",14519724091159
55,"1451972409",8.14,"1",14519724091159
56,"1451972409",9.0,"1",14519724091159
57,"1451972409",8.14,"1",14519724091159
58,"1451972409",12.0,"1",14519724091159
59,"1451972409",7.29,"1",14519724091159
60,"1451972409",8.57,"1",14519724091159
61,"1451972409",5.57,"1",14519724091159
62,"1451972409",5.57,"1",14519724091159
63,"1451972409",10.29,"1",14519724091159
64,"1451972409",11.57,"1",14519724091159
65,"1451972409",9.43,"1",14519724091159
66,"1451972409",12.86,"1",14519724091159
67,"1451972409",10.71,"1",14519724091159
68,"1451972409",13.29,"1",14519724091159
69,"1451972409",8.57,"1",14519724091159
70,"1451972409",13.71,"1",14519724091159
71,"1451972409",10.29,"1",14519724091159
72,"1451972409",13.29,"1",14519724091159
73,"1451972409",9.86,"1",14519724091159
74,"1451972409",15.0,"1",14519724091159
75,"1451972409",9.43,"1",14519724091159
76,"1451972409",18.43,"1",14519724091159
77,"1451972409",17.57,"1",14519724091159
78,"1451972409",14.14,"1",14519724091159
79,"1451972409",19.71,"1",14519724091159
80,"1451972409",20.14,"1",14519724091159
81,"1451972409",18.0,"1",14519724091159
81,"1451972409",18.0,"1",14520562931159
0,"1452056293",0.43,"1",14520562931159
1,"1452056293",4.14,"1",14520562931159
1,"1452056293",4.14,"2",14520562931160
2,"1452056293",10.43,"2",14520562931160
2,"1452056293",10.43,"3",14520562931161
3,"1452056293",12.86,"3",14520562931161
4,"1452056293",18.43,"3",14520562931161
5,"1452056293",18.0,"3",14520562931161
6,"1452056293",31.71,"3",14520562931161
7,"1452056293",36.0,"3",14520562931161
8,"1452056293",24.43,"3",14520562931161
9,"1452056293",10.29,"3",14520562931161
10,"1452056293",6.86,"3",14520562931161
11,"1452056293",8.14,"3",14520562931161
12,"1452056293",3.0,"3",14520562931161
12,"1452056293",3.0,"2",14520562931162
13,"1452056293",6.43,"2",14520562931162
14,"1452056293",5.57,"2",14520562931162
14,"1452056293",5.57,"3",14520562931163
15,"1452056293",8.14,"3",14520562931163
16,"1452056293",1.71,"3",14520562931163
16,"1452056293",1.71,"2",14520562931164
17,"1452056293",3.57,"2",14520562931164
18,"1452056293",1.86,"2",14520562931164
18,"1452056293",1.86,"1b",14520562931165
19,"1452056293",1.29,"1b",14520562931165
20,"1452056293",4.43,"1b",14520562931165
20,"1452056293",4.43,"1",14520562931166
21,"1452056293",9.57,"1",14520562931166
22,"1452056293",17.0,"1",14520562931166
23,"1452056293",13.29,"1",14520562931166
24,"1452056293",11.57,"1",14520562931166
25,"1452056293",10.71,"1",14520562931166
26,"1452056293",20.14,"1",14520562931166
27,"1452056293",32.14,"1",14520562931166
27,"1452056293",32.14,"1b",14520562931167
28,"1452056293",68.14,"1b",14520562931167
28,"1452056293",68.14,"2",14520562931168
29,"1452056293",65.57,"2",14520562931168
30,"1452056293",54.0,"2",14520562931168
30,"1452056293",54.0,"1b",14520562931169
31,"1452056293",42.43,"1b",14520562931169
32,"1452056293",30.86,"1b",14520562931169
32,"1452056293",30.86,"1",14520562931170
33,"1452056293",11.57,"1",14520562931170
34,"1452056293",9.0,"1",14520562931170
35,"1452056293",7.29,"1",14520562931170
36,"1452056293",6.0,"1",14520562931170
37,"1452056293",6.0,"1",14520562931170
38,"1452056293",8.57,"1",14520562931170
39,"1452056293",8.57,"1",14520562931170
40,"1452056293",6.43,"1",14520562931170
41,"1452056293",4.71,"1",14520562931170
42,"1452056293",4.57,"1",14520562931170
43,"1452056293",7.0,"1",14520562931170
44,"1452056293",9.14,"1",14520562931170
45,"1452056293",12.86,"1",14520562931170
46,"1452056293",14.14,"1",14520562931170
47,"1452056293",14.14,"1",14520562931170
48,"1452056293",21.0,"1",14520562931170
49,"1452056293",36.86,"1",14520562931170
50,"1452056293",60.43,"1",14520562931170
51,"1452056293",60.43,"1",14520562931170
52,"1452056293",150.43,"1",14520562931170
53,"1452056293",192.86,"1",14520562931170
54,"1452056293",235.29,"1",14520562931170
54,"1452056293",235.29,"1b",14520562931171
55,"1452056293",347.14,"1b",14520562931171
55,"1452056293",347.14,"2",14520562931172
56,"1452056293",486.0,"2",14520562931172
57,"1452056293",520.71,"2",14520562931172
57,"1452056293",520.71,"3",14520562931173
58,"1452056293",497.57,"3",14520562931173
58,"1452056293",497.57,"4",14520562931174
59,"1452056293",185.14,"4",14520562931174
60,"1452056293",173.57,"4",14520562931174
60,"1452056293",173.57,"3",14520562931175
61,"1452056293",173.57,"3",14520562931175
62,"1452056293",57.86,"3",14520562931175
62,"1452056293",57.86,"2",14520562931176
63,"1452056293",104.14,"2",14520562931176
64,"1452056293",69.43,"2",14520562931176
64,"1452056293",69.43,"1b",14520562931177
65,"1452056293",23.14,"1b",14520562931177
66,"1452056293",111.86,"1b",14520562931177
66,"1452056293",111.86,"1",14520562931178
67,"1452056293",119.57,"1",14520562931178
68,"1452056293",100.29,"1",14520562931178
69,"1452056293",88.71,"1",14520562931178
70,"1452056293",189.0,"1",14520562931178
71,"1452056293",273.86,"1",14520562931178
72,"1452056293",659.57,"1",14520562931178
72,"1452056293",659.57,"1b",14520562931179
73,"1452056293",891.0,"1b",14520562931179
73,"1452056293",891.0,"2",14520562931180
74,"1452056293",1006.71,"2",14520562931180
74,"1452056293",1006.71,"3",14520562931181
75,"1452056293",1076.14,"3",14520562931181
75,"1452056293",1076.14,"4",14520562931182
76,"1452056293",416.57,"4",14520562931182
77,"1452056293",173.57,"4",14520562931182
78,"1452056293",173.57,"4",14520562931182
79,"1452056293",162.0,"4",14520562931182
80,"1452056293",57.86,"4",14520562931182
81,"1452056293",50.14,"4",14520562931182
81,"1452056293",50.14,"1",14527434791183
0,"1452743479",0.0,"1",14527434791183
1,"1452743479",0.0,"1",14527434791183
2,"1452743479",0.71,"1",14527434791183
3,"1452743479",3.57,"1",14527434791183
3,"1452743479",3.57,"2",14527434791184
4,"1452743479",2.29,"2",14527434791184
5,"1452743479",2.57,"2",14527434791184
6,"1452743479",2.14,"2",14527434791184
7,"1452743479",2.14,"2",14527434791184
8,"1452743479",1.0,"2",14527434791184
8,"1452743479",1.0,"1b",14527434791185
9,"1452743479",2.43,"1b",14527434791185
9,"1452743479",2.43,"2",14527434791186
10,"1452743479",2.0,"2",14527434791186
11,"1452743479",1.71,"2",14527434791186
12,"1452743479",1.29,"2",14527434791186
12,"1452743479",1.29,"1b",14527434791187
13,"1452743479",3.0,"1b",14527434791187
13,"1452743479",3.0,"2",14527434791188
14,"1452743479",3.14,"2",14527434791188
15,"1452743479",2.71,"2",14527434791188
15,"1452743479",2.71,"1b",14527434791189
16,"1452743479",1.86,"1b",14527434791189
17,"1452743479",1.14,"1b",14527434791189
17,"1452743479",1.14,"1",14527434791190
18,"1452743479",1.86,"1",14527434791190
19,"1452743479",4.43,"1",14527434791190
20,"1452743479",4.29,"1",14527434791190
21,"1452743479",3.14,"1",14527434791190
22,"1452743479",1.86,"1",14527434791190
23,"1452743479",3.14,"1",14527434791190
24,"1452743479",7.0,"1",14527434791190
25,"1452743479",9.0,"1",14527434791190
26,"1452743479",19.29,"1",14527434791190
27,"1452743479",19.71,"1",14527434791190
28,"1452743479",14.14,"1",14527434791190
29,"1452743479",16.71,"1",14527434791190
30,"1452743479",16.29,"1",14527434791190
31,"1452743479",16.71,"1",14527434791190
32,"1452743479",25.29,"1",14527434791190
33,"1452743479",43.71,"1",14527434791190
34,"1452743479",65.57,"1",14527434791190
35,"1452743479",106.71,"1",14527434791190
36,"1452743479",96.43,"1",14527434791190
37,"1452743479",111.86,"1",14527434791190
38,"1452743479",135.0,"1",14527434791190
39,"1452743479",239.14,"1",14527434791190
40,"1452743479",216.0,"1",14527434791190
40,"1452743479",216.0,"1b",14527434791191
41,"1452743479",92.57,"1b",14527434791191
42,"1452743479",88.71,"1b",14527434791191
42,"1452743479",88.71,"1",14527434791192
43,"1452743479",115.71,"1",14527434791192
44,"1452743479",154.29,"1",14527434791192
45,"1452743479",254.57,"1",14527434791192
46,"1452743479",185.14,"1",14527434791192
47,"1452743479",393.43,"1",14527434791192
48,"1452743479",798.43,"1",14527434791192
48,"1452743479",798.43,"1b",14527434791193
49,"1452743479",1515.86,"1b",14527434791193
49,"1452743479",1515.86,"3",14527434791194
50,"1452743479",1145.57,"3",14527434791194
50,"1452743479",1145.57,"4",14527434791195
51,"1452743479",590.14,"4",14527434791195
52,"1452743479",347.14,"4",14527434791195
53,"1452743479",104.14,"4",14527434791195
53,"1452743479",104.14,"3",14527434791196
54,"1452743479",231.43,"3",14527434791196
55,"1452743479",92.57,"3",14527434791196
55,"1452743479",92.57,"2",14527434791197
56,"1452743479",81.0,"2",14527434791197
57,"1452743479",84.86,"2",14527434791197
58,"1452743479",127.29,"2",14527434791197
58,"1452743479",127.29,"1b",14527434791198
59,"1452743479",57.86,"1b",14527434791198
60,"1452743479",42.43,"1b",14527434791198
60,"1452743479",42.43,"1",14527434791199
61,"1452743479",57.86,"1",14527434791199
62,"1452743479",46.29,"1",14527434791199
63,"1452743479",34.71,"1",14527434791199
64,"1452743479",34.71,"1",14527434791199
65,"1452743479",37.29,"1",14527434791199
66,"1452743479",23.14,"1",14527434791199
67,"1452743479",19.29,"1",14527434791199
68,"1452743479",16.71,"1",14527434791199
69,"1452743479",4.71,"1",14527434791199
70,"1452743479",4.71,"1",14527434791199
71,"1452743479",3.43,"1",14527434791199
72,"1452743479",2.0,"1",14527434791199
73,"1452743479",1.71,"1",14527434791199
74,"1452743479",0.86,"1",14527434791199
75,"1452743479",0.43,"1",14527434791199
76,"1452743479",0.86,"1",14527434791199
77,"1452743479",0.14,"1",14527434791199
78,"1452743479",1.29,"1",14527434791199
79,"1452743479",0.43,"1",14527434791199
80,"1452743479",0.14,"1",14527434791199
81,"1452743479",0.43,"1",14527434791199
81,"1452743479",0.43,"1",14532446611199
0,"1453244661",0.14,"1",14532446611199
1,"1453244661",1.0,"1",14532446611199
1,"1453244661",1.0,"1b",14532446611200
2,"1453244661",2.0,"1b",14532446611200
2,"1453244661",2.0,"2",14532446611201
3,"1453244661",1.57,"2",14532446611201
4,"1453244661",0.86,"2",14532446611201
4,"1453244661",0.86,"1b",14532446611202
5,"1453244661",0.14,"1b",14532446611202
6,"1453244661",0.71,"1b",14532446611202
6,"1453244661",0.71,"2",14532446611203
7,"1453244661",0.86,"2",14532446611203
8,"1453244661",0.86,"2",14532446611203
8,"1453244661",0.86,"1b",14532446611204
9,"1453244661",3.14,"1b",14532446611204
9,"1453244661",3.14,"2",14532446611205
10,"1453244661",4.29,"2",14532446611205
11,"1453244661",5.86,"2",14532446611205
12,"1453244661",8.29,"2",14532446611205
12,"1453244661",8.29,"3",14532446611206
13,"1453244661",12.43,"3",14532446611206
14,"1453244661",8.57,"3",14532446611206
14,"1453244661",8.57,"2",14532446611207
15,"1453244661",6.43,"2",14532446611207
16,"1453244661",7.29,"2",14532446611207
16,"1453244661",7.29,"1b",14532446611208
17,"1453244661",8.14,"1b",14532446611208
18,"1453244661",11.14,"1b",14532446611208
18,"1453244661",11.14,"1",14532446611209
19,"1453244661",10.71,"1",14532446611209
20,"1453244661",8.57,"1",14532446611209
21,"1453244661",9.0,"1",14532446611209
22,"1453244661",4.71,"1",14532446611209
23,"1453244661",3.43,"1",14532446611209
24,"1453244661",2.14,"1",14532446611209
25,"1453244661",0.57,"1",14532446611209
26,"1453244661",0.57,"1",14532446611209
27,"1453244661",0.71,"1",14532446611209
28,"1453244661",1.29,"1",14532446611209
29,"1453244661",1.14,"1",14532446611209
30,"1453244661",1.43,"1",14532446611209
31,"1453244661",1.0,"1",14532446611209
32,"1453244661",0.86,"1",14532446611209
33,"1453244661",2.43,"1",14532446611209
34,"1453244661",2.86,"1",14532446611209
35,"1453244661",5.57,"1",14532446611209
36,"1453244661",7.0,"1",14532446611209
37,"1453244661",9.29,"1",14532446611209
38,"1453244661",15.0,"1",14532446611209
39,"1453244661",17.57,"1",14532446611209
40,"1453244661",30.0,"1",14532446611209
41,"1453244661",30.86,"1",14532446611209
42,"1453244661",38.57,"1",14532446611209
43,"1453244661",59.14,"1",14532446611209
44,"1453244661",43.71,"1",14532446611209
45,"1453244661",32.14,"1",14532446611209
46,"1453244661",24.43,"1",14532446611209
47,"1453244661",19.29,"1",14532446611209
48,"1453244661",14.14,"1",14532446611209
49,"1453244661",16.71,"1",14532446611209
50,"1453244661",12.86,"1",14532446611209
51,"1453244661",12.86,"1",14532446611209
52,"1453244661",5.57,"1",14532446611209
53,"1453244661",4.71,"1",14532446611209
54,"1453244661",2.14,"1",14532446611209
55,"1453244661",3.71,"1",14532446611209
56,"1453244661",2.0,"1",14532446611209
57,"1453244661",5.14,"1",14532446611209
58,"1453244661",4.29,"1",14532446611209
59,"1453244661",6.57,"1",14532446611209
60,"1453244661",10.29,"1",14532446611209
61,"1453244661",24.0,"1",14532446611209
62,"1453244661",30.43,"1",14532446611209
63,"1453244661",25.71,"1",14532446611209
64,"1453244661",16.71,"1",14532446611209
65,"1453244661",23.14,"1",14532446611209
66,"1453244661",24.43,"1",14532446611209
67,"1453244661",38.57,"1",14532446611209
68,"1453244661",68.14,"1",14532446611209
69,"1453244661",132.43,"1",14532446611209
70,"1453244661",146.57,"1",14532446611209
71,"1453244661",316.29,"1",14532446611209
72,"1453244661",798.43,"1",14532446611209
72,"1453244661",798.43,"2",14532446611210
73,"1453244661",1261.29,"2",14532446611210
73,"1453244661",1261.29,"4",14532446611211
74,"1453244661",798.43,"4",14532446611211
75,"1453244661",451.29,"4",14532446611211
76,"1453244661",243.0,"4",14532446611211
77,"1453244661",138.86,"4",14532446611211
78,"1453244661",77.14,"4",14532446611211
78,"1453244661",77.14,"3",14532446611212
79,"1453244661",27.0,"3",14532446611212
80,"1453244661",24.43,"3",14532446611212
80,"1453244661",24.43,"2",14532446611213
81,"1453244661",10.29,"2",14532446611213
81,"1453244661",10.29,"1",14543592751214
0,"1454359275",0.0,"1",14543592751214
1,"1454359275",0.57,"1",14543592751214
1,"1454359275",0.57,"1b",14543592751215
2,"1454359275",3.43,"1b",14543592751215
2,"1454359275",3.43,"2",14543592751216
3,"1454359275",6.14,"2",14543592751216
3,"1454359275",6.14,"3",14543592751217
4,"1454359275",5.0,"3",14543592751217
5,"1454359275",2.29,"3",14543592751217
5,"1454359275",2.29,"2",14543592751218
6,"1454359275",4.0,"2",14543592751218
7,"1454359275",5.43,"2",14543592751218
8,"1454359275",6.14,"2",14543592751218
8,"1454359275",6.14,"3",14543592751219
9,"1454359275",7.14,"3",14543592751219
10,"1454359275",11.14,"3",14543592751219
11,"1454359275",9.43,"3",14543592751219
12,"1454359275",9.86,"3",14543592751219
13,"1454359275",4.71,"3",14543592751219
13,"1454359275",4.71,"2",14543592751220
14,"1454359275",4.71,"2",14543592751220
15,"1454359275",2.43,"2",14543592751220
15,"1454359275",2.43,"1b",14543592751221
16,"1454359275",2.0,"1b",14543592751221
17,"1454359275",1.43,"1b",14543592751221
17,"1454359275",1.43,"1",14543592751222
18,"1454359275",1.71,"1",14543592751222
19,"1454359275",2.14,"1",14543592751222
20,"1454359275",4.29,"1",14543592751222
21,"1454359275",8.0,"1",14543592751222
22,"1454359275",9.43,"1",14543592751222
23,"1454359275",15.0,"1",14543592751222
24,"1454359275",21.86,"1",14543592751222
25,"1454359275",35.57,"1",14543592751222
26,"1454359275",32.14,"1",14543592751222
27,"1454359275",60.43,"1",14543592751222
28,"1454359275",64.29,"1",14543592751222
28,"1454359275",64.29,"1b",14543592751223
29,"1454359275",108.0,"1b",14543592751223
29,"1454359275",108.0,"2",14543592751224
30,"1454359275",88.71,"2",14543592751224
31,"1454359275",165.86,"2",14543592751224
31,"1454359275",165.86,"1b",14543592751225
32,"1454359275",154.29,"1b",14543592751225
33,"1454359275",208.29,"1b",14543592751225
33,"1454359275",208.29,"2",14543592751226
34,"1454359275",173.57,"2",14543592751226
34,"1454359275",173.57,"3",14543592751227
35,"1454359275",173.57,"3",14543592751227
35,"1454359275",173.57,"4",14543592751228
36,"1454359275",92.57,"4",14543592751228
37,"1454359275",73.29,"4",14543592751228
38,"1454359275",73.29,"4",14543592751228
38,"1454359275",73.29,"3",14543592751229
39,"1454359275",69.43,"3",14543592751229
40,"1454359275",50.14,"3",14543592751229
40,"1454359275",50.14,"2",14543592751230
41,"1454359275",30.86,"2",14543592751230
42,"1454359275",30.86,"2",14543592751230
42,"1454359275",30.86,"1b",14543592751231
43,"1454359275",16.71,"1b",14543592751231
44,"1454359275",9.0,"1b",14543592751231
44,"1454359275",9.0,"1",14543592751232
45,"1454359275",10.29,"1",14543592751232
46,"1454359275",9.86,"1",14543592751232
47,"1454359275",6.0,"1",14543592751232
48,"1454359275",3.86,"1",14543592751232
49,"1454359275",6.0,"1",14543592751232
50,"1454359275",10.29,"1",14543592751232
51,"1454359275",10.29,"1",14543592751232
52,"1454359275",9.86,"1",14543592751232
53,"1454359275",11.57,"1",14543592751232
54,"1454359275",10.29,"1",14543592751232
55,"1454359275",16.29,"1",14543592751232
56,"1454359275",18.0,"1",14543592751232
57,"1454359275",27.43,"1",14543592751232
58,"1454359275",38.57,"1",14543592751232
59,"1454359275",70.71,"1",14543592751232
60,"1454359275",147.86,"1",14543592751232
61,"1454359275",200.57,"1",14543592751232
62,"1454359275",358.71,"1",14543592751232
62,"1454359275",358.71,"1b",14543592751233
63,"1454359275",555.43,"1b",14543592751233
63,"1454359275",555.43,"2",14543592751234
64,"1454359275",555.43,"2",14543592751234
64,"1454359275",555.43,"3",14543592751235
65,"1454359275",520.71,"3",14543592751235
65,"1454359275",520.71,"4",14543592751236
66,"1454359275",243.0,"4",14543592751236
67,"1454359275",254.57,"4",14543592751236
68,"1454359275",138.86,"4",14543592751236
69,"1454359275",127.29,"4",14543592751236
69,"1454359275",127.29,"3",14543592751237
70,"1454359275",38.57,"3",14543592751237
71,"1454359275",61.71,"3",14543592751237
71,"1454359275",61.71,"2",14543592751238
72,"1454359275",42.43,"2",14543592751238
73,"1454359275",18.0,"2",14543592751238
73,"1454359275",18.0,"1b",14543592751239
74,"1454359275",10.29,"1b",14543592751239
75,"1454359275",5.57,"1b",14543592751239
75,"1454359275",5.57,"1",14543592751240
76,"1454359275",7.29,"1",14543592751240
77,"1454359275",6.43,"1",14543592751240
78,"1454359275",3.86,"1",14543592751240
79,"1454359275",2.29,"1",14543592751240
80,"1454359275",2.29,"1",14543592751240
81,"1454359275",1.57,"1",14543592751240
81,"1454359275",1.57,"1",14545106641240
0,"1454510664",0.0,"1",14545106641240
1,"1454510664",0.71,"1",14545106641240
2,"1454510664",1.86,"1",14545106641240
3,"1454510664",10.43,"1",14545106641240
3,"1454510664",10.43,"2",14545106641241
4,"1454510664",20.57,"2",14545106641241
4,"1454510664",20.57,"3",14545106641242
5,"1454510664",17.14,"3",14545106641242
6,"1454510664",13.29,"3",14545106641242
7,"1454510664",15.0,"3",14545106641242
8,"1454510664",16.29,"3",14545106641242
9,"1454510664",16.71,"3",14545106641242
10,"1454510664",24.43,"3",14545106641242
11,"1454510664",61.71,"3",14545106641242
11,"1454510664",61.71,"4",14545106641243
12,"1454510664",57.86,"4",14545106641243
13,"1454510664",28.29,"4",14545106641243
14,"1454510664",15.43,"4",14545106641243
14,"1454510664",15.43,"3",14545106641244
15,"1454510664",21.86,"3",14545106641244
16,"1454510664",9.0,"3",14545106641244
16,"1454510664",9.0,"2",14545106641245
17,"1454510664",9.43,"2",14545106641245
18,"1454510664",3.86,"2",14545106641245
18,"1454510664",3.86,"1b",14545106641246
19,"1454510664",3.43,"1b",14545106641246
20,"1454510664",5.0,"1b",14545106641246
20,"1454510664",5.0,"1",14545106641247
21,"1454510664",3.29,"1",14545106641247
22,"1454510664",3.43,"1",14545106641247
23,"1454510664",4.0,"1",14545106641247
24,"1454510664",5.14,"1",14545106641247
25,"1454510664",5.14,"1",14545106641247
26,"1454510664",6.57,"1",14545106641247
27,"1454510664",12.71,"1",14545106641247
28,"1454510664",8.57,"1",14545106641247
29,"1454510664",10.71,"1",14545106641247
30,"1454510664",12.0,"1",14545106641247
31,"1454510664",21.86,"1",14545106641247
32,"1454510664",23.14,"1",14545106641247
33,"1454510664",46.29,"1",14545106641247
34,"1454510664",68.14,"1",14545106641247
35,"1454510664",144.0,"1",14545106641247
36,"1454510664",250.71,"1",14545106641247
37,"1454510664",381.86,"1",14545106641247
37,"1454510664",381.86,"1b",14545106641248
38,"1454510664",879.43,"1b",14545106641248
38,"1454510664",879.43,"2",14545106641249
39,"1454510664",1423.29,"2",14545106641249
39,"1454510664",1423.29,"4",14545106641250
40,"1454510664",1110.86,"4",14545106641250
41,"1454510664",381.86,"4",14545106641250
42,"1454510664",208.29,"4",14545106641250
42,"1454510664",208.29,"3",14545106641251
43,"1454510664",231.43,"3",14545106641251
43,"1454510664",231.43,"4",14545106641252
44,"1454510664",92.57,"4",14545106641252
45,"1454510664",77.14,"4",14545106641252
46,"1454510664",84.86,"4",14545106641252
46,"1454510664",84.86,"3",14545106641253
47,"1454510664",42.43,"3",14545106641253
48,"1454510664",27.0,"3",14545106641253
48,"1454510664",27.0,"2",14545106641254
49,"1454510664",25.71,"2",14545106641254
50,"1454510664",43.71,"2",14545106641254
50,"1454510664",43.71,"1b",14545106641255
51,"1454510664",36.0,"1b",14545106641255
52,"1454510664",39.86,"1b",14545106641255
52,"1454510664",39.86,"1",14545106641256
53,"1454510664",50.14,"1",14545106641256
54,"1454510664",61.71,"1",14545106641256
55,"1454510664",86.14,"1",14545106641256
56,"1454510664",108.0,"1",14545106641256
57,"1454510664",200.57,"1",14545106641256
58,"1454510664",378.0,"1",14545106641256
58,"1454510664",378.0,"1b",14545106641257
59,"1454510664",740.57,"1b",14545106641257
59,"1454510664",740.57,"2",14545106641258
60,"1454510664",1041.43,"2",14545106641258
60,"1454510664",1041.43,"3",14545106641259
61,"1454510664",867.86,"3",14545106641259
61,"1454510664",867.86,"4",14545106641260
62,"1454510664",659.57,"4",14545106641260
63,"1454510664",208.29,"4",14545106641260
64,"1454510664",243.0,"4",14545106641260
64,"1454510664",243.0,"3",14545106641261
65,"1454510664",243.0,"3",14545106641261
65,"1454510664",243.0,"4",14545106641262
66,"1454510664",104.14,"4",14545106641262
67,"1454510664",115.71,"4",14545106641262
67,"1454510664",115.71,"3",14545106641263
68,"1454510664",57.86,"3",14545106641263
69,"1454510664",38.57,"3",14545106641263
69,"1454510664",38.57,"2",14545106641264
70,"1454510664",34.71,"2",14545106641264
71,"1454510664",30.86,"2",14545106641264
71,"1454510664",30.86,"1b",14545106641265
72,"1454510664",18.0,"1b",14545106641265
73,"1454510664",32.14,"1b",14545106641265
73,"1454510664",32.14,"1",14545106641266
74,"1454510664",64.29,"1",14545106641266
75,"1454510664",86.14,"1",14545106641266
76,"1454510664",100.29,"1",14545106641266
77,"1454510664",34.71,"1",14545106641266
78,"1454510664",38.57,"1",14545106641266
79,"1454510664",46.29,"1",14545106641266
80,"1454510664",54.0,"1",14545106641266
81,"1454510664",55.29,"1",14545106641266
81,"1454510664",55.29,"1",14546568971266
0,"1454656897",0.0,"1",14546568971266
1,"1454656897",0.57,"1",14546568971266
1,"1454656897",0.57,"1b",14546568971267
2,"1454656897",0.43,"1b",14546568971267
2,"1454656897",0.43,"2",14546568971268
3,"1454656897",1.0,"2",14546568971268
4,"1454656897",2.43,"2",14546568971268
5,"1454656897",2.71,"2",14546568971268
6,"1454656897",4.57,"2",14546568971268
7,"1454656897",11.43,"2",14546568971268
7,"1454656897",11.43,"3",14546568971269
8,"1454656897",13.71,"3",14546568971269
9,"1454656897",11.57,"3",14546568971269
10,"1454656897",5.14,"3",14546568971269
10,"1454656897",5.14,"2",14546568971270
11,"1454656897",3.0,"2",14546568971270
12,"1454656897",3.0,"2",14546568971270
13,"1454656897",3.71,"2",14546568971270
14,"1454656897",1.71,"2",14546568971270
14,"1454656897",1.71,"1b",14546568971271
15,"1454656897",1.71,"1b",14546568971271
16,"1454656897",1.71,"1b",14546568971271
16,"1454656897",1.71,"1",14546568971272
17,"1454656897",0.71,"1",14546568971272
18,"1454656897",2.86,"1",14546568971272
19,"1454656897",5.71,"1",14546568971272
20,"1454656897",6.71,"1",14546568971272
21,"1454656897",14.86,"1",14546568971272
22,"1454656897",25.29,"1",14546568971272
23,"1454656897",38.14,"1",14546568971272
24,"1454656897",51.43,"1",14546568971272
25,"1454656897",117.0,"1",14546568971272
25,"1454656897",117.0,"1b",14546568971273
26,"1454656897",158.14,"1b",14546568971273
26,"1454656897",158.14,"3",14546568971274
27,"1454656897",84.86,"3",14546568971274
27,"1454656897",84.86,"4",14546568971275
28,"1454656897",34.71,"4",14546568971275
29,"1454656897",12.86,"4",14546568971275
29,"1454656897",12.86,"3",14546568971276
30,"1454656897",14.14,"3",14546568971276
31,"1454656897",9.43,"3",14546568971276
31,"1454656897",9.43,"2",14546568971277
32,"1454656897",4.29,"2",14546568971277
33,"1454656897",3.86,"2",14546568971277
33,"1454656897",3.86,"1b",14546568971278
34,"1454656897",1.43,"1b",14546568971278
35,"1454656897",1.57,"1b",14546568971278
35,"1454656897",1.57,"1",14546568971279
36,"1454656897",5.29,"1",14546568971279
37,"1454656897",3.71,"1",14546568971279
38,"1454656897",5.29,"1",14546568971279
39,"1454656897",4.0,"1",14546568971279
40,"1454656897",5.57,"1",14546568971279
41,"1454656897",3.14,"1",14546568971279
42,"1454656897",4.0,"1",14546568971279
43,"1454656897",6.57,"1",14546568971279
44,"1454656897",7.86,"1",14546568971279
45,"1454656897",13.29,"1",14546568971279
46,"1454656897",10.29,"1",14546568971279
47,"1454656897",16.71,"1",14546568971279
48,"1454656897",11.57,"1",14546568971279
49,"1454656897",9.86,"1",14546568971279
50,"1454656897",14.57,"1",14546568971279
51,"1454656897",18.43,"1",14546568971279
52,"1454656897",21.86,"1",14546568971279
53,"1454656897",38.57,"1",14546568971279
54,"1454656897",75.86,"1",14546568971279
55,"1454656897",127.29,"1",14546568971279
56,"1454656897",189.0,"1",14546568971279
57,"1454656897",424.29,"1",14546568971279
57,"1454656897",424.29,"1b",14546568971280
58,"1454656897",509.14,"1b",14546568971280
58,"1454656897",509.14,"2",14546568971281
59,"1454656897",347.14,"2",14546568971281
59,"1454656897",347.14,"3",14546568971282
60,"1454656897",254.57,"3",14546568971282
60,"1454656897",254.57,"4",14546568971283
61,"1454656897",46.29,"4",14546568971283
62,"1454656897",65.57,"4",14546568971283
63,"1454656897",54.0,"4",14546568971283
63,"1454656897",54.0,"3",14546568971284
64,"1454656897",5.14,"3",14546568971284
65,"1454656897",12.86,"3",14546568971284
65,"1454656897",12.86,"2",14546568971285
66,"1454656897",7.71,"2",14546568971285
67,"1454656897",5.14,"2",14546568971285
67,"1454656897",5.14,"1b",14546568971286
68,"1454656897",5.57,"1b",14546568971286
69,"1454656897",7.29,"1b",14546568971286
69,"1454656897",7.29,"1",14546568971287
70,"1454656897",7.71,"1",14546568971287
71,"1454656897",5.14,"1",14546568971287
72,"1454656897",2.43,"1",14546568971287
73,"1454656897",2.57,"1",14546568971287
74,"1454656897",2.71,"1",14546568971287
75,"1454656897",2.71,"1",14546568971287
76,"1454656897",3.71,"1",14546568971287
77,"1454656897",3.86,"1",14546568971287
78,"1454656897",7.14,"1",14546568971287
79,"1454656897",4.57,"1",14546568971287
80,"1454656897",4.43,"1",14546568971287
81,"1454656897",3.43,"1",14546568971287
81,"1454656897",3.43,"1",14549513081287
0,"1454951308",0.0,"1",14549513081287
1,"1454951308",0.43,"1",14549513081287
1,"1454951308",0.43,"1b",14549513081288
2,"1454951308",0.71,"1b",14549513081288
2,"1454951308",0.71,"2",14549513081289
3,"1454951308",3.29,"2",14549513081289
4,"1454951308",2.57,"2",14549513081289
5,"1454951308",3.71,"2",14549513081289
6,"1454951308",4.86,"2",14549513081289
7,"1454951308",6.71,"2",14549513081289
7,"1454951308",6.71,"3",14549513081290
8,"1454951308",4.0,"3",14549513081290
9,"1454951308",3.0,"3",14549513081290
9,"1454951308",3.0,"2",14549513081291
10,"1454951308",4.29,"2",14549513081291
11,"1454951308",5.14,"2",14549513081291
12,"1454951308",8.14,"2",14549513081291
12,"1454951308",8.14,"3",14549513081292
13,"1454951308",16.71,"3",14549513081292
14,"1454951308",6.0,"3",14549513081292
14,"1454951308",6.0,"2",14549513081293
15,"1454951308",4.71,"2",14549513081293
16,"1454951308",6.0,"2",14549513081293
16,"1454951308",6.0,"1b",14549513081294
17,"1454951308",12.86,"1b",14549513081294
18,"1454951308",9.0,"1b",14549513081294
18,"1454951308",9.0,"1",14549513081295
19,"1454951308",14.14,"1",14549513081295
20,"1454951308",27.0,"1",14549513081295
21,"1454951308",28.71,"1",14549513081295
21,"1454951308",28.71,"1b",14549513081296
22,"1454951308",27.0,"1b",14549513081296
23,"1454951308",30.86,"1b",14549513081296
23,"1454951308",30.86,"1",14549513081297
24,"1454951308",65.57,"1",14549513081297
24,"1454951308",65.57,"1b",14549513081298
25,"1454951308",108.0,"1b",14549513081298
25,"1454951308",108.0,"3",14549513081299
26,"1454951308",104.14,"3",14549513081299
26,"1454951308",104.14,"4",14549513081300
27,"1454951308",77.14,"4",14549513081300
28,"1454951308",46.29,"4",14549513081300
29,"1454951308",42.43,"4",14549513081300
29,"1454951308",42.43,"3",14549513081301
30,"1454951308",42.43,"3",14549513081301
31,"1454951308",39.86,"3",14549513081301
31,"1454951308",39.86,"2",14549513081302
32,"1454951308",25.71,"2",14549513081302
33,"1454951308",33.43,"2",14549513081302
33,"1454951308",33.43,"1b",14549513081303
34,"1454951308",23.14,"1b",14549513081303
35,"1454951308",45.0,"1b",14549513081303
35,"1454951308",45.0,"1",14549513081304
36,"1454951308",104.14,"1",14549513081304
37,"1454951308",154.29,"1",14549513081304
38,"1454951308",428.14,"1",14549513081304
39,"1454951308",578.57,"1",14549513081304
39,"1454951308",578.57,"2",14549513081305
40,"1454951308",659.57,"2",14549513081305
40,"1454951308",659.57,"4",14549513081306
41,"1454951308",451.29,"4",14549513081306
42,"1454951308",104.14,"4",14549513081306
43,"1454951308",185.14,"4",14549513081306
44,"1454951308",61.71,"4",14549513081306
44,"1454951308",61.71,"3",14549513081307
45,"1454951308",92.57,"3",14549513081307
46,"1454951308",65.57,"3",14549513081307
46,"1454951308",65.57,"2",14549513081308
47,"1454951308",15.43,"2",14549513081308
48,"1454951308",25.71,"2",14549513081308
48,"1454951308",25.71,"1b",14549513081309
49,"1454951308",28.29,"1b",14549513081309
50,"1454951308",20.57,"1b",14549513081309
50,"1454951308",20.57,"1",14549513081310
51,"1454951308",30.86,"1",14549513081310
52,"1454951308",37.29,"1",14549513081310
53,"1454951308",41.14,"1",14549513081310
54,"1454951308",102.86,"1",14549513081310
55,"1454951308",258.43,"1",14549513081310
56,"1454951308",574.71,"1",14549513081310
56,"1454951308",574.71,"1b",14549513081311
57,"1454951308",636.43,"1b",14549513081311
57,"1454951308",636.43,"3",14549513081312
58,"1454951308",972.0,"3",14549513081312
58,"1454951308",972.0,"4",14549513081313
59,"1454951308",451.29,"4",14549513081313
60,"1454951308",347.14,"4",14549513081313
61,"1454951308",196.71,"4",14549513081313
62,"1454951308",104.14,"4",14549513081313
63,"1454951308",57.86,"4",14549513081313
63,"1454951308",57.86,"3",14549513081314
64,"1454951308",88.71,"3",14549513081314
65,"1454951308",38.57,"3",14549513081314
65,"1454951308",38.57,"2",14549513081315
66,"1454951308",27.0,"2",14549513081315
67,"1454951308",11.57,"2",14549513081315
67,"1454951308",11.57,"1b",14549513081316
68,"1454951308",11.57,"1b",14549513081316
69,"1454951308",5.14,"1b",14549513081316
69,"1454951308",5.14,"1",14549513081317
70,"1454951308",5.14,"1",14549513081317
71,"1454951308",4.29,"1",14549513081317
72,"1454951308",1.43,"1",14549513081317
73,"1454951308",2.57,"1",14549513081317
74,"1454951308",1.43,"1",14549513081317
75,"1454951308",0.43,"1",14549513081317
76,"1454951308",2.43,"1",14549513081317
77,"1454951308",10.0,"1",14549513081317
78,"1454951308",16.86,"1",14549513081317
79,"1454951308",23.57,"1",14549513081317
80,"1454951308",57.43,"1",14549513081317
81,"1454951308",84.86,"1",14549513081317
81,"1454951308",84.86,"1",14549815371317
0,"1454981537",0.0,"1",14549815371317
1,"1454981537",0.14,"1",14549815371317
2,"1454981537",4.43,"1",14549815371317
2,"1454981537",4.43,"1b",14549815371318
3,"1454981537",9.71,"1b",14549815371318
3,"1454981537",9.71,"3",14549815371319
4,"1454981537",11.71,"3",14549815371319
5,"1454981537",6.43,"3",14549815371319
5,"1454981537",6.43,"2",14549815371320
6,"1454981537",12.0,"2",14549815371320
6,"1454981537",12.0,"3",14549815371321
7,"1454981537",9.0,"3",14549815371321
8,"1454981537",7.29,"3",14549815371321
9,"1454981537",4.29,"3",14549815371321
9,"1454981537",4.29,"2",14549815371322
10,"1454981537",4.29,"2",14549815371322
10,"1454981537",4.29,"3",14549815371323
11,"1454981537",3.29,"3",14549815371323
12,"1454981537",1.71,"3",14549815371323
12,"1454981537",1.71,"2",14549815371324
13,"1454981537",0.71,"2",14549815371324
14,"1454981537",1.29,"2",14549815371324
14,"1454981537",1.29,"1b",14549815371325
15,"1454981537",0.43,"1b",14549815371325
16,"1454981537",0.57,"1b",14549815371325
16,"1454981537",0.57,"1",14549815371326
17,"1454981537",0.86,"1",14549815371326
18,"1454981537",1.57,"1",14549815371326
19,"1454981537",2.29,"1",14549815371326
20,"1454981537",1.86,"1",14549815371326
21,"1454981537",3.57,"1",14549815371326
22,"1454981537",4.86,"1",14549815371326
23,"1454981537",7.71,"1",14549815371326
24,"1454981537",3.57,"1",14549815371326
25,"1454981537",4.86,"1",14549815371326
26,"1454981537",4.29,"1",14549815371326
27,"1454981537",3.71,"1",14549815371326
28,"1454981537",6.14,"1",14549815371326
29,"1454981537",4.86,"1",14549815371326
30,"1454981537",3.57,"1",14549815371326
31,"1454981537",1.29,"1",14549815371326
32,"1454981537",1.57,"1",14549815371326
33,"1454981537",0.86,"1",14549815371326
34,"1454981537",1.71,"1",14549815371326
35,"1454981537",1.71,"1",14549815371326
36,"1454981537",2.86,"1",14549815371326
37,"1454981537",1.43,"1",14549815371326
38,"1454981537",0.57,"1",14549815371326
39,"1454981537",1.14,"1",14549815371326
40,"1454981537",3.57,"1",14549815371326
41,"1454981537",6.43,"1",14549815371326
42,"1454981537",5.71,"1",14549815371326
43,"1454981537",6.57,"1",14549815371326
44,"1454981537",12.0,"1",14549815371326
45,"1454981537",10.71,"1",14549815371326
46,"1454981537",9.43,"1",14549815371326
47,"1454981537",4.71,"1",14549815371326
48,"1454981537",4.29,"1",14549815371326
49,"1454981537",2.71,"1",14549815371326
50,"1454981537",2.14,"1",14549815371326
51,"1454981537",1.57,"1",14549815371326
52,"1454981537",5.0,"1",14549815371326
53,"1454981537",7.29,"1",14549815371326
54,"1454981537",5.71,"1",14549815371326
55,"1454981537",5.86,"1",14549815371326
56,"1454981537",3.14,"1",14549815371326
57,"1454981537",3.57,"1",14549815371326
58,"1454981537",1.29,"1",14549815371326
59,"1454981537",0.86,"1",14549815371326
60,"1454981537",2.0,"1",14549815371326
61,"1454981537",2.0,"1",14549815371326
62,"1454981537",1.0,"1",14549815371326
63,"1454981537",0.71,"1",14549815371326
64,"1454981537",1.0,"1",14549815371326
65,"1454981537",1.0,"1",14549815371326
66,"1454981537",2.14,"1",14549815371326
67,"1454981537",4.0,"1",14549815371326
68,"1454981537",4.57,"1",14549815371326
69,"1454981537",5.57,"1",14549815371326
70,"1454981537",5.43,"1",14549815371326
71,"1454981537",5.14,"1",14549815371326
72,"1454981537",7.29,"1",14549815371326
73,"1454981537",10.71,"1",14549815371326
74,"1454981537",6.0,"1",14549815371326
75,"1454981537",5.14,"1",14549815371326
76,"1454981537",4.29,"1",14549815371326
77,"1454981537",5.14,"1",14549815371326
78,"1454981537",3.71,"1",14549815371326
79,"1454981537",1.29,"1",14549815371326
80,"1454981537",1.71,"1",14549815371326
81,"1454981537",3.86,"1",14549815371326
81,"1454981537",3.86,"1",14551452401326
0,"1455145240",0.0,"1",14551452401326
1,"1455145240",0.14,"1",14551452401326
1,"1455145240",0.14,"1b",14551452401327
2,"1455145240",0.57,"1b",14551452401327
3,"1455145240",2.14,"1b",14551452401327
3,"1455145240",2.14,"2",14551452401328
4,"1455145240",5.57,"2",14551452401328
5,"1455145240",9.57,"2",14551452401328
5,"1455145240",9.57,"3",14551452401329
6,"1455145240",16.0,"3",14551452401329
7,"1455145240",14.57,"3",14551452401329
8,"1455145240",15.0,"3",14551452401329
9,"1455145240",11.57,"3",14551452401329
10,"1455145240",7.71,"3",14551452401329
10,"1455145240",7.71,"2",14551452401330
11,"1455145240",10.71,"2",14551452401330
11,"1455145240",10.71,"3",14551452401331
12,"1455145240",11.57,"3",14551452401331
13,"1455145240",6.86,"3",14551452401331
13,"1455145240",6.86,"2",14551452401332
14,"1455145240",9.43,"2",14551452401332
15,"1455145240",10.71,"2",14551452401332
15,"1455145240",10.71,"1b",14551452401333
16,"1455145240",7.29,"1b",14551452401333
17,"1455145240",7.29,"1b",14551452401333
17,"1455145240",7.29,"1",14551452401334
18,"1455145240",3.0,"1",14551452401334
19,"1455145240",3.86,"1",14551452401334
20,"1455145240",3.14,"1",14551452401334
21,"1455145240",1.71,"1",14551452401334
22,"1455145240",2.86,"1",14551452401334
23,"1455145240",2.57,"1",14551452401334
24,"1455145240",2.57,"1",14551452401334
25,"1455145240",3.0,"1",14551452401334
26,"1455145240",3.14,"1",14551452401334
27,"1455145240",3.14,"1",14551452401334
28,"1455145240",2.43,"1",14551452401334
29,"1455145240",1.57,"1",14551452401334
30,"1455145240",2.57,"1",14551452401334
31,"1455145240",4.71,"1",14551452401334
32,"1455145240",6.29,"1",14551452401334
33,"1455145240",11.57,"1",14551452401334
34,"1455145240",8.14,"1",14551452401334
35,"1455145240",4.29,"1",14551452401334
36,"1455145240",1.29,"1",14551452401334
37,"1455145240",2.14,"1",14551452401334
38,"1455145240",3.29,"1",14551452401334
39,"1455145240",4.14,"1",14551452401334
40,"1455145240",7.71,"1",14551452401334
41,"1455145240",10.71,"1",14551452401334
42,"1455145240",22.71,"1",14551452401334
43,"1455145240",25.29,"1",14551452401334
44,"1455145240",78.43,"1",14551452401334
45,"1455145240",182.57,"1",14551452401334
46,"1455145240",235.29,"1",14551452401334
47,"1455145240",416.57,"1",14551452401334
47,"1455145240",416.57,"1b",14551452401335
48,"1455145240",405.0,"1b",14551452401335
49,"1455145240",624.86,"1b",14551452401335
49,"1455145240",624.86,"2",14551452401336
50,"1455145240",509.14,"2",14551452401336
50,"1455145240",509.14,"3",14551452401337
51,"1455145240",520.71,"3",14551452401337
51,"1455145240",520.71,"4",14551452401338
52,"1455145240",243.0,"4",14551452401338
53,"1455145240",162.0,"4",14551452401338
54,"1455145240",69.43,"4",14551452401338
54,"1455145240",69.43,"3",14551452401339
55,"1455145240",69.43,"3",14551452401339
56,"1455145240",23.14,"3",14551452401339
56,"1455145240",23.14,"2",14551452401340
57,"1455145240",19.29,"2",14551452401340
58,"1455145240",15.43,"2",14551452401340
58,"1455145240",15.43,"1b",14551452401341
59,"1455145240",10.71,"1b",14551452401341
60,"1455145240",8.57,"1b",14551452401341
60,"1455145240",8.57,"1",14551452401342
61,"1455145240",3.86,"1",14551452401342
62,"1455145240",5.14,"1",14551452401342
63,"1455145240",4.0,"1",14551452401342
64,"1455145240",3.71,"1",14551452401342
65,"1455145240",5.57,"1",14551452401342
66,"1455145240",12.71,"1",14551452401342
67,"1455145240",10.71,"1",14551452401342
68,"1455145240",13.29,"1",14551452401342
69,"1455145240",18.86,"1",14551452401342
70,"1455145240",18.0,"1",14551452401342
71,"1455145240",17.57,"1",14551452401342
72,"1455145240",27.43,"1",14551452401342
73,"1455145240",36.0,"1",14551452401342
74,"1455145240",60.43,"1",14551452401342
75,"1455145240",115.71,"1",14551452401342
76,"1455145240",100.29,"1",14551452401342
77,"1455145240",92.57,"1",14551452401342
78,"1455145240",127.29,"1",14551452401342
79,"1455145240",281.57,"1",14551452401342
80,"1455145240",860.14,"1",14551452401342
80,"1455145240",860.14,"1b",14551452401343
81,"1455145240",1724.14,"1b",14551452401343
81,"1455145240",1724.14,"1",14552631891344
0,"1455263189",0.29,"1",14552631891344
1,"1455263189",0.43,"1",14552631891344
2,"1455263189",2.14,"1",14552631891344
2,"1455263189",2.14,"2",14552631891345
3,"1455263189",3.14,"2",14552631891345
4,"1455263189",2.86,"2",14552631891345
5,"1455263189",11.14,"2",14552631891345
5,"1455263189",11.14,"3",14552631891346
6,"1455263189",12.86,"3",14552631891346
7,"1455263189",4.71,"3",14552631891346
7,"1455263189",4.71,"2",14552631891347
8,"1455263189",6.43,"2",14552631891347
9,"1455263189",10.71,"2",14552631891347
9,"1455263189",10.71,"3",14552631891348
10,"1455263189",9.43,"3",14552631891348
11,"1455263189",10.29,"3",14552631891348
12,"1455263189",8.14,"3",14552631891348
13,"1455263189",12.43,"3",14552631891348
14,"1455263189",7.29,"3",14552631891348
14,"1455263189",7.29,"2",14552631891349
15,"1455263189",8.14,"2",14552631891349
16,"1455263189",7.29,"2",14552631891349
16,"1455263189",7.29,"1b",14552631891350
17,"1455263189",12.86,"1b",14552631891350
18,"1455263189",12.0,"1b",14552631891350
18,"1455263189",12.0,"1",14552631891351
19,"1455263189",8.57,"1",14552631891351
20,"1455263189",9.0,"1",14552631891351
21,"1455263189",11.14,"1",14552631891351
22,"1455263189",14.57,"1",14552631891351
23,"1455263189",13.29,"1",14552631891351
24,"1455263189",13.71,"1",14552631891351
25,"1455263189",19.71,"1",14552631891351
26,"1455263189",26.14,"1",14552631891351
27,"1455263189",16.71,"1",14552631891351
28,"1455263189",33.43,"1",14552631891351
29,"1455263189",38.57,"1",14552631891351
30,"1455263189",20.57,"1",14552631891351
31,"1455263189",24.43,"1",14552631891351
32,"1455263189",33.43,"1",14552631891351
33,"1455263189",18.0,"1",14552631891351
34,"1455263189",15.43,"1",14552631891351
35,"1455263189",23.14,"1",14552631891351
36,"1455263189",29.57,"1",14552631891351
37,"1455263189",12.86,"1",14552631891351
38,"1455263189",14.14,"1",14552631891351
39,"1455263189",25.71,"1",14552631891351
40,"1455263189",37.29,"1",14552631891351
41,"1455263189",45.0,"1",14552631891351
42,"1455263189",77.14,"1",14552631891351
43,"1455263189",196.71,"1",14552631891351
44,"1455263189",397.29,"1",14552631891351
44,"1455263189",397.29,"1b",14552631891352
45,"1455263189",243.0,"1b",14552631891352
45,"1455263189",243.0,"2",14552631891353
46,"1455263189",324.0,"2",14552631891353
46,"1455263189",324.0,"3",14552631891354
47,"1455263189",150.43,"3",14552631891354
48,"1455263189",69.43,"3",14552631891354
48,"1455263189",69.43,"2",14552631891355
49,"1455263189",42.43,"2",14552631891355
50,"1455263189",27.0,"2",14552631891355
50,"1455263189",27.0,"1b",14552631891356
51,"1455263189",55.29,"1b",14552631891356
52,"1455263189",66.86,"1b",14552631891356
52,"1455263189",66.86,"1",14552631891357
53,"1455263189",162.0,"1",14552631891357
54,"1455263189",312.43,"1",14552631891357
54,"1455263189",312.43,"1b",14552631891358
55,"1455263189",462.86,"1b",14552631891358
55,"1455263189",462.86,"3",14552631891359
56,"1455263189",451.29,"3",14552631891359
56,"1455263189",451.29,"4",14552631891360
57,"1455263189",219.86,"4",14552631891360
58,"1455263189",185.14,"4",14552631891360
59,"1455263189",69.43,"4",14552631891360
59,"1455263189",69.43,"3",14552631891361
60,"1455263189",65.57,"3",14552631891361
61,"1455263189",77.14,"3",14552631891361
61,"1455263189",77.14,"2",14552631891362
62,"1455263189",38.57,"2",14552631891362
63,"1455263189",34.71,"2",14552631891362
63,"1455263189",34.71,"1b",14552631891363
64,"1455263189",50.14,"1b",14552631891363
65,"1455263189",47.57,"1b",14552631891363
65,"1455263189",47.57,"1",14552631891364
66,"1455263189",51.43,"1",14552631891364
67,"1455263189",52.71,"1",14552631891364
68,"1455263189",114.43,"1",14552631891364
69,"1455263189",281.57,"1",14552631891364
70,"1455263189",601.71,"1",14552631891364
70,"1455263189",601.71,"2",14552631891365
71,"1455263189",775.29,"2",14552631891365
71,"1455263189",775.29,"4",14552631891366
72,"1455263189",624.86,"4",14552631891366
73,"1455263189",173.57,"4",14552631891366
74,"1455263189",173.57,"4",14552631891366
75,"1455263189",127.29,"4",14552631891366
76,"1455263189",69.43,"4",14552631891366
76,"1455263189",69.43,"3",14552631891367
77,"1455263189",92.57,"3",14552631891367
78,"1455263189",38.57,"3",14552631891367
78,"1455263189",38.57,"2",14552631891368
79,"1455263189",69.43,"2",14552631891368
80,"1455263189",104.14,"2",14552631891368
80,"1455263189",104.14,"1b",14552631891369
81,"1455263189",104.14,"1b",14552631891369
81,"1455263189",104.14,"1",14555375661370
0,"1455537566",0.14,"1",14555375661370
0,"1455537566",0.14,"1b",14555375661371
1,"1455537566",1.57,"1b",14555375661371
2,"1455537566",4.57,"1b",14555375661371
2,"1455537566",4.57,"2",14555375661372
3,"1455537566",6.29,"2",14555375661372
3,"1455537566",6.29,"3",14555375661373
4,"1455537566",3.57,"3",14555375661373
5,"1455537566",4.43,"3",14555375661373
5,"1455537566",4.43,"2",14555375661374
6,"1455537566",4.0,"2",14555375661374
6,"1455537566",4.0,"3",14555375661375
7,"1455537566",5.14,"3",14555375661375
8,"1455537566",4.71,"3",14555375661375
8,"1455537566",4.71,"2",14555375661376
9,"1455537566",2.71,"2",14555375661376
10,"1455537566",1.14,"2",14555375661376
11,"1455537566",3.0,"2",14555375661376
12,"1455537566",3.86,"2",14555375661376
13,"1455537566",3.57,"2",14555375661376
14,"1455537566",4.29,"2",14555375661376
14,"1455537566",4.29,"1b",14555375661377
15,"1455537566",5.14,"1b",14555375661377
16,"1455537566",5.14,"1b",14555375661377
16,"1455537566",5.14,"1",14555375661378
17,"1455537566",7.14,"1",14555375661378
18,"1455537566",18.0,"1",14555375661378
19,"1455537566",48.86,"1",14555375661378
20,"1455537566",69.43,"1",14555375661378
20,"1455537566",69.43,"1b",14555375661379
21,"1455537566",86.14,"1b",14555375661379
22,"1455537566",108.0,"1b",14555375661379
23,"1455537566",88.71,"1b",14555375661379
23,"1455537566",88.71,"3",14555375661380
24,"1455537566",61.71,"3",14555375661380
24,"1455537566",61.71,"4",14555375661381
25,"1455537566",57.86,"4",14555375661381
26,"1455537566",34.71,"4",14555375661381
27,"1455537566",34.71,"4",14555375661381
28,"1455537566",33.43,"4",14555375661381
29,"1455537566",21.86,"4",14555375661381
29,"1455537566",21.86,"3",14555375661382
30,"1455537566",6.43,"3",14555375661382
31,"1455537566",10.29,"3",14555375661382
31,"1455537566",10.29,"2",14555375661383
32,"1455537566",9.0,"2",14555375661383
33,"1455537566",4.29,"2",14555375661383
33,"1455537566",4.29,"1b",14555375661384
34,"1455537566",3.86,"1b",14555375661384
35,"1455537566",6.86,"1b",14555375661384
35,"1455537566",6.86,"1",14555375661385
36,"1455537566",2.0,"1",14555375661385
37,"1455537566",4.29,"1",14555375661385
38,"1455537566",4.14,"1",14555375661385
39,"1455537566",5.0,"1",14555375661385
40,"1455537566",2.71,"1",14555375661385
41,"1455537566",2.29,"1",14555375661385
42,"1455537566",2.14,"1",14555375661385
43,"1455537566",1.29,"1",14555375661385
44,"1455537566",1.29,"1",14555375661385
45,"1455537566",1.14,"1",14555375661385
46,"1455537566",0.29,"1",14555375661385
47,"1455537566",0.71,"1",14555375661385
48,"1455537566",2.57,"1",14555375661385
49,"1455537566",6.86,"1",14555375661385
50,"1455537566",9.14,"1",14555375661385
51,"1455537566",11.14,"1",14555375661385
52,"1455537566",6.43,"1",14555375661385
53,"1455537566",12.0,"1",14555375661385
54,"1455537566",13.29,"1",14555375661385
55,"1455537566",12.0,"1",14555375661385
56,"1455537566",9.43,"1",14555375661385
57,"1455537566",4.29,"1",14555375661385
58,"1455537566",6.43,"1",14555375661385
59,"1455537566",3.86,"1",14555375661385
60,"1455537566",4.14,"1",14555375661385
61,"1455537566",4.14,"1",14555375661385
62,"1455537566",4.29,"1",14555375661385
63,"1455537566",5.57,"1",14555375661385
64,"1455537566",4.29,"1",14555375661385
65,"1455537566",4.14,"1",14555375661385
66,"1455537566",6.14,"1",14555375661385
67,"1455537566",12.71,"1",14555375661385
68,"1455537566",8.57,"1",14555375661385
69,"1455537566",7.29,"1",14555375661385
70,"1455537566",18.43,"1",14555375661385
71,"1455537566",20.57,"1",14555375661385
72,"1455537566",17.57,"1",14555375661385
73,"1455537566",32.14,"1",14555375661385
74,"1455537566",48.86,"1",14555375661385
75,"1455537566",108.0,"1",14555375661385
76,"1455537566",142.71,"1",14555375661385
77,"1455537566",239.14,"1",14555375661385
78,"1455537566",408.86,"1",14555375661385
78,"1455537566",408.86,"1b",14555375661386
79,"1455537566",694.29,"1b",14555375661386
79,"1455537566",694.29,"3",14555375661387
80,"1455537566",775.29,"3",14555375661387
80,"1455537566",775.29,"4",14555375661388
81,"1455537566",486.0,"4",14555375661388
81,"1455537566",486.0,"1",14577116961389
0,"1457711696",0.0,"1",14577116961389
1,"1457711696",2.71,"1",14577116961389
1,"1457711696",2.71,"1b",14577116961390
2,"1457711696",8.43,"1b",14577116961390
2,"1457711696",8.43,"3",14577116961391
3,"1457711696",7.86,"3",14577116961391
4,"1457711696",9.86,"3",14577116961391
5,"1457711696",5.14,"3",14577116961391
5,"1457711696",5.14,"2",14577116961392
6,"1457711696",5.57,"2",14577116961392
7,"1457711696",6.86,"2",14577116961392
7,"1457711696",6.86,"3",14577116961393
8,"1457711696",3.86,"3",14577116961393
9,"1457711696",6.0,"3",14577116961393
9,"1457711696",6.0,"2",14577116961394
10,"1457711696",12.43,"2",14577116961394
10,"1457711696",12.43,"3",14577116961395
11,"1457711696",6.0,"3",14577116961395
12,"1457711696",5.14,"3",14577116961395
12,"1457711696",5.14,"2",14577116961396
13,"1457711696",6.86,"2",14577116961396
14,"1457711696",6.0,"2",14577116961396
14,"1457711696",6.0,"1b",14577116961397
15,"1457711696",12.0,"1b",14577116961397
16,"1457711696",11.57,"1b",14577116961397
16,"1457711696",11.57,"1",14577116961398
17,"1457711696",15.86,"1",14577116961398
18,"1457711696",29.14,"1",14577116961398
19,"1457711696",84.86,"1",14577116961398
19,"1457711696",84.86,"1b",14577116961399
20,"1457711696",100.29,"1b",14577116961399
20,"1457711696",100.29,"3",14577116961400
21,"1457711696",81.0,"3",14577116961400
21,"1457711696",81.0,"4",14577116961401
22,"1457711696",38.57,"4",14577116961401
23,"1457711696",30.86,"4",14577116961401
24,"1457711696",20.57,"4",14577116961401
25,"1457711696",16.71,"4",14577116961401
25,"1457711696",16.71,"3",14577116961402
26,"1457711696",11.57,"3",14577116961402
27,"1457711696",6.43,"3",14577116961402
27,"1457711696",6.43,"2",14577116961403
28,"1457711696",9.86,"2",14577116961403
29,"1457711696",6.0,"2",14577116961403
29,"1457711696",6.0,"1b",14577116961404
30,"1457711696",3.0,"1b",14577116961404
31,"1457711696",2.43,"1b",14577116961404
31,"1457711696",2.43,"1",14577116961405
32,"1457711696",4.57,"1",14577116961405
33,"1457711696",1.57,"1",14577116961405
34,"1457711696",1.14,"1",14577116961405
35,"1457711696",0.71,"1",14577116961405
36,"1457711696",1.43,"1",14577116961405
37,"1457711696",1.71,"1",14577116961405
38,"1457711696",1.71,"1",14577116961405
39,"1457711696",1.57,"1",14577116961405
40,"1457711696",2.0,"1",14577116961405
41,"1457711696",2.0,"1",14577116961405
42,"1457711696",2.29,"1",14577116961405
43,"1457711696",2.29,"1",14577116961405
44,"1457711696",3.71,"1",14577116961405
45,"1457711696",3.86,"1",14577116961405
46,"1457711696",4.57,"1",14577116961405
47,"1457711696",5.14,"1",14577116961405
48,"1457711696",7.57,"1",14577116961405
49,"1457711696",8.14,"1",14577116961405
50,"1457711696",8.57,"1",14577116961405
51,"1457711696",7.71,"1",14577116961405
52,"1457711696",6.0,"1",14577116961405
53,"1457711696",3.43,"1",14577116961405
54,"1457711696",6.43,"1",14577116961405
55,"1457711696",10.71,"1",14577116961405
56,"1457711696",9.86,"1",14577116961405
57,"1457711696",9.43,"1",14577116961405
58,"1457711696",9.86,"1",14577116961405
59,"1457711696",16.29,"1",14577116961405
60,"1457711696",12.43,"1",14577116961405
61,"1457711696",13.71,"1",14577116961405
62,"1457711696",9.43,"1",14577116961405
63,"1457711696",14.57,"1",14577116961405
64,"1457711696",9.86,"1",14577116961405
65,"1457711696",9.86,"1",14577116961405
66,"1457711696",13.71,"1",14577116961405
67,"1457711696",25.29,"1",14577116961405
68,"1457711696",55.71,"1",14577116961405
69,"1457711696",43.71,"1",14577116961405
70,"1457711696",55.29,"1",14577116961405
71,"1457711696",50.14,"1",14577116961405
72,"1457711696",46.29,"1",14577116961405
73,"1457711696",61.71,"1",14577116961405
74,"1457711696",92.57,"1",14577116961405
75,"1457711696",138.86,"1",14577116961405
76,"1457711696",239.14,"1",14577116961405
77,"1457711696",300.86,"1",14577116961405
77,"1457711696",300.86,"1b",14577116961406
78,"1457711696",196.71,"1b",14577116961406
79,"1457711696",115.71,"1b",14577116961406
79,"1457711696",115.71,"1",14577116961407
80,"1457711696",208.29,"1",14577116961407
81,"1457711696",324.0,"1",14577116961407
81,"1457711696",324.0,"1",14580540281407
0,"1458054028",0.29,"1",14580540281407
0,"1458054028",0.29,"1b",14580540281408
1,"1458054028",1.71,"1b",14580540281408
1,"1458054028",1.71,"2",14580540281409
2,"1458054028",1.0,"2",14580540281409
3,"1458054028",3.29,"2",14580540281409
4,"1458054028",3.14,"2",14580540281409
5,"1458054028",5.29,"2",14580540281409
6,"1458054028",8.71,"2",14580540281409
7,"1458054028",20.57,"2",14580540281409
7,"1458054028",20.57,"3",14580540281410
8,"1458054028",20.14,"3",14580540281410
9,"1458054028",26.57,"3",14580540281410
10,"1458054028",34.71,"3",14580540281410
10,"1458054028",34.71,"4",14580540281411
11,"1458054028",15.43,"4",14580540281411
12,"1458054028",5.14,"4",14580540281411
12,"1458054028",5.14,"3",14580540281412
13,"1458054028",4.29,"3",14580540281412
14,"1458054028",3.57,"3",14580540281412
14,"1458054028",3.57,"2",14580540281413
15,"1458054028",5.43,"2",14580540281413
16,"1458054028",4.43,"2",14580540281413
16,"1458054028",4.43,"1b",14580540281414
17,"1458054028",3.0,"1b",14580540281414
18,"1458054028",3.14,"1b",14580540281414
18,"1458054028",3.14,"1",14580540281415
19,"1458054028",4.0,"1",14580540281415
20,"1458054028",4.0,"1",14580540281415
21,"1458054028",3.57,"1",14580540281415
22,"1458054028",5.57,"1",14580540281415
23,"1458054028",5.14,"1",14580540281415
24,"1458054028",9.14,"1",14580540281415
25,"1458054028",13.71,"1",14580540281415
26,"1458054028",21.86,"1",14580540281415
27,"1458054028",42.43,"1",14580540281415
27,"1458054028",42.43,"1b",14580540281416
28,"1458054028",45.0,"1b",14580540281416
29,"1458054028",37.29,"1b",14580540281416
29,"1458054028",37.29,"1",14580540281417
30,"1458054028",75.86,"1",14580540281417
31,"1458054028",145.29,"1",14580540281417
32,"1458054028",281.57,"1",14580540281417
33,"1458054028",347.14,"1",14580540281417
33,"1458054028",347.14,"1b",14580540281418
34,"1458054028",277.71,"1b",14580540281418
34,"1458054028",277.71,"2",14580540281419
35,"1458054028",370.29,"2",14580540281419
35,"1458054028",370.29,"3",14580540281420
36,"1458054028",127.29,"3",14580540281420
36,"1458054028",127.29,"4",14580540281421
37,"1458054028",127.29,"4",14580540281421
38,"1458054028",61.71,"4",14580540281421
38,"1458054028",61.71,"3",14580540281422
39,"1458054028",61.71,"3",14580540281422
40,"1458054028",34.71,"3",14580540281422
40,"1458054028",34.71,"2",14580540281423
41,"1458054028",57.86,"2",14580540281423
42,"1458054028",88.71,"2",14580540281423
42,"1458054028",88.71,"1b",14580540281424
43,"1458054028",57.86,"1b",14580540281424
44,"1458054028",88.71,"1b",14580540281424
44,"1458054028",88.71,"1",14580540281425
45,"1458054028",212.14,"1",14580540281425
46,"1458054028",594.0,"1",14580540281425
46,"1458054028",594.0,"1b",14580540281426
47,"1458054028",648.0,"1b",14580540281426
47,"1458054028",648.0,"3",14580540281427
48,"1458054028",243.0,"3",14580540281427
48,"1458054028",243.0,"4",14580540281428
49,"1458054028",266.14,"4",14580540281428
50,"1458054028",173.57,"4",14580540281428
51,"1458054028",127.29,"4",14580540281428
51,"1458054028",127.29,"3",14580540281429
52,"1458054028",127.29,"3",14580540281429
53,"1458054028",100.29,"3",14580540281429
53,"1458054028",100.29,"4",14580540281430
54,"1458054028",84.86,"4",14580540281430
55,"1458054028",38.57,"4",14580540281430
55,"1458054028",38.57,"3",14580540281431
56,"1458054028",14.14,"3",14580540281431
57,"1458054028",18.0,"3",14580540281431
57,"1458054028",18.0,"2",14580540281432
58,"1458054028",15.43,"2",14580540281432
59,"1458054028",21.86,"2",14580540281432
59,"1458054028",21.86,"1b",14580540281433
60,"1458054028",20.57,"1b",14580540281433
61,"1458054028",21.86,"1b",14580540281433
61,"1458054028",21.86,"1",14580540281434
62,"1458054028",28.29,"1",14580540281434
63,"1458054028",28.29,"1",14580540281434
64,"1458054028",21.86,"1",14580540281434
65,"1458054028",21.86,"1",14580540281434
66,"1458054028",28.29,"1",14580540281434
67,"1458054028",21.86,"1",14580540281434
68,"1458054028",10.29,"1",14580540281434
69,"1458054028",18.0,"1",14580540281434
70,"1458054028",27.0,"1",14580540281434
71,"1458054028",56.57,"1",14580540281434
72,"1458054028",54.0,"1",14580540281434
73,"1458054028",105.43,"1",14580540281434
74,"1458054028",92.57,"1",14580540281434
75,"1458054028",154.29,"1",14580540281434
76,"1458054028",204.43,"1",14580540281434
76,"1458054028",204.43,"1b",14580540281435
77,"1458054028",582.43,"1b",14580540281435
78,"1458054028",717.43,"1b",14580540281435
78,"1458054028",717.43,"3",14580540281436
79,"1458054028",902.57,"3",14580540281436
79,"1458054028",902.57,"4",14580540281437
80,"1458054028",555.43,"4",14580540281437
81,"1458054028",243.0,"1",1458569751438
81,"1458054028",243.0,"4",14580540281437
0,"145856975",0.0,"1",1458569751438
1,"145856975",0.71,"1",1458569751438
2,"145856975",3.0,"1",1458569751438
2,"145856975",3.0,"2",1458569751439
3,"145856975",4.14,"2",1458569751439
4,"145856975",4.0,"2",1458569751439
5,"145856975",7.14,"2",1458569751439
6,"145856975",12.57,"2",1458569751439
6,"145856975",12.57,"3",1458569751440
7,"145856975",15.0,"3",1458569751440
8,"145856975",9.86,"3",1458569751440
9,"145856975",9.43,"3",1458569751440
10,"145856975",6.43,"3",1458569751440
11,"145856975",3.0,"3",1458569751440
11,"145856975",3.0,"2",1458569751441
12,"145856975",4.71,"2",1458569751441
13,"145856975",7.71,"2",1458569751441
13,"145856975",7.71,"3",1458569751442
14,"145856975",4.0,"3",1458569751442
15,"145856975",3.86,"3",1458569751442
15,"145856975",3.86,"2",1458569751443
16,"145856975",2.57,"2",1458569751443
17,"145856975",2.86,"2",1458569751443
17,"145856975",2.86,"1b",1458569751444
18,"145856975",3.14,"1b",1458569751444
19,"145856975",3.86,"1b",1458569751444
19,"145856975",3.86,"1",1458569751445
20,"145856975",3.86,"1",1458569751445
21,"145856975",4.14,"1",1458569751445
22,"145856975",4.57,"1",1458569751445
23,"145856975",8.0,"1",1458569751445
24,"145856975",11.71,"1",1458569751445
25,"145856975",19.71,"1",1458569751445
26,"145856975",39.43,"1",1458569751445
26,"145856975",39.43,"1b",1458569751446
27,"145856975",46.29,"1b",1458569751446
27,"145856975",46.29,"2",1458569751447
28,"145856975",34.71,"2",1458569751447
29,"145856975",29.57,"2",1458569751447
29,"145856975",29.57,"1b",1458569751448
30,"145856975",33.43,"1b",1458569751448
31,"145856975",32.14,"1b",1458569751448
31,"145856975",32.14,"1",1458569751449
32,"145856975",29.57,"1",1458569751449
33,"145856975",16.71,"1",1458569751449
34,"145856975",78.43,"1",1458569751449
35,"145856975",138.86,"1",1458569751449
36,"145856975",165.86,"1",1458569751449
37,"145856975",146.57,"1",1458569751449
38,"145856975",277.71,"1",1458569751449
39,"145856975",312.43,"1",1458569751449
39,"145856975",312.43,"1b",1458569751450
40,"145856975",312.43,"1b",1458569751450
40,"145856975",312.43,"2",1458569751451
41,"145856975",300.86,"2",1458569751451
41,"145856975",300.86,"3",1458569751452
42,"145856975",243.0,"3",1458569751452
43,"145856975",196.71,"3",1458569751452
43,"145856975",196.71,"2",1458569751453
44,"145856975",219.86,"2",1458569751453
44,"145856975",219.86,"3",1458569751454
45,"145856975",92.57,"3",1458569751454
46,"145856975",115.71,"3",1458569751454
47,"145856975",115.71,"3",1458569751454
47,"145856975",115.71,"2",1458569751455
48,"145856975",65.57,"2",1458569751455
49,"145856975",92.57,"2",1458569751455
49,"145856975",92.57,"1b",1458569751456
50,"145856975",173.57,"1b",1458569751456
51,"145856975",173.57,"1b",1458569751456
52,"145856975",270.0,"1b",1458569751456
52,"145856975",270.0,"2",1458569751457
53,"145856975",312.43,"2",1458569751457
53,"145856975",312.43,"3",1458569751458
54,"145856975",358.71,"3",1458569751458
55,"145856975",219.86,"3",1458569751458
55,"145856975",219.86,"4",1458569751459
56,"145856975",150.43,"4",1458569751459
57,"145856975",69.43,"4",1458569751459
57,"145856975",69.43,"3",1458569751460
58,"145856975",46.29,"3",1458569751460
59,"145856975",12.86,"3",1458569751460
59,"145856975",12.86,"2",1458569751461
60,"145856975",21.86,"2",1458569751461
61,"145856975",12.86,"2",1458569751461
61,"145856975",12.86,"1b",1458569751462
62,"145856975",11.57,"1b",1458569751462
63,"145856975",6.43,"1b",1458569751462
63,"145856975",6.43,"1",1458569751463
64,"145856975",5.14,"1",1458569751463
65,"145856975",2.57,"1",1458569751463
66,"145856975",3.14,"1",1458569751463
67,"145856975",1.86,"1",1458569751463
68,"145856975",2.57,"1",1458569751463
69,"145856975",0.71,"1",1458569751463
70,"145856975",1.43,"1",1458569751463
71,"145856975",1.0,"1",1458569751463
72,"145856975",3.71,"1",1458569751463
73,"145856975",8.14,"1",1458569751463
74,"145856975",4.0,"1",1458569751463
75,"145856975",3.57,"1",1458569751463
76,"145856975",5.29,"1",1458569751463
77,"145856975",3.71,"1",1458569751463
78,"145856975",5.0,"1",1458569751463
79,"145856975",7.0,"1",1458569751463
80,"145856975",4.57,"1",1458569751463
81,"145856975",4.0,"1",1458569751463
81,"145856975",4.0,"1",14586640491463
0,"1458664049",0.0,"1",14586640491463
1,"1458664049",0.0,"1",14586640491463
2,"1458664049",1.57,"1",14586640491463
3,"1458664049",5.43,"1",14586640491463
3,"1458664049",5.43,"2",14586640491464
4,"1458664049",6.14,"2",14586640491464
4,"1458664049",6.14,"3",14586640491465
5,"1458664049",7.71,"3",14586640491465
6,"1458664049",8.57,"3",14586640491465
6,"1458664049",8.57,"2",14586640491466
7,"1458664049",2.14,"2",14586640491466
8,"1458664049",6.43,"2",14586640491466
8,"1458664049",6.43,"3",14586640491467
9,"1458664049",2.71,"3",14586640491467
10,"1458664049",1.71,"3",14586640491467
10,"1458664049",1.71,"2",14586640491468
11,"1458664049",2.0,"2",14586640491468
12,"1458664049",0.86,"2",14586640491468
13,"1458664049",1.29,"2",14586640491468
14,"1458664049",2.43,"2",14586640491468
15,"1458664049",2.0,"2",14586640491468
16,"1458664049",2.14,"2",14586640491468
16,"1458664049",2.14,"1b",14586640491469
17,"1458664049",1.57,"1b",14586640491469
18,"1458664049",2.14,"1b",14586640491469
18,"1458664049",2.14,"1",14586640491470
19,"1458664049",2.43,"1",14586640491470
20,"1458664049",3.0,"1",14586640491470
21,"1458664049",3.14,"1",14586640491470
22,"1458664049",3.0,"1",14586640491470
23,"1458664049",3.29,"1",14586640491470
24,"1458664049",1.86,"1",14586640491470
25,"1458664049",1.86,"1",14586640491470
26,"1458664049",2.0,"1",14586640491470
27,"1458664049",1.29,"1",14586640491470
28,"1458664049",2.71,"1",14586640491470
29,"1458664049",2.29,"1",14586640491470
30,"1458664049",3.14,"1",14586640491470
31,"1458664049",3.86,"1",14586640491470
32,"1458664049",8.86,"1",14586640491470
33,"1458664049",11.57,"1",14586640491470
34,"1458664049",16.71,"1",14586640491470
35,"1458664049",32.14,"1",14586640491470
36,"1458664049",56.57,"1",14586640491470
37,"1458664049",162.0,"1",14586640491470
38,"1458664049",204.43,"1",14586640491470
39,"1458664049",231.43,"1",14586640491470
40,"1458664049",324.0,"1",14586640491470
41,"1458664049",682.71,"1",14586640491470
41,"1458664049",682.71,"1b",14586640491471
42,"1458664049",567.0,"1b",14586640491471
42,"1458664049",567.0,"2",14586640491472
43,"1458664049",729.0,"2",14586640491472
43,"1458664049",729.0,"3",14586640491473
44,"1458664049",694.29,"3",14586640491473
44,"1458664049",694.29,"4",14586640491474
45,"1458664049",347.14,"4",14586640491474
46,"1458664049",243.0,"4",14586640491474
47,"1458664049",219.86,"4",14586640491474
48,"1458664049",127.29,"4",14586640491474
49,"1458664049",69.43,"4",14586640491474
49,"1458664049",69.43,"3",14586640491475
50,"1458664049",88.71,"3",14586640491475
51,"1458664049",46.29,"3",14586640491475
51,"1458664049",46.29,"2",14586640491476
52,"1458664049",30.86,"2",14586640491476
53,"1458664049",29.57,"2",14586640491476
53,"1458664049",29.57,"1b",14586640491477
54,"1458664049",23.14,"1b",14586640491477
55,"1458664049",9.0,"1b",14586640491477
55,"1458664049",9.0,"1",14586640491478
56,"1458664049",2.57,"1",14586640491478
57,"1458664049",5.57,"1",14586640491478
58,"1458664049",6.43,"1",14586640491478
59,"1458664049",5.14,"1",14586640491478
60,"1458664049",7.29,"1",14586640491478
61,"1458664049",3.0,"1",14586640491478
62,"1458664049",8.57,"1",14586640491478
63,"1458664049",10.71,"1",14586640491478
64,"1458664049",16.71,"1",14586640491478
65,"1458664049",16.29,"1",14586640491478
66,"1458664049",7.71,"1",14586640491478
67,"1458664049",9.0,"1",14586640491478
68,"1458664049",8.14,"1",14586640491478
69,"1458664049",5.57,"1",14586640491478
70,"1458664049",5.14,"1",14586640491478
71,"1458664049",2.43,"1",14586640491478
72,"1458664049",3.57,"1",14586640491478
73,"1458664049",2.57,"1",14586640491478
74,"1458664049",4.57,"1",14586640491478
75,"1458664049",6.86,"1",14586640491478
76,"1458664049",10.86,"1",14586640491478
77,"1458664049",9.0,"1",14586640491478
78,"1458664049",16.29,"1",14586640491478
79,"1458664049",10.71,"1",14586640491478
80,"1458664049",19.71,"1",14586640491478
81,"1458664049",24.0,"1",14586640491478
81,"1458664049",24.0,"1",14586872341478
0,"1458687234",0.14,"1",14586872341478
1,"1458687234",0.43,"1",14586872341478
2,"1458687234",4.29,"1",14586872341478
2,"1458687234",4.29,"1b",14586872341479
3,"1458687234",12.0,"1b",14586872341479
3,"1458687234",12.0,"3",14586872341480
4,"1458687234",17.57,"3",14586872341480
5,"1458687234",9.43,"3",14586872341480
6,"1458687234",6.86,"3",14586872341480
6,"1458687234",6.86,"2",14586872341481
7,"1458687234",11.14,"2",14586872341481
8,"1458687234",15.0,"2",14586872341481
8,"1458687234",15.0,"3",14586872341482
9,"1458687234",13.29,"3",14586872341482
10,"1458687234",12.43,"3",14586872341482
10,"1458687234",12.43,"2",14586872341483
11,"1458687234",23.14,"2",14586872341483
11,"1458687234",23.14,"3",14586872341484
12,"1458687234",15.43,"3",14586872341484
13,"1458687234",14.57,"3",14586872341484
14,"1458687234",10.71,"3",14586872341484
14,"1458687234",10.71,"2",14586872341485
15,"1458687234",16.71,"2",14586872341485
16,"1458687234",12.0,"2",14586872341485
16,"1458687234",12.0,"1b",14586872341486
17,"1458687234",11.14,"1b",14586872341486
18,"1458687234",7.29,"1b",14586872341486
18,"1458687234",7.29,"1",14586872341487
19,"1458687234",16.71,"1",14586872341487
20,"1458687234",28.71,"1",14586872341487
21,"1458687234",72.0,"1",14586872341487
21,"1458687234",72.0,"1b",14586872341488
22,"1458687234",56.57,"1b",14586872341488
22,"1458687234",56.57,"2",14586872341489
23,"1458687234",70.71,"2",14586872341489
23,"1458687234",70.71,"3",14586872341490
24,"1458687234",54.0,"3",14586872341490
24,"1458687234",54.0,"4",14586872341491
25,"1458687234",34.71,"4",14586872341491
26,"1458687234",24.43,"4",14586872341491
27,"1458687234",21.86,"4",14586872341491
28,"1458687234",4.71,"4",14586872341491
28,"1458687234",4.71,"3",14586872341492
29,"1458687234",5.14,"3",14586872341492
30,"1458687234",10.29,"3",14586872341492
30,"1458687234",10.29,"2",14586872341493
31,"1458687234",11.57,"2",14586872341493
32,"1458687234",16.71,"2",14586872341493
32,"1458687234",16.71,"1b",14586872341494
33,"1458687234",18.0,"1b",14586872341494
34,"1458687234",25.71,"1b",14586872341494
34,"1458687234",25.71,"1",14586872341495
35,"1458687234",54.0,"1",14586872341495
36,"1458687234",136.29,"1",14586872341495
37,"1458687234",289.29,"1",14586872341495
38,"1458687234",624.86,"1",14586872341495
38,"1458687234",624.86,"1b",14586872341496
39,"1458687234",1643.14,"1b",14586872341496
39,"1458687234",1643.14,"3",14586872341497
40,"1458687234",1006.71,"3",14586872341497
40,"1458687234",1006.71,"4",14586872341498
41,"1458687234",729.0,"4",14586872341498
42,"1458687234",486.0,"4",14586872341498
43,"1458687234",416.57,"4",14586872341498
44,"1458687234",231.43,"4",14586872341498
45,"1458687234",138.86,"4",14586872341498
45,"1458687234",138.86,"3",14586872341499
46,"1458687234",50.14,"3",14586872341499
47,"1458687234",61.71,"3",14586872341499
47,"1458687234",61.71,"2",14586872341500
48,"1458687234",34.71,"2",14586872341500
49,"1458687234",19.29,"2",14586872341500
49,"1458687234",19.29,"1b",14586872341501
50,"1458687234",11.57,"1b",14586872341501
51,"1458687234",6.86,"1b",14586872341501
51,"1458687234",6.86,"1",14586872341502
52,"1458687234",6.86,"1",14586872341502
53,"1458687234",3.43,"1",14586872341502
54,"1458687234",1.86,"1",14586872341502
55,"1458687234",2.71,"1",14586872341502
56,"1458687234",0.71,"1",14586872341502
57,"1458687234",1.0,"1",14586872341502
58,"1458687234",0.14,"1",14586872341502
59,"1458687234",1.57,"1",14586872341502
60,"1458687234",4.14,"1",14586872341502
61,"1458687234",11.86,"1",14586872341502
62,"1458687234",17.14,"1",14586872341502
63,"1458687234",29.14,"1",14586872341502
64,"1458687234",96.43,"1",14586872341502
65,"1458687234",185.14,"1",14586872341502
66,"1458687234",297.0,"1",14586872341502
67,"1458687234",312.43,"1",14586872341502
68,"1458687234",659.57,"1",14586872341502
68,"1458687234",659.57,"1b",14586872341503
69,"1458687234",462.86,"1b",14586872341503
69,"1458687234",462.86,"3",14586872341504
70,"1458687234",590.14,"3",14586872341504
70,"1458687234",590.14,"4",14586872341505
71,"1458687234",347.14,"4",14586872341505
72,"1458687234",196.71,"4",14586872341505
73,"1458687234",185.14,"4",14586872341505
74,"1458687234",104.14,"4",14586872341505
75,"1458687234",46.29,"4",14586872341505
75,"1458687234",46.29,"3",14586872341506
76,"1458687234",42.43,"3",14586872341506
77,"1458687234",24.43,"3",14586872341506
77,"1458687234",24.43,"2",14586872341507
78,"1458687234",18.0,"2",14586872341507
79,"1458687234",5.14,"2",14586872341507
79,"1458687234",5.14,"1b",14586872341508
80,"1458687234",8.14,"1b",14586872341508
81,"1458687234",4.71,"1b",14586872341508
81,"1458687234",4.71,"1",14587019151509
0,"1458701915",0.0,"1",14587019151509
1,"1458701915",0.43,"1",14587019151509
1,"1458701915",0.43,"1b",14587019151510
2,"1458701915",5.86,"1b",14587019151510
2,"1458701915",5.86,"3",14587019151511
3,"1458701915",3.57,"3",14587019151511
4,"1458701915",2.86,"3",14587019151511
4,"1458701915",2.86,"2",14587019151512
5,"1458701915",3.0,"2",14587019151512
6,"1458701915",3.29,"2",14587019151512
7,"1458701915",6.14,"2",14587019151512
7,"1458701915",6.14,"3",14587019151513
8,"1458701915",4.57,"3",14587019151513
9,"1458701915",3.43,"3",14587019151513
9,"1458701915",3.43,"2",14587019151514
10,"1458701915",1.86,"2",14587019151514
11,"1458701915",2.86,"2",14587019151514
12,"1458701915",3.71,"2",14587019151514
13,"1458701915",2.71,"2",14587019151514
14,"1458701915",1.57,"2",14587019151514
14,"1458701915",1.57,"1b",14587019151515
15,"1458701915",2.43,"1b",14587019151515
16,"1458701915",1.86,"1b",14587019151515
16,"1458701915",1.86,"1",14587019151516
17,"1458701915",0.86,"1",14587019151516
18,"1458701915",3.0,"1",14587019151516
19,"1458701915",6.0,"1",14587019151516
20,"1458701915",5.86,"1",14587019151516
21,"1458701915",4.43,"1",14587019151516
22,"1458701915",8.0,"1",14587019151516
23,"1458701915",7.71,"1",14587019151516
24,"1458701915",15.86,"1",14587019151516
25,"1458701915",14.14,"1",14587019151516
26,"1458701915",21.43,"1",14587019151516
27,"1458701915",29.57,"1",14587019151516
28,"1458701915",15.43,"1",14587019151516
29,"1458701915",9.0,"1",14587019151516
30,"1458701915",20.57,"1",14587019151516
31,"1458701915",24.43,"1",14587019151516
32,"1458701915",32.14,"1",14587019151516
33,"1458701915",45.0,"1",14587019151516
34,"1458701915",43.71,"1",14587019151516
35,"1458701915",50.14,"1",14587019151516
36,"1458701915",39.86,"1",14587019151516
37,"1458701915",32.14,"1",14587019151516
38,"1458701915",39.86,"1",14587019151516
39,"1458701915",45.0,"1",14587019151516
40,"1458701915",55.29,"1",14587019151516
41,"1458701915",81.0,"1",14587019151516
42,"1458701915",96.43,"1",14587019151516
43,"1458701915",135.0,"1",14587019151516
44,"1458701915",142.71,"1",14587019151516
45,"1458701915",135.0,"1",14587019151516
46,"1458701915",273.86,"1",14587019151516
47,"1458701915",370.29,"1",14587019151516
47,"1458701915",370.29,"1b",14587019151517
48,"1458701915",520.71,"1b",14587019151517
48,"1458701915",520.71,"2",14587019151518
49,"1458701915",613.29,"2",14587019151518
49,"1458701915",613.29,"3",14587019151519
50,"1458701915",798.43,"3",14587019151519
50,"1458701915",798.43,"4",14587019151520
51,"1458701915",381.86,"4",14587019151520
52,"1458701915",208.29,"4",14587019151520
53,"1458701915",138.86,"4",14587019151520
54,"1458701915",81.0,"4",14587019151520
54,"1458701915",81.0,"3",14587019151521
55,"1458701915",38.57,"3",14587019151521
56,"1458701915",50.14,"3",14587019151521
56,"1458701915",50.14,"2",14587019151522
57,"1458701915",42.43,"2",14587019151522
58,"1458701915",21.86,"2",14587019151522
58,"1458701915",21.86,"1b",14587019151523
59,"1458701915",16.71,"1b",14587019151523
60,"1458701915",19.29,"1b",14587019151523
60,"1458701915",19.29,"1",14587019151524
61,"1458701915",21.86,"1",14587019151524
62,"1458701915",14.14,"1",14587019151524
63,"1458701915",18.0,"1",14587019151524
64,"1458701915",32.14,"1",14587019151524
65,"1458701915",29.57,"1",14587019151524
66,"1458701915",52.71,"1",14587019151524
67,"1458701915",48.86,"1",14587019151524
68,"1458701915",48.86,"1",14587019151524
69,"1458701915",55.29,"1",14587019151524
70,"1458701915",77.14,"1",14587019151524
71,"1458701915",119.57,"1",14587019151524
72,"1458701915",142.71,"1",14587019151524
73,"1458701915",285.43,"1",14587019151524
74,"1458701915",289.29,"1",14587019151524
75,"1458701915",266.14,"1",14587019151524
75,"1458701915",266.14,"1b",14587019151525
76,"1458701915",208.29,"1b",14587019151525
77,"1458701915",300.86,"1b",14587019151525
77,"1458701915",300.86,"2",14587019151526
78,"1458701915",243.0,"2",14587019151526
79,"1458701915",358.71,"2",14587019151526
79,"1458701915",358.71,"3",14587019151527
80,"1458701915",312.43,"3",14587019151527
81,"1458701915",231.43,"3",14587019151527
81,"1458701915",231.43,"1",14593245741528
0,"1459324574",0.0,"1",14593245741528
1,"1459324574",1.14,"1",14593245741528
2,"1459324574",7.43,"1",14593245741528
2,"1459324574",7.43,"2",14593245741529
3,"1459324574",11.14,"2",14593245741529
3,"1459324574",11.14,"3",14593245741530
4,"1459324574",16.29,"3",14593245741530
5,"1459324574",12.43,"3",14593245741530
6,"1459324574",18.0,"3",14593245741530
7,"1459324574",16.71,"3",14593245741530
8,"1459324574",12.86,"3",14593245741530
9,"1459324574",14.14,"3",14593245741530
10,"1459324574",11.57,"3",14593245741530
11,"1459324574",15.43,"3",14593245741530
12,"1459324574",12.43,"3",14593245741530
13,"1459324574",8.57,"3",14593245741530
14,"1459324574",12.43,"3",14593245741530
14,"1459324574",12.43,"2",14593245741531
15,"1459324574",12.0,"2",14593245741531
16,"1459324574",9.43,"2",14593245741531
16,"1459324574",9.43,"1b",14593245741532
17,"1459324574",6.86,"1b",14593245741532
18,"1459324574",3.0,"1b",14593245741532
18,"1459324574",3.0,"1",14593245741533
19,"1459324574",1.86,"1",14593245741533
20,"1459324574",4.71,"1",14593245741533
21,"1459324574",4.0,"1",14593245741533
22,"1459324574",3.43,"1",14593245741533
23,"1459324574",4.86,"1",14593245741533
24,"1459324574",7.14,"1",14593245741533
25,"1459324574",6.86,"1",14593245741533
26,"1459324574",12.86,"1",14593245741533
27,"1459324574",28.29,"1",14593245741533
28,"1459324574",45.0,"1",14593245741533
28,"1459324574",45.0,"1b",14593245741534
29,"1459324574",33.43,"1b",14593245741534
29,"1459324574",33.43,"2",14593245741535
30,"1459324574",24.43,"2",14593245741535
31,"1459324574",20.57,"2",14593245741535
31,"1459324574",20.57,"1b",14593245741536
32,"1459324574",32.14,"1b",14593245741536
33,"1459324574",32.14,"1b",14593245741536
33,"1459324574",32.14,"1",14593245741537
34,"1459324574",43.71,"1",14593245741537
35,"1459324574",66.86,"1",14593245741537
36,"1459324574",88.71,"1",14593245741537
37,"1459324574",69.43,"1",14593245741537
38,"1459324574",42.43,"1",14593245741537
39,"1459324574",61.71,"1",14593245741537
40,"1459324574",88.71,"1",14593245741537
41,"1459324574",69.43,"1",14593245741537
42,"1459324574",135.0,"1",14593245741537
43,"1459324574",100.29,"1",14593245741537
44,"1459324574",239.14,"1",14593245741537
44,"1459324574",239.14,"1b",14593245741538
45,"1459324574",324.0,"1b",14593245741538
45,"1459324574",324.0,"2",14593245741539
46,"1459324574",324.0,"2",14593245741539
46,"1459324574",324.0,"3",14593245741540
47,"1459324574",289.29,"3",14593245741540
47,"1459324574",289.29,"4",14593245741541
48,"1459324574",150.43,"4",14593245741541
49,"1459324574",57.86,"4",14593245741541
49,"1459324574",57.86,"3",14593245741542
50,"1459324574",42.43,"3",14593245741542
51,"1459324574",24.43,"3",14593245741542
51,"1459324574",24.43,"2",14593245741543
52,"1459324574",18.0,"2",14593245741543
53,"1459324574",7.71,"2",14593245741543
53,"1459324574",7.71,"1b",14593245741544
54,"1459324574",3.86,"1b",14593245741544
55,"1459324574",1.71,"1b",14593245741544
55,"1459324574",1.71,"1",14593245741545
56,"1459324574",3.57,"1",14593245741545
57,"1459324574",6.43,"1",14593245741545
58,"1459324574",9.57,"1",14593245741545
59,"1459324574",12.86,"1",14593245741545
60,"1459324574",26.14,"1",14593245741545
61,"1459324574",36.86,"1",14593245741545
62,"1459324574",27.0,"1",14593245741545
63,"1459324574",33.43,"1",14593245741545
64,"1459324574",51.43,"1",14593245741545
65,"1459324574",79.71,"1",14593245741545
66,"1459324574",142.71,"1",14593245741545
67,"1459324574",316.29,"1",14593245741545
68,"1459324574",509.14,"1",14593245741545
68,"1459324574",509.14,"1b",14593245741546
69,"1459324574",1134.0,"1b",14593245741546
69,"1459324574",1134.0,"3",14593245741547
70,"1459324574",1735.71,"3",14593245741547
70,"1459324574",1735.71,"4",14593245741548
71,"1459324574",1076.14,"4",14593245741548
72,"1459324574",763.71,"4",14593245741548
73,"1459324574",138.86,"4",14593245741548
74,"1459324574",312.43,"4",14593245741548
75,"1459324574",115.71,"4",14593245741548
76,"1459324574",23.14,"4",14593245741548
76,"1459324574",23.14,"3",14593245741549
77,"1459324574",27.0,"3",14593245741549
78,"1459324574",10.29,"3",14593245741549
78,"1459324574",10.29,"2",14593245741550
79,"1459324574",6.43,"2",14593245741550
80,"1459324574",3.86,"2",14593245741550
80,"1459324574",3.86,"1b",14593245741551
81,"1459324574",5.57,"1b",14593245741551
81,"1459324574",5.57,"1",14593793571552
0,"1459379357",0.0,"1",14593793571552
1,"1459379357",0.0,"1",14593793571552
2,"1459379357",0.43,"1",14593793571552
3,"1459379357",5.71,"1",14593793571552
3,"1459379357",5.71,"2",14593793571553
4,"1459379357",10.86,"2",14593793571553
4,"1459379357",10.86,"3",14593793571554
5,"1459379357",13.29,"3",14593793571554
6,"1459379357",13.71,"3",14593793571554
7,"1459379357",13.29,"3",14593793571554
8,"1459379357",9.43,"3",14593793571554
9,"1459379357",15.43,"3",14593793571554
10,"1459379357",10.71,"3",14593793571554
11,"1459379357",9.86,"3",14593793571554
12,"1459379357",4.71,"3",14593793571554
12,"1459379357",4.71,"2",14593793571555
13,"1459379357",1.86,"2",14593793571555
14,"1459379357",2.43,"2",14593793571555
14,"1459379357",2.43,"1b",14593793571556
15,"1459379357",1.43,"1b",14593793571556
16,"1459379357",1.43,"1b",14593793571556
16,"1459379357",1.43,"1",14593793571557
17,"1459379357",1.14,"1",14593793571557
18,"1459379357",1.0,"1",14593793571557
19,"1459379357",1.57,"1",14593793571557
20,"1459379357",1.43,"1",14593793571557
21,"1459379357",0.57,"1",14593793571557
22,"1459379357",1.86,"1",14593793571557
23,"1459379357",2.14,"1",14593793571557
24,"1459379357",3.29,"1",14593793571557
25,"1459379357",3.57,"1",14593793571557
26,"1459379357",7.71,"1",14593793571557
27,"1459379357",12.14,"1",14593793571557
28,"1459379357",21.86,"1",14593793571557
29,"1459379357",22.71,"1",14593793571557
30,"1459379357",24.43,"1",14593793571557
31,"1459379357",34.71,"1",14593793571557
32,"1459379357",23.14,"1",14593793571557
33,"1459379357",24.43,"1",14593793571557
34,"1459379357",27.0,"1",14593793571557
35,"1459379357",32.14,"1",14593793571557
36,"1459379357",50.14,"1",14593793571557
37,"1459379357",43.71,"1",14593793571557
38,"1459379357",54.0,"1",14593793571557
39,"1459379357",43.71,"1",14593793571557
40,"1459379357",124.71,"1",14593793571557
41,"1459379357",192.86,"1",14593793571557
42,"1459379357",547.71,"1",14593793571557
43,"1459379357",705.86,"1",14593793571557
43,"1459379357",705.86,"2",14593793571558
44,"1459379357",555.43,"2",14593793571558
44,"1459379357",555.43,"4",14593793571559
45,"1459379357",451.29,"4",14593793571559
46,"1459379357",92.57,"4",14593793571559
47,"1459379357",115.71,"4",14593793571559
47,"1459379357",115.71,"3",14593793571560
48,"1459379357",42.43,"3",14593793571560
49,"1459379357",42.43,"3",14593793571560
49,"1459379357",42.43,"2",14593793571561
50,"1459379357",42.43,"2",14593793571561
51,"1459379357",20.57,"2",14593793571561
51,"1459379357",20.57,"1b",14593793571562
52,"1459379357",18.0,"1b",14593793571562
53,"1459379357",12.86,"1b",14593793571562
53,"1459379357",12.86,"1",14593793571563
54,"1459379357",9.43,"1",14593793571563
55,"1459379357",18.0,"1",14593793571563
56,"1459379357",24.86,"1",14593793571563
57,"1459379357",68.14,"1",14593793571563
58,"1459379357",75.86,"1",14593793571563
59,"1459379357",104.14,"1",14593793571563
60,"1459379357",108.0,"1",14593793571563
61,"1459379357",142.71,"1",14593793571563
62,"1459379357",200.57,"1",14593793571563
63,"1459379357",289.29,"1",14593793571563
63,"1459379357",289.29,"1b",14593793571564
64,"1459379357",115.71,"1b",14593793571564
65,"1459379357",81.0,"1b",14593793571564
65,"1459379357",81.0,"1",14593793571565
66,"1459379357",65.57,"1",14593793571565
67,"1459379357",81.0,"1",14593793571565
68,"1459379357",81.0,"1",14593793571565
69,"1459379357",123.43,"1",14593793571565
70,"1459379357",285.43,"1",14593793571565
71,"1459379357",289.29,"1",14593793571565
71,"1459379357",289.29,"1b",14593793571566
72,"1459379357",254.57,"1b",14593793571566
73,"1459379357",451.29,"1b",14593793571566
74,"1459379357",266.14,"1b",14593793571566
74,"1459379357",266.14,"2",14593793571567
75,"1459379357",185.14,"2",14593793571567
76,"1459379357",196.71,"2",14593793571567
76,"1459379357",196.71,"3",14593793571568
77,"1459379357",127.29,"3",14593793571568
78,"1459379357",104.14,"3",14593793571568
78,"1459379357",104.14,"2",14593793571569
79,"1459379357",108.0,"2",14593793571569
79,"1459379357",108.0,"3",14593793571570
80,"1459379357",61.71,"3",14593793571570
81,"1459379357",30.86,"3",14593793571570
81,"1459379357",30.86,"1",14596703701571
0,"1459670370",0.0,"1",14596703701571
1,"1459670370",0.0,"1",14596703701571
2,"1459670370",0.0,"1",14596703701571
3,"1459670370",0.71,"1",14596703701571
4,"1459670370",1.71,"1",14596703701571
4,"1459670370",1.71,"2",14596703701572
5,"1459670370",1.86,"2",14596703701572
6,"1459670370",2.29,"2",14596703701572
7,"1459670370",1.57,"2",14596703701572
8,"1459670370",0.43,"2",14596703701572
8,"1459670370",0.43,"1b",14596703701573
9,"1459670370",0.71,"1b",14596703701573
9,"1459670370",0.71,"2",14596703701574
10,"1459670370",1.29,"2",14596703701574
11,"1459670370",1.29,"2",14596703701574
11,"1459670370",1.29,"1b",14596703701575
12,"1459670370",0.71,"1b",14596703701575
12,"1459670370",0.71,"2",14596703701576
13,"1459670370",0.43,"2",14596703701576
14,"1459670370",0.71,"2",14596703701576
14,"1459670370",0.71,"1b",14596703701577
15,"1459670370",0.86,"1b",14596703701577
16,"1459670370",0.86,"1b",14596703701577
16,"1459670370",0.86,"1",14596703701578
17,"1459670370",1.0,"1",14596703701578
18,"1459670370",1.14,"1",14596703701578
19,"1459670370",2.86,"1",14596703701578
20,"1459670370",0.86,"1",14596703701578
21,"1459670370",0.43,"1",14596703701578
22,"1459670370",0.86,"1",14596703701578
23,"1459670370",0.71,"1",14596703701578
24,"1459670370",1.14,"1",14596703701578
25,"1459670370",1.86,"1",14596703701578
26,"1459670370",4.43,"1",14596703701578
27,"1459670370",7.29,"1",14596703701578
28,"1459670370",13.57,"1",14596703701578
29,"1459670370",11.57,"1",14596703701578
30,"1459670370",17.57,"1",14596703701578
31,"1459670370",30.43,"1",14596703701578
32,"1459670370",56.57,"1",14596703701578
33,"1459670370",46.29,"1",14596703701578
34,"1459670370",73.29,"1",14596703701578
35,"1459670370",212.14,"1",14596703701578
36,"1459670370",216.0,"1",14596703701578
36,"1459670370",216.0,"1b",14596703701579
37,"1459670370",162.0,"1b",14596703701579
38,"1459670370",115.71,"1b",14596703701579
38,"1459670370",115.71,"1",14596703701580
39,"1459670370",115.71,"1",14596703701580
40,"1459670370",497.57,"1",14596703701580
40,"1459670370",497.57,"1b",14596703701581
41,"1459670370",694.29,"1b",14596703701581
41,"1459670370",694.29,"2",14596703701582
42,"1459670370",532.29,"2",14596703701582
42,"1459670370",532.29,"4",14596703701583
43,"1459670370",520.71,"4",14596703701583
44,"1459670370",173.57,"4",14596703701583
44,"1459670370",173.57,"3",14596703701584
45,"1459670370",173.57,"3",14596703701584
45,"1459670370",173.57,"4",14596703701585
46,"1459670370",115.71,"4",14596703701585
47,"1459670370",69.43,"4",14596703701585
48,"1459670370",84.86,"4",14596703701585
48,"1459670370",84.86,"3",14596703701586
49,"1459670370",42.43,"3",14596703701586
50,"1459670370",34.71,"3",14596703701586
50,"1459670370",34.71,"2",14596703701587
51,"1459670370",46.29,"2",14596703701587
52,"1459670370",39.86,"2",14596703701587
52,"1459670370",39.86,"1b",14596703701588
53,"1459670370",41.14,"1b",14596703701588
54,"1459670370",23.14,"1b",14596703701588
54,"1459670370",23.14,"1",14596703701589
55,"1459670370",38.57,"1",14596703701589
56,"1459670370",50.14,"1",14596703701589
57,"1459670370",169.71,"1",14596703701589
58,"1459670370",196.71,"1",14596703701589
59,"1459670370",254.57,"1",14596703701589
59,"1459670370",254.57,"1b",14596703701590
60,"1459670370",358.71,"1b",14596703701590
60,"1459670370",358.71,"2",14596703701591
61,"1459670370",520.71,"2",14596703701591
61,"1459670370",520.71,"3",14596703701592
62,"1459670370",462.86,"3",14596703701592
62,"1459670370",462.86,"4",14596703701593
63,"1459670370",254.57,"4",14596703701593
64,"1459670370",57.86,"4",14596703701593
64,"1459670370",57.86,"3",14596703701594
65,"1459670370",30.86,"3",14596703701594
66,"1459670370",34.71,"3",14596703701594
66,"1459670370",34.71,"2",14596703701595
67,"1459670370",15.43,"2",14596703701595
68,"1459670370",11.57,"2",14596703701595
68,"1459670370",11.57,"1b",14596703701596
69,"1459670370",5.57,"1b",14596703701596
70,"1459670370",8.57,"1b",14596703701596
70,"1459670370",8.57,"1",14596703701597
71,"1459670370",5.14,"1",14596703701597
72,"1459670370",11.57,"1",14596703701597
73,"1459670370",16.71,"1",14596703701597
74,"1459670370",12.43,"1",14596703701597
75,"1459670370",12.86,"1",14596703701597
76,"1459670370",24.0,"1",14596703701597
77,"1459670370",34.71,"1",14596703701597
78,"1459670370",47.57,"1",14596703701597
79,"1459670370",54.0,"1",14596703701597
80,"1459670370",92.57,"1",14596703701597
81,"1459670370",77.14,"1",5771044871597
81,"1459670370",77.14,"1",14596703701597
0,"577104487",0.0,"1",5771044871597
1,"577104487",0.71,"1",5771044871597
1,"577104487",0.71,"1b",5771044871598
2,"577104487",1.57,"1b",5771044871598
2,"577104487",1.57,"2",5771044871599
3,"577104487",1.43,"2",5771044871599
4,"577104487",2.86,"2",5771044871599
5,"577104487",2.71,"2",5771044871599
6,"577104487",1.86,"2",5771044871599
7,"577104487",3.14,"2",5771044871599
8,"577104487",7.86,"2",5771044871599
9,"577104487",18.14,"2",5771044871599
9,"577104487",18.14,"3",5771044871600
10,"577104487",18.43,"3",5771044871600
11,"577104487",19.29,"3",5771044871600
12,"577104487",15.43,"3",5771044871600
12,"577104487",15.43,"2",5771044871601
13,"577104487",21.86,"2",5771044871601
13,"577104487",21.86,"3",5771044871602
14,"577104487",27.0,"3",5771044871602
14,"577104487",27.0,"4",5771044871603
15,"577104487",5.14,"4",5771044871603
16,"577104487",4.29,"4",5771044871603
16,"577104487",4.29,"3",5771044871604
17,"577104487",3.86,"3",5771044871604
18,"577104487",3.71,"3",5771044871604
18,"577104487",3.71,"2",5771044871605
19,"577104487",2.57,"2",5771044871605
20,"577104487",1.43,"2",5771044871605
20,"577104487",1.43,"1b",5771044871606
21,"577104487",1.57,"1b",5771044871606
22,"577104487",0.86,"1b",5771044871606
22,"577104487",0.86,"1",5771044871607
23,"577104487",3.0,"1",5771044871607
24,"577104487",3.0,"1",5771044871607
25,"577104487",5.0,"1",5771044871607
26,"577104487",7.86,"1",5771044871607
27,"577104487",13.71,"1",5771044871607
28,"577104487",27.43,"1",5771044871607
29,"577104487",51.43,"1",5771044871607
30,"577104487",60.43,"1",5771044871607
31,"577104487",118.29,"1",5771044871607
32,"577104487",115.71,"1",5771044871607
33,"577104487",243.0,"1",5771044871607
34,"577104487",204.43,"1",5771044871607
34,"577104487",204.43,"1b",5771044871608
35,"577104487",127.29,"1b",5771044871608
36,"577104487",162.0,"1b",5771044871608
36,"577104487",162.0,"1",5771044871609
37,"577104487",138.86,"1",5771044871609
37,"577104487",138.86,"1b",5771044871610
38,"577104487",65.57,"1b",5771044871610
39,"577104487",69.43,"1b",5771044871610
39,"577104487",69.43,"1",5771044871611
40,"577104487",108.0,"1",5771044871611
41,"577104487",154.29,"1",5771044871611
42,"577104487",285.43,"1",5771044871611
42,"577104487",285.43,"1b",5771044871612
43,"577104487",312.43,"1b",5771044871612
44,"577104487",520.71,"1b",5771044871612
44,"577104487",520.71,"2",5771044871613
45,"577104487",729.0,"2",5771044871613
45,"577104487",729.0,"3",5771044871614
46,"577104487",1180.29,"3",5771044871614
46,"577104487",1180.29,"4",5771044871615
47,"577104487",624.86,"4",5771044871615
48,"577104487",451.29,"4",5771044871615
49,"577104487",243.0,"4",5771044871615
49,"577104487",243.0,"3",5771044871616
50,"577104487",289.29,"3",5771044871616
50,"577104487",289.29,"4",5771044871617
51,"577104487",138.86,"4",5771044871617
52,"577104487",162.0,"4",5771044871617
53,"577104487",77.14,"4",5771044871617
53,"577104487",77.14,"3",5771044871618
54,"577104487",81.0,"3",5771044871618
55,"577104487",19.29,"3",5771044871618
55,"577104487",19.29,"2",5771044871619
56,"577104487",19.29,"2",5771044871619
57,"577104487",18.0,"2",5771044871619
57,"577104487",18.0,"1b",5771044871620
58,"577104487",11.57,"1b",5771044871620
59,"577104487",7.29,"1b",5771044871620
59,"577104487",7.29,"1",5771044871621
60,"577104487",5.14,"1",5771044871621
61,"577104487",9.0,"1",5771044871621
62,"577104487",5.14,"1",5771044871621
63,"577104487",1.71,"1",5771044871621
64,"577104487",1.43,"1",5771044871621
65,"577104487",1.43,"1",5771044871621
66,"577104487",1.57,"1",5771044871621
67,"577104487",4.86,"1",5771044871621
68,"577104487",5.14,"1",5771044871621
69,"577104487",6.57,"1",5771044871621
70,"577104487",8.86,"1",5771044871621
71,"577104487",7.71,"1",5771044871621
72,"577104487",13.71,"1",5771044871621
73,"577104487",26.57,"1",5771044871621
74,"577104487",42.0,"1",5771044871621
75,"577104487",38.57,"1",5771044871621
76,"577104487",38.57,"1",5771044871621
77,"577104487",79.71,"1",5771044871621
78,"577104487",160.71,"1",5771044871621
79,"577104487",393.43,"1",5771044871621
80,"577104487",867.86,"1",5771044871621
80,"577104487",867.86,"1b",5771044871622
81,"577104487",798.43,"1b",5771044871622
81,"577104487",798.43,"1",57713471321623
0,"5771347132",0.43,"1",57713471321623
1,"5771347132",0.86,"1",57713471321623
2,"5771347132",3.0,"1",57713471321623
2,"5771347132",3.0,"1b",57713471321624
3,"5771347132",6.29,"1b",57713471321624
3,"5771347132",6.29,"2",57713471321625
4,"5771347132",9.71,"2",57713471321625
4,"5771347132",9.71,"3",57713471321626
5,"5771347132",9.86,"3",57713471321626
6,"5771347132",5.14,"3",57713471321626
6,"5771347132",5.14,"2",57713471321627
7,"5771347132",1.71,"2",57713471321627
8,"5771347132",4.14,"2",57713471321627
9,"5771347132",3.43,"2",57713471321627
10,"5771347132",3.0,"2",57713471321627
11,"5771347132",3.71,"2",57713471321627
12,"5771347132",3.86,"2",57713471321627
13,"5771347132",3.0,"2",57713471321627
14,"5771347132",3.14,"2",57713471321627
14,"5771347132",3.14,"1b",57713471321628
15,"5771347132",4.57,"1b",57713471321628
16,"5771347132",6.57,"1b",57713471321628
16,"5771347132",6.57,"1",57713471321629
17,"5771347132",13.43,"1",57713471321629
18,"5771347132",15.86,"1",57713471321629
19,"5771347132",30.0,"1",57713471321629
20,"5771347132",57.86,"1",57713471321629
20,"5771347132",57.86,"1b",57713471321630
21,"5771347132",52.71,"1b",57713471321630
21,"5771347132",52.71,"2",57713471321631
22,"5771347132",75.86,"2",57713471321631
23,"5771347132",84.86,"2",57713471321631
23,"5771347132",84.86,"3",57713471321632
24,"5771347132",65.57,"3",57713471321632
24,"5771347132",65.57,"4",57713471321633
25,"5771347132",46.29,"4",57713471321633
26,"5771347132",27.0,"4",57713471321633
27,"5771347132",27.0,"4",57713471321633
28,"5771347132",15.43,"4",57713471321633
28,"5771347132",15.43,"3",57713471321634
29,"5771347132",16.71,"3",57713471321634
30,"5771347132",9.43,"3",57713471321634
30,"5771347132",9.43,"2",57713471321635
31,"5771347132",7.71,"2",57713471321635
32,"5771347132",2.14,"2",57713471321635
32,"5771347132",2.14,"1b",57713471321636
33,"5771347132",5.57,"1b",57713471321636
34,"5771347132",4.14,"1b",57713471321636
34,"5771347132",4.14,"1",57713471321637
35,"5771347132",2.71,"1",57713471321637
36,"5771347132",3.0,"1",57713471321637
37,"5771347132",9.86,"1",57713471321637
38,"5771347132",24.0,"1",57713471321637
39,"5771347132",22.71,"1",57713471321637
40,"5771347132",32.14,"1",57713471321637
41,"5771347132",32.14,"1",57713471321637
42,"5771347132",73.29,"1",57713471321637
43,"5771347132",186.43,"1",57713471321637
44,"5771347132",520.71,"1",57713471321637
44,"5771347132",520.71,"1b",57713471321638
45,"5771347132",821.57,"1b",57713471321638
45,"5771347132",821.57,"3",57713471321639
46,"5771347132",1041.43,"3",57713471321639
46,"5771347132",1041.43,"4",57713471321640
47,"5771347132",659.57,"4",57713471321640
48,"5771347132",277.71,"4",57713471321640
49,"5771347132",243.0,"4",57713471321640
49,"5771347132",243.0,"3",57713471321641
50,"5771347132",324.0,"3",57713471321641
50,"5771347132",324.0,"4",57713471321642
51,"5771347132",104.14,"4",57713471321642
52,"5771347132",34.71,"4",57713471321642
52,"5771347132",34.71,"3",57713471321643
53,"5771347132",50.14,"3",57713471321643
54,"5771347132",29.57,"3",57713471321643
54,"5771347132",29.57,"2",57713471321644
55,"5771347132",20.57,"2",57713471321644
56,"5771347132",36.0,"2",57713471321644
56,"5771347132",36.0,"1b",57713471321645
57,"5771347132",60.43,"1b",57713471321645
58,"5771347132",57.86,"1b",57713471321645
58,"5771347132",57.86,"1",57713471321646
59,"5771347132",47.57,"1",57713471321646
60,"5771347132",99.0,"1",57713471321646
61,"5771347132",185.14,"1",57713471321646
62,"5771347132",374.14,"1",57713471321646
62,"5771347132",374.14,"1b",57713471321647
63,"5771347132",613.29,"1b",57713471321647
63,"5771347132",613.29,"2",57713471321648
64,"5771347132",763.71,"2",57713471321648
64,"5771347132",763.71,"3",57713471321649
65,"5771347132",1110.86,"3",57713471321649
65,"5771347132",1110.86,"4",57713471321650
66,"5771347132",312.43,"4",57713471321650
67,"5771347132",69.43,"4",57713471321650
68,"5771347132",115.71,"4",57713471321650
69,"5771347132",131.14,"4",57713471321650
70,"5771347132",69.43,"4",57713471321650
70,"5771347132",69.43,"3",57713471321651
71,"5771347132",30.86,"3",57713471321651
72,"5771347132",15.43,"3",57713471321651
72,"5771347132",15.43,"2",57713471321652
73,"5771347132",12.86,"2",57713471321652
74,"5771347132",12.86,"2",57713471321652
74,"5771347132",12.86,"1b",57713471321653
75,"5771347132",18.43,"1b",57713471321653
76,"5771347132",14.57,"1b",57713471321653
76,"5771347132",14.57,"1",57713471321654
77,"5771347132",16.71,"1",57713471321654
78,"5771347132",12.86,"1",57713471321654
79,"5771347132",12.86,"1",57713471321654
80,"5771347132",12.43,"1",57713471321654
81,"5771347132",19.29,"1",57713471321654
81,"5771347132",19.29,"1",57714526621654
0,"5771452662",0.0,"1",57714526621654
1,"5771452662",1.29,"1",57714526621654
1,"5771452662",1.29,"1b",57714526621655
2,"5771452662",5.29,"1b",57714526621655
2,"5771452662",5.29,"2",57714526621656
3,"5771452662",8.0,"2",57714526621656
3,"5771452662",8.0,"3",57714526621657
4,"5771452662",11.29,"3",57714526621657
5,"5771452662",7.29,"3",57714526621657
6,"5771452662",14.57,"3",57714526621657
7,"5771452662",14.57,"3",57714526621657
8,"5771452662",12.43,"3",57714526621657
9,"5771452662",6.86,"3",57714526621657
10,"5771452662",6.0,"3",57714526621657
11,"5771452662",6.0,"3",57714526621657
12,"5771452662",4.71,"3",57714526621657
13,"5771452662",2.57,"3",57714526621657
13,"5771452662",2.57,"2",57714526621658
14,"5771452662",5.57,"2",57714526621658
15,"5771452662",2.86,"2",57714526621658
15,"5771452662",2.86,"1b",57714526621659
16,"5771452662",3.57,"1b",57714526621659
17,"5771452662",3.71,"1b",57714526621659
17,"5771452662",3.71,"1",57714526621660
18,"5771452662",7.14,"1",57714526621660
19,"5771452662",5.0,"1",57714526621660
20,"5771452662",6.29,"1",57714526621660
21,"5771452662",13.71,"1",57714526621660
22,"5771452662",24.86,"1",57714526621660
23,"5771452662",51.43,"1",57714526621660
23,"5771452662",51.43,"1b",57714526621661
24,"5771452662",47.57,"1b",57714526621661
24,"5771452662",47.57,"2",57714526621662
25,"5771452662",19.29,"2",57714526621662
26,"5771452662",24.43,"2",57714526621662
26,"5771452662",24.43,"1b",57714526621663
27,"5771452662",15.43,"1b",57714526621663
28,"5771452662",15.43,"1b",57714526621663
28,"5771452662",15.43,"1",57714526621664
29,"5771452662",14.14,"1",57714526621664
30,"5771452662",14.14,"1",57714526621664
31,"5771452662",19.29,"1",57714526621664
32,"5771452662",14.14,"1",57714526621664
33,"5771452662",12.86,"1",57714526621664
34,"5771452662",7.71,"1",57714526621664
35,"5771452662",9.0,"1",57714526621664
36,"5771452662",6.0,"1",57714526621664
37,"5771452662",7.29,"1",57714526621664
38,"5771452662",2.57,"1",57714526621664
39,"5771452662",2.86,"1",57714526621664
40,"5771452662",5.0,"1",57714526621664
41,"5771452662",5.29,"1",57714526621664
42,"5771452662",3.71,"1",57714526621664
43,"5771452662",5.43,"1",57714526621664
44,"5771452662",4.29,"1",57714526621664
45,"5771452662",6.43,"1",57714526621664
46,"5771452662",6.43,"1",57714526621664
47,"5771452662",7.29,"1",57714526621664
48,"5771452662",7.71,"1",57714526621664
49,"5771452662",13.29,"1",57714526621664
50,"5771452662",13.71,"1",57714526621664
51,"5771452662",13.71,"1",57714526621664
52,"5771452662",16.71,"1",57714526621664
53,"5771452662",42.0,"1",57714526621664
54,"5771452662",54.0,"1",57714526621664
55,"5771452662",93.86,"1",57714526621664
56,"5771452662",100.29,"1",57714526621664
57,"5771452662",119.57,"1",57714526621664
58,"5771452662",196.71,"1",57714526621664
59,"5771452662",204.43,"1",57714526621664
60,"5771452662",324.0,"1",57714526621664
60,"5771452662",324.0,"1b",57714526621665
61,"5771452662",405.0,"1b",57714526621665
61,"5771452662",405.0,"2",57714526621666
62,"5771452662",231.43,"2",57714526621666
62,"5771452662",231.43,"3",57714526621667
63,"5771452662",300.86,"3",57714526621667
63,"5771452662",300.86,"4",57714526621668
64,"5771452662",92.57,"4",57714526621668
65,"5771452662",92.57,"4",57714526621668
65,"5771452662",92.57,"3",57714526621669
66,"5771452662",42.43,"3",57714526621669
67,"5771452662",46.29,"3",57714526621669
67,"5771452662",46.29,"2",57714526621670
68,"5771452662",57.86,"2",57714526621670
69,"5771452662",57.86,"2",57714526621670
69,"5771452662",57.86,"1b",57714526621671
70,"5771452662",23.14,"1b",57714526621671
71,"5771452662",20.57,"1b",57714526621671
71,"5771452662",20.57,"1",57714526621672
72,"5771452662",23.14,"1",57714526621672
73,"5771452662",12.86,"1",57714526621672
74,"5771452662",11.57,"1",57714526621672
75,"5771452662",13.29,"1",57714526621672
76,"5771452662",6.86,"1",57714526621672
77,"5771452662",6.43,"1",57714526621672
78,"5771452662",6.86,"1",57714526621672
79,"5771452662",6.43,"1",57714526621672
80,"5771452662",9.43,"1",57714526621672
81,"5771452662",6.86,"1",57714526621672
81,"5771452662",6.86,"1",57715524241672
0,"5771552424",0.14,"1",57715524241672
1,"5771552424",0.71,"1",57715524241672
2,"5771552424",2.29,"1",57715524241672
2,"5771552424",2.29,"2",57715524241673
3,"5771552424",1.43,"2",57715524241673
4,"5771552424",1.57,"2",57715524241673
4,"5771552424",1.57,"1b",57715524241674
5,"5771552424",5.71,"1b",57715524241674
5,"5771552424",5.71,"2",57715524241675
6,"5771552424",5.86,"2",57715524241675
6,"5771552424",5.86,"3",57715524241676
7,"5771552424",4.0,"3",57715524241676
8,"5771552424",2.29,"3",57715524241676
8,"5771552424",2.29,"2",57715524241677
9,"5771552424",1.71,"2",57715524241677
10,"5771552424",2.43,"2",57715524241677
11,"5771552424",1.86,"2",57715524241677
12,"5771552424",3.29,"2",57715524241677
13,"5771552424",3.86,"2",57715524241677
14,"5771552424",4.86,"2",57715524241677
14,"5771552424",4.86,"3",57715524241678
15,"5771552424",5.29,"3",57715524241678
16,"5771552424",3.86,"3",57715524241678
16,"5771552424",3.86,"2",57715524241679
17,"5771552424",4.0,"2",57715524241679
18,"5771552424",2.0,"2",57715524241679
18,"5771552424",2.0,"1b",57715524241680
19,"5771552424",2.86,"1b",57715524241680
20,"5771552424",3.71,"1b",57715524241680
20,"5771552424",3.71,"1",57715524241681
21,"5771552424",2.14,"1",57715524241681
22,"5771552424",2.57,"1",57715524241681
23,"5771552424",2.86,"1",57715524241681
24,"5771552424",3.71,"1",57715524241681
25,"5771552424",6.86,"1",57715524241681
26,"5771552424",17.14,"1",57715524241681
27,"5771552424",31.71,"1",57715524241681
28,"5771552424",36.0,"1",57715524241681
29,"5771552424",100.29,"1",57715524241681
30,"5771552424",100.29,"1",57715524241681
31,"5771552424",115.71,"1",57715524241681
32,"5771552424",243.0,"1",57715524241681
33,"5771552424",432.0,"1",57715524241681
33,"5771552424",432.0,"1b",57715524241682
34,"5771552424",300.86,"1b",57715524241682
34,"5771552424",300.86,"2",57715524241683
35,"5771552424",335.57,"2",57715524241683
36,"5771552424",370.29,"2",57715524241683
36,"5771552424",370.29,"3",57715524241684
37,"5771552424",266.14,"3",57715524241684
37,"5771552424",266.14,"4",57715524241685
38,"5771552424",150.43,"4",57715524241685
39,"5771552424",92.57,"4",57715524241685
39,"5771552424",92.57,"3",57715524241686
40,"5771552424",77.14,"3",57715524241686
41,"5771552424",61.71,"3",57715524241686
41,"5771552424",61.71,"2",57715524241687
42,"5771552424",38.57,"2",57715524241687
43,"5771552424",20.57,"2",57715524241687
43,"5771552424",20.57,"1b",57715524241688
44,"5771552424",14.14,"1b",57715524241688
45,"5771552424",21.86,"1b",57715524241688
45,"5771552424",21.86,"1",57715524241689
46,"5771552424",5.57,"1",57715524241689
47,"5771552424",12.0,"1",57715524241689
48,"5771552424",10.71,"1",57715524241689
49,"5771552424",6.0,"1",57715524241689
50,"5771552424",7.71,"1",57715524241689
51,"5771552424",7.71,"1",57715524241689
52,"5771552424",5.57,"1",57715524241689
53,"5771552424",1.71,"1",57715524241689
54,"5771552424",4.0,"1",57715524241689
55,"5771552424",1.29,"1",57715524241689
56,"5771552424",3.43,"1",57715524241689
57,"5771552424",4.29,"1",57715524241689
58,"5771552424",2.86,"1",57715524241689
59,"5771552424",4.43,"1",57715524241689
60,"5771552424",3.43,"1",57715524241689
61,"5771552424",9.71,"1",57715524241689
62,"5771552424",24.14,"1",57715524241689
63,"5771552424",39.43,"1",57715524241689
64,"5771552424",63.0,"1",57715524241689
65,"5771552424",108.0,"1",57715524241689
66,"5771552424",165.86,"1",57715524241689
67,"5771552424",331.71,"1",57715524241689
68,"5771552424",798.43,"1",57715524241689
68,"5771552424",798.43,"3",57715524241690
69,"5771552424",844.71,"3",57715524241690
69,"5771552424",844.71,"4",57715524241691
70,"5771552424",729.0,"4",57715524241691
71,"5771552424",486.0,"4",57715524241691
72,"5771552424",312.43,"4",57715524241691
72,"5771552424",312.43,"3",57715524241692
73,"5771552424",127.29,"3",57715524241692
73,"5771552424",127.29,"4",57715524241693
74,"5771552424",104.14,"4",57715524241693
75,"5771552424",73.29,"4",57715524241693
76,"5771552424",61.71,"4",57715524241693
76,"5771552424",61.71,"3",57715524241694
77,"5771552424",27.0,"3",57715524241694
78,"5771552424",14.14,"3",57715524241694
78,"5771552424",14.14,"2",57715524241695
79,"5771552424",11.57,"2",57715524241695
80,"5771552424",13.29,"2",57715524241695
80,"5771552424",13.29,"1b",57715524241696
81,"5771552424",6.0,"1b",57715524241696
81,"5771552424",6.0,"1",57715598891697
0,"5771559889",0.0,"1",57715598891697
1,"5771559889",3.86,"1",57715598891697
1,"5771559889",3.86,"1b",57715598891698
2,"5771559889",17.43,"1b",57715598891698
2,"5771559889",17.43,"3",57715598891699
3,"5771559889",20.14,"3",57715598891699
4,"5771559889",21.0,"3",57715598891699
5,"5771559889",33.43,"3",57715598891699
6,"5771559889",33.43,"3",57715598891699
6,"5771559889",33.43,"4",57715598891700
7,"5771559889",12.86,"4",57715598891700
8,"5771559889",7.71,"4",57715598891700
8,"5771559889",7.71,"3",57715598891701
9,"5771559889",6.0,"3",57715598891701
10,"5771559889",8.57,"3",57715598891701
11,"5771559889",2.57,"3",57715598891701
11,"5771559889",2.57,"2",57715598891702
12,"5771559889",4.71,"2",57715598891702
13,"5771559889",3.71,"2",57715598891702
14,"5771559889",3.29,"2",57715598891702
14,"5771559889",3.29,"1b",57715598891703
15,"5771559889",1.0,"1b",57715598891703
16,"5771559889",2.29,"1b",57715598891703
16,"5771559889",2.29,"1",57715598891704
17,"5771559889",2.43,"1",57715598891704
18,"5771559889",4.57,"1",57715598891704
19,"5771559889",11.14,"1",57715598891704
20,"5771559889",15.86,"1",57715598891704
21,"5771559889",16.71,"1",57715598891704
22,"5771559889",36.86,"1",57715598891704
23,"5771559889",46.29,"1",57715598891704
23,"5771559889",46.29,"1b",57715598891705
24,"5771559889",52.71,"1b",57715598891705
24,"5771559889",52.71,"2",57715598891706
25,"5771559889",50.14,"2",57715598891706
25,"5771559889",50.14,"4",57715598891707
26,"5771559889",33.43,"4",57715598891707
27,"5771559889",14.14,"4",57715598891707
27,"5771559889",14.14,"3",57715598891708
28,"5771559889",19.29,"3",57715598891708
29,"5771559889",21.86,"3",57715598891708
29,"5771559889",21.86,"2",57715598891709
30,"5771559889",12.86,"2",57715598891709
31,"5771559889",10.29,"2",57715598891709
31,"5771559889",10.29,"1b",57715598891710
32,"5771559889",5.57,"1b",57715598891710
33,"5771559889",6.0,"1b",57715598891710
33,"5771559889",6.0,"1",57715598891711
34,"5771559889",3.43,"1",57715598891711
35,"5771559889",2.71,"1",57715598891711
36,"5771559889",4.0,"1",57715598891711
37,"5771559889",4.29,"1",57715598891711
38,"5771559889",3.0,"1",57715598891711
39,"5771559889",2.86,"1",57715598891711
40,"5771559889",5.0,"1",57715598891711
41,"5771559889",6.29,"1",57715598891711
42,"5771559889",18.57,"1",57715598891711
43,"5771559889",30.86,"1",57715598891711
44,"5771559889",56.57,"1",57715598891711
45,"5771559889",48.86,"1",57715598891711
46,"5771559889",47.57,"1",57715598891711
47,"5771559889",114.43,"1",57715598891711
48,"5771559889",119.57,"1",57715598891711
49,"5771559889",154.29,"1",57715598891711
50,"5771559889",351.0,"1",57715598891711
51,"5771559889",682.71,"1",57715598891711
51,"5771559889",682.71,"2",57715598891712
52,"5771559889",1724.14,"2",57715598891712
52,"5771559889",1724.14,"4",57715598891713
53,"5771559889",1006.71,"4",57715598891713
54,"5771559889",798.43,"4",57715598891713
55,"5771559889",520.71,"4",57715598891713
56,"5771559889",381.86,"4",57715598891713
57,"5771559889",277.71,"4",57715598891713
58,"5771559889",127.29,"4",57715598891713
59,"5771559889",57.86,"4",57715598891713
59,"5771559889",57.86,"3",57715598891714
60,"5771559889",50.14,"3",57715598891714
61,"5771559889",34.71,"3",57715598891714
61,"5771559889",34.71,"2",57715598891715
62,"5771559889",25.71,"2",57715598891715
63,"5771559889",16.71,"2",57715598891715
63,"5771559889",16.71,"1b",57715598891716
64,"5771559889",24.43,"1b",57715598891716
65,"5771559889",42.43,"1b",57715598891716
65,"5771559889",42.43,"1",57715598891717
66,"5771559889",82.29,"1",57715598891717
67,"5771559889",263.57,"1",57715598891717
68,"5771559889",582.43,"1",57715598891717
68,"5771559889",582.43,"1b",57715598891718
69,"5771559889",1099.29,"1b",57715598891718
69,"5771559889",1099.29,"3",57715598891719
70,"5771559889",1180.29,"3",57715598891719
70,"5771559889",1180.29,"4",57715598891720
71,"5771559889",763.71,"4",57715598891720
72,"5771559889",416.57,"4",57715598891720
73,"5771559889",277.71,"4",57715598891720
74,"5771559889",289.29,"4",57715598891720
75,"5771559889",173.57,"4",57715598891720
76,"5771559889",34.71,"4",57715598891720
76,"5771559889",34.71,"3",57715598891721
77,"5771559889",30.86,"3",57715598891721
78,"5771559889",20.57,"3",57715598891721
78,"5771559889",20.57,"2",57715598891722
79,"5771559889",19.29,"2",57715598891722
80,"5771559889",6.43,"2",57715598891722
80,"5771559889",6.43,"1b",57715598891723
81,"5771559889",10.71,"1",5771579421724
81,"5771559889",10.71,"1b",57715598891723
0,"577157942",0.0,"1",5771579421724
1,"577157942",0.0,"1",5771579421724
2,"577157942",1.0,"1",5771579421724
2,"577157942",1.0,"2",5771579421725
3,"577157942",0.86,"2",5771579421725
4,"577157942",0.43,"2",5771579421725
4,"577157942",0.43,"1b",5771579421726
5,"577157942",0.86,"1b",5771579421726
6,"577157942",1.14,"1b",5771579421726
7,"577157942",2.14,"1b",5771579421726
7,"577157942",2.14,"2",5771579421727
8,"577157942",5.0,"2",5771579421727
9,"577157942",2.86,"2",5771579421727
9,"577157942",2.86,"3",5771579421728
10,"577157942",2.0,"3",5771579421728
11,"577157942",1.43,"3",5771579421728
11,"577157942",1.43,"2",5771579421729
12,"577157942",1.71,"2",5771579421729
13,"577157942",3.0,"2",5771579421729
14,"577157942",3.0,"2",5771579421729
14,"577157942",3.0,"1b",5771579421730
15,"577157942",5.43,"1b",5771579421730
16,"577157942",7.14,"1b",5771579421730
16,"577157942",7.14,"1",5771579421731
17,"577157942",17.86,"1",5771579421731
18,"577157942",19.71,"1",5771579421731
19,"577157942",31.71,"1",5771579421731
20,"577157942",95.14,"1",5771579421731
20,"577157942",95.14,"1b",5771579421732
21,"577157942",235.29,"1b",5771579421732
21,"577157942",235.29,"3",5771579421733
22,"577157942",115.71,"3",5771579421733
22,"577157942",115.71,"4",5771579421734
23,"577157942",61.71,"4",5771579421734
24,"577157942",65.57,"4",5771579421734
25,"577157942",30.86,"4",5771579421734
25,"577157942",30.86,"3",5771579421735
26,"577157942",28.29,"3",5771579421735
26,"577157942",28.29,"4",5771579421736
27,"577157942",30.86,"4",5771579421736
28,"577157942",27.0,"4",5771579421736
29,"577157942",6.43,"4",5771579421736
29,"577157942",6.43,"3",5771579421737
30,"577157942",10.29,"3",5771579421737
31,"577157942",6.86,"3",5771579421737
31,"577157942",6.86,"2",5771579421738
32,"577157942",3.43,"2",5771579421738
33,"577157942",4.29,"2",5771579421738
33,"577157942",4.29,"1b",5771579421739
34,"577157942",3.14,"1b",5771579421739
35,"577157942",3.14,"1b",5771579421739
35,"577157942",3.14,"1",5771579421740
36,"577157942",3.29,"1",5771579421740
37,"577157942",3.43,"1",5771579421740
38,"577157942",6.86,"1",5771579421740
39,"577157942",8.14,"1",5771579421740
40,"577157942",15.0,"1",5771579421740
41,"577157942",19.29,"1",5771579421740
42,"577157942",46.71,"1",5771579421740
43,"577157942",99.0,"1",5771579421740
44,"577157942",185.14,"1",5771579421740
45,"577157942",243.0,"1",5771579421740
45,"577157942",243.0,"1b",5771579421741
46,"577157942",439.71,"1b",5771579421741
46,"577157942",439.71,"2",5771579421742
47,"577157942",497.57,"2",5771579421742
47,"577157942",497.57,"3",5771579421743
48,"577157942",300.86,"3",5771579421743
48,"577157942",300.86,"4",5771579421744
49,"577157942",162.0,"4",5771579421744
50,"577157942",127.29,"4",5771579421744
50,"577157942",127.29,"3",5771579421745
51,"577157942",150.43,"3",5771579421745
51,"577157942",150.43,"4",5771579421746
52,"577157942",92.57,"4",5771579421746
53,"577157942",81.0,"4",5771579421746
53,"577157942",81.0,"3",5771579421747
54,"577157942",42.43,"3",5771579421747
55,"577157942",32.14,"3",5771579421747
55,"577157942",32.14,"2",5771579421748
56,"577157942",20.57,"2",5771579421748
57,"577157942",14.14,"2",5771579421748
57,"577157942",14.14,"1b",5771579421749
58,"577157942",9.0,"1b",5771579421749
59,"577157942",14.14,"1b",5771579421749
59,"577157942",14.14,"1",5771579421750
60,"577157942",9.86,"1",5771579421750
61,"577157942",9.43,"1",5771579421750
62,"577157942",13.29,"1",5771579421750
63,"577157942",12.0,"1",5771579421750
64,"577157942",27.43,"1",5771579421750
65,"577157942",44.14,"1",5771579421750
66,"577157942",90.0,"1",5771579421750
67,"577157942",142.71,"1",5771579421750
68,"577157942",127.29,"1",5771579421750
69,"577157942",289.29,"1",5771579421750
69,"577157942",289.29,"1b",5771579421751
70,"577157942",543.86,"1b",5771579421751
70,"577157942",543.86,"2",5771579421752
71,"577157942",833.14,"2",5771579421752
71,"577157942",833.14,"3",5771579421753
72,"577157942",659.57,"3",5771579421753
72,"577157942",659.57,"4",5771579421754
73,"577157942",277.71,"4",5771579421754
74,"577157942",312.43,"4",5771579421754
75,"577157942",196.71,"4",5771579421754
76,"577157942",81.0,"4",5771579421754
76,"577157942",81.0,"3",5771579421755
77,"577157942",69.43,"3",5771579421755
78,"577157942",54.0,"3",5771579421755
78,"577157942",54.0,"2",5771579421756
79,"577157942",46.29,"2",5771579421756
80,"577157942",73.29,"2",5771579421756
81,"577157942",81.0,"2",5771579421756
81,"577157942",81.0,"1",57721548521757
0,"5772154852",0.0,"1",57721548521757
1,"5772154852",1.57,"1",57721548521757
2,"5772154852",13.14,"1",57721548521757
2,"5772154852",13.14,"3",57721548521758
3,"5772154852",22.14,"3",57721548521758
4,"5772154852",10.29,"3",57721548521758
5,"5772154852",17.57,"3",57721548521758
6,"5772154852",12.86,"3",57721548521758
7,"5772154852",9.43,"3",57721548521758
7,"5772154852",9.43,"2",57721548521759
8,"5772154852",10.71,"2",57721548521759
8,"5772154852",10.71,"3",57721548521760
9,"5772154852",15.0,"3",57721548521760
10,"5772154852",9.86,"3",57721548521760
11,"5772154852",12.0,"3",57721548521760
11,"5772154852",12.0,"2",57721548521761
12,"5772154852",17.14,"2",57721548521761
12,"5772154852",17.14,"3",57721548521762
13,"5772154852",21.43,"3",57721548521762
14,"5772154852",12.0,"3",57721548521762
14,"5772154852",12.0,"2",57721548521763
15,"5772154852",8.14,"2",57721548521763
16,"5772154852",12.43,"2",57721548521763
16,"5772154852",12.43,"1b",57721548521764
17,"5772154852",10.29,"1b",57721548521764
18,"5772154852",6.86,"1b",57721548521764
18,"5772154852",6.86,"1",57721548521765
19,"5772154852",3.0,"1",57721548521765
20,"5772154852",2.71,"1",57721548521765
21,"5772154852",3.71,"1",57721548521765
22,"5772154852",1.57,"1",57721548521765
23,"5772154852",2.29,"1",57721548521765
24,"5772154852",3.43,"1",57721548521765
25,"5772154852",4.0,"1",57721548521765
26,"5772154852",3.0,"1",57721548521765
27,"5772154852",2.0,"1",57721548521765
28,"5772154852",1.43,"1",57721548521765
29,"5772154852",1.57,"1",57721548521765
30,"5772154852",2.29,"1",57721548521765
31,"5772154852",2.0,"1",57721548521765
32,"5772154852",2.57,"1",57721548521765
33,"5772154852",6.29,"1",57721548521765
34,"5772154852",6.29,"1",57721548521765
35,"5772154852",11.71,"1",57721548521765
36,"5772154852",9.43,"1",57721548521765
37,"5772154852",18.43,"1",57721548521765
38,"5772154852",39.86,"1",57721548521765
39,"5772154852",30.86,"1",57721548521765
40,"5772154852",55.29,"1",57721548521765
41,"5772154852",69.43,"1",57721548521765
42,"5772154852",131.14,"1",57721548521765
43,"5772154852",127.29,"1",57721548521765
44,"5772154852",200.57,"1",57721548521765
45,"5772154852",111.86,"1",57721548521765
46,"5772154852",108.0,"1",57721548521765
47,"5772154852",65.57,"1",57721548521765
48,"5772154852",123.43,"1",57721548521765
49,"5772154852",81.0,"1",57721548521765
50,"5772154852",42.43,"1",57721548521765
51,"5772154852",65.57,"1",57721548521765
52,"5772154852",65.57,"1",57721548521765
53,"5772154852",50.14,"1",57721548521765
54,"5772154852",96.43,"1",57721548521765
55,"5772154852",204.43,"1",57721548521765
56,"5772154852",208.29,"1",57721548521765
57,"5772154852",370.29,"1",57721548521765
58,"5772154852",613.29,"1",57721548521765
58,"5772154852",613.29,"1b",57721548521766
59,"5772154852",682.71,"1b",57721548521766
59,"5772154852",682.71,"2",57721548521767
60,"5772154852",1006.71,"2",57721548521767
60,"5772154852",1006.71,"3",57721548521768
61,"5772154852",416.57,"3",57721548521768
61,"5772154852",416.57,"4",57721548521769
62,"5772154852",173.57,"4",57721548521769
63,"5772154852",173.57,"4",57721548521769
64,"5772154852",104.14,"4",57721548521769
64,"5772154852",104.14,"3",57721548521770
65,"5772154852",73.29,"3",57721548521770
66,"5772154852",46.29,"3",57721548521770
66,"5772154852",46.29,"2",57721548521771
67,"5772154852",30.86,"2",57721548521771
68,"5772154852",23.14,"2",57721548521771
68,"5772154852",23.14,"1b",57721548521772
69,"5772154852",15.43,"1b",57721548521772
70,"5772154852",10.29,"1b",57721548521772
70,"5772154852",10.29,"1",57721548521773
71,"5772154852",10.71,"1",57721548521773
72,"5772154852",9.43,"1",57721548521773
73,"5772154852",7.29,"1",57721548521773
74,"5772154852",11.57,"1",57721548521773
75,"5772154852",8.57,"1",57721548521773
76,"5772154852",5.57,"1",57721548521773
77,"5772154852",0.86,"1",57721548521773
78,"5772154852",1.0,"1",57721548521773
79,"5772154852",1.0,"1",57721548521773
80,"5772154852",1.71,"1",57721548521773
81,"5772154852",0.86,"1",57721548521773
81,"5772154852",0.86,"1",57724036941773
0,"5772403694",0.0,"1",57724036941773
1,"5772403694",0.57,"1",57724036941773
2,"5772403694",3.14,"1",57724036941773
2,"5772403694",3.14,"1b",57724036941774
3,"5772403694",9.14,"1b",57724036941774
3,"5772403694",9.14,"3",57724036941775
4,"5772403694",14.57,"3",57724036941775
5,"5772403694",15.86,"3",57724036941775
6,"5772403694",7.29,"3",57724036941775
7,"5772403694",5.57,"3",57724036941775
8,"5772403694",5.57,"3",57724036941775
9,"5772403694",3.0,"3",57724036941775
9,"5772403694",3.0,"2",57724036941776
10,"5772403694",2.57,"2",57724036941776
11,"5772403694",2.14,"2",57724036941776
12,"5772403694",3.86,"2",57724036941776
13,"5772403694",1.86,"2",57724036941776
14,"5772403694",2.86,"2",57724036941776
14,"5772403694",2.86,"1b",57724036941777
15,"5772403694",3.14,"1b",57724036941777
16,"5772403694",2.43,"1b",57724036941777
16,"5772403694",2.43,"1",57724036941778
17,"5772403694",3.0,"1",57724036941778
18,"5772403694",3.43,"1",57724036941778
19,"5772403694",2.29,"1",57724036941778
20,"5772403694",2.86,"1",57724036941778
21,"5772403694",2.43,"1",57724036941778
22,"5772403694",6.14,"1",57724036941778
23,"5772403694",5.43,"1",57724036941778
24,"5772403694",10.14,"1",57724036941778
25,"5772403694",16.71,"1",57724036941778
26,"5772403694",14.57,"1",57724036941778
27,"5772403694",19.29,"1",57724036941778
28,"5772403694",32.14,"1",57724036941778
29,"5772403694",86.14,"1",57724036941778
30,"5772403694",140.14,"1",57724036941778
31,"5772403694",135.0,"1",57724036941778
32,"5772403694",212.14,"1",57724036941778
33,"5772403694",451.29,"1",57724036941778
33,"5772403694",451.29,"1b",57724036941779
34,"5772403694",416.57,"1b",57724036941779
34,"5772403694",416.57,"2",57724036941780
35,"5772403694",486.0,"2",57724036941780
35,"5772403694",486.0,"3",57724036941781
36,"5772403694",416.57,"3",57724036941781
36,"5772403694",416.57,"4",57724036941782
37,"5772403694",243.0,"4",57724036941782
38,"5772403694",185.14,"4",57724036941782
39,"5772403694",69.43,"4",57724036941782
39,"5772403694",69.43,"3",57724036941783
40,"5772403694",127.29,"3",57724036941783
41,"5772403694",142.71,"3",57724036941783
41,"5772403694",142.71,"2",57724036941784
42,"5772403694",96.43,"2",57724036941784
43,"5772403694",84.86,"2",57724036941784
43,"5772403694",84.86,"1b",57724036941785
44,"5772403694",88.71,"1b",57724036941785
45,"5772403694",200.57,"1b",57724036941785
46,"5772403694",208.29,"1b",57724036941785
47,"5772403694",497.57,"1b",57724036941785
47,"5772403694",497.57,"2",57724036941786
48,"5772403694",567.0,"2",57724036941786
48,"5772403694",567.0,"3",57724036941787
49,"5772403694",381.86,"3",57724036941787
49,"5772403694",381.86,"4",57724036941788
50,"5772403694",219.86,"4",57724036941788
51,"5772403694",138.86,"4",57724036941788
52,"5772403694",115.71,"4",57724036941788
52,"5772403694",115.71,"3",57724036941789
53,"5772403694",54.0,"3",57724036941789
54,"5772403694",84.86,"3",57724036941789
54,"5772403694",84.86,"2",57724036941790
55,"5772403694",38.57,"2",57724036941790
56,"5772403694",50.14,"2",57724036941790
56,"5772403694",50.14,"1b",57724036941791
57,"5772403694",32.14,"1b",57724036941791
58,"5772403694",24.43,"1b",57724036941791
58,"5772403694",24.43,"1",57724036941792
59,"5772403694",23.14,"1",57724036941792
60,"5772403694",16.71,"1",57724036941792
61,"5772403694",34.71,"1",57724036941792
62,"5772403694",60.43,"1",57724036941792
63,"5772403694",99.0,"1",57724036941792
64,"5772403694",154.29,"1",57724036941792
65,"5772403694",219.86,"1",57724036941792
66,"5772403694",628.71,"1",57724036941792
66,"5772403694",628.71,"2",57724036941793
67,"5772403694",844.71,"2",57724036941793
67,"5772403694",844.71,"4",57724036941794
68,"5772403694",347.14,"4",57724036941794
69,"5772403694",277.71,"4",57724036941794
70,"5772403694",127.29,"4",57724036941794
71,"5772403694",162.0,"4",57724036941794
71,"5772403694",162.0,"3",57724036941795
72,"5772403694",69.43,"3",57724036941795
73,"5772403694",69.43,"3",57724036941795
73,"5772403694",69.43,"2",57724036941796
74,"5772403694",61.71,"2",57724036941796
75,"5772403694",23.14,"2",57724036941796
75,"5772403694",23.14,"1b",57724036941797
76,"5772403694",25.71,"1b",57724036941797
77,"5772403694",12.86,"1b",57724036941797
77,"5772403694",12.86,"1",57724036941798
78,"5772403694",3.86,"1",57724036941798
79,"5772403694",3.86,"1",57724036941798
80,"5772403694",1.57,"1",57724036941798
81,"5772403694",3.43,"1",57724036941798
81,"5772403694",3.43,"1",57725655191798
0,"5772565519",0.29,"1",57725655191798
0,"5772565519",0.29,"1b",57725655191799
1,"5772565519",1.43,"1b",57725655191799
1,"5772565519",1.43,"2",57725655191800
2,"5772565519",1.14,"2",57725655191800
3,"5772565519",1.14,"2",57725655191800
4,"5772565519",1.86,"2",57725655191800
5,"5772565519",2.71,"2",57725655191800
6,"5772565519",8.57,"2",57725655191800
6,"5772565519",8.57,"3",57725655191801
7,"5772565519",12.57,"3",57725655191801
8,"5772565519",13.29,"3",57725655191801
9,"5772565519",6.43,"3",57725655191801
10,"5772565519",8.57,"3",57725655191801
11,"5772565519",6.86,"3",57725655191801
12,"5772565519",2.57,"3",57725655191801
12,"5772565519",2.57,"2",57725655191802
13,"5772565519",4.29,"2",57725655191802
14,"5772565519",5.29,"2",57725655191802
14,"5772565519",5.29,"1b",57725655191803
15,"5772565519",7.43,"1b",57725655191803
16,"5772565519",14.14,"1b",57725655191803
16,"5772565519",14.14,"1",57725655191804
17,"5772565519",13.29,"1",57725655191804
18,"5772565519",15.0,"1",57725655191804
19,"5772565519",13.71,"1",57725655191804
20,"5772565519",17.57,"1",57725655191804
21,"5772565519",43.71,"1",57725655191804
22,"5772565519",75.86,"1",57725655191804
22,"5772565519",75.86,"1b",57725655191805
23,"5772565519",88.71,"1b",57725655191805
23,"5772565519",88.71,"3",57725655191806
24,"5772565519",73.29,"3",57725655191806
24,"5772565519",73.29,"4",57725655191807
25,"5772565519",30.86,"4",57725655191807
26,"5772565519",5.14,"4",57725655191807
26,"5772565519",5.14,"3",57725655191808
27,"5772565519",20.57,"3",57725655191808
28,"5772565519",9.43,"3",57725655191808
28,"5772565519",9.43,"2",57725655191809
29,"5772565519",11.14,"2",57725655191809
30,"5772565519",9.0,"2",57725655191809
30,"5772565519",9.0,"1b",57725655191810
31,"5772565519",9.43,"1b",57725655191810
32,"5772565519",8.57,"1b",57725655191810
32,"5772565519",8.57,"1",57725655191811
33,"5772565519",6.86,"1",57725655191811
34,"5772565519",3.86,"1",57725655191811
35,"5772565519",2.57,"1",57725655191811
36,"5772565519",3.14,"1",57725655191811
37,"5772565519",0.71,"1",57725655191811
38,"5772565519",1.57,"1",57725655191811
39,"5772565519",3.71,"1",57725655191811
40,"5772565519",8.29,"1",57725655191811
41,"5772565519",13.14,"1",57725655191811
42,"5772565519",29.14,"1",57725655191811
43,"5772565519",42.43,"1",57725655191811
44,"5772565519",55.29,"1",57725655191811
45,"5772565519",59.14,"1",57725655191811
46,"5772565519",163.29,"1",57725655191811
47,"5772565519",246.86,"1",57725655191811
48,"5772565519",474.43,"1",57725655191811
48,"5772565519",474.43,"1b",57725655191812
49,"5772565519",671.14,"1b",57725655191812
49,"5772565519",671.14,"2",57725655191813
50,"5772565519",1423.29,"2",57725655191813
50,"5772565519",1423.29,"3",57725655191814
51,"5772565519",1215.0,"3",57725655191814
51,"5772565519",1215.0,"4",57725655191815
52,"5772565519",624.86,"4",57725655191815
53,"5772565519",347.14,"4",57725655191815
54,"5772565519",347.14,"4",57725655191815
55,"5772565519",324.0,"4",57725655191815
56,"5772565519",138.86,"4",57725655191815
57,"5772565519",127.29,"4",57725655191815
57,"5772565519",127.29,"3",57725655191816
58,"5772565519",115.71,"3",57725655191816
58,"5772565519",115.71,"4",57725655191817
59,"5772565519",92.57,"4",57725655191817
60,"5772565519",54.0,"4",57725655191817
60,"5772565519",54.0,"3",57725655191818
61,"5772565519",11.57,"3",57725655191818
62,"5772565519",14.14,"3",57725655191818
62,"5772565519",14.14,"2",57725655191819
63,"5772565519",7.29,"2",57725655191819
64,"5772565519",10.29,"2",57725655191819
64,"5772565519",10.29,"1b",57725655191820
65,"5772565519",6.86,"1b",57725655191820
66,"5772565519",1.29,"1b",57725655191820
66,"5772565519",1.29,"1",57725655191821
67,"5772565519",3.0,"1",57725655191821
68,"5772565519",7.29,"1",57725655191821
69,"5772565519",5.43,"1",57725655191821
70,"5772565519",9.0,"1",57725655191821
71,"5772565519",15.0,"1",57725655191821
72,"5772565519",28.71,"1",57725655191821
73,"5772565519",50.14,"1",57725655191821
74,"5772565519",56.57,"1",57725655191821
75,"5772565519",81.0,"1",57725655191821
76,"5772565519",104.14,"1",57725655191821
77,"5772565519",150.43,"1",57725655191821
78,"5772565519",111.86,"1",57725655191821
79,"5772565519",150.43,"1",57725655191821
80,"5772565519",158.14,"1",57725655191821
80,"5772565519",158.14,"1b",57725655191822
81,"5772565519",158.14,"1b",57725655191822
81,"5772565519",158.14,"1",57729437201823
0,"5772943720",0.0,"1",57729437201823
1,"5772943720",0.0,"1",57729437201823
2,"5772943720",0.0,"1",57729437201823
3,"5772943720",1.86,"1",57729437201823
4,"5772943720",12.0,"1",57729437201823
4,"5772943720",12.0,"3",57729437201824
5,"5772943720",17.86,"3",57729437201824
6,"5772943720",15.43,"3",57729437201824
7,"5772943720",17.57,"3",57729437201824
8,"5772943720",19.71,"3",57729437201824
9,"5772943720",12.43,"3",57729437201824
10,"5772943720",9.43,"3",57729437201824
11,"5772943720",8.57,"3",57729437201824
12,"5772943720",6.0,"3",57729437201824
12,"5772943720",6.0,"2",57729437201825
13,"5772943720",5.57,"2",57729437201825
13,"5772943720",5.57,"3",57729437201826
14,"5772943720",5.14,"3",57729437201826
15,"5772943720",3.0,"3",57729437201826
15,"5772943720",3.0,"2",57729437201827
16,"5772943720",3.0,"2",57729437201827
17,"5772943720",2.71,"2",57729437201827
17,"5772943720",2.71,"1b",57729437201828
18,"5772943720",2.0,"1b",57729437201828
19,"5772943720",2.86,"1b",57729437201828
19,"5772943720",2.86,"1",57729437201829
20,"5772943720",4.0,"1",57729437201829
21,"5772943720",3.86,"1",57729437201829
22,"5772943720",5.71,"1",57729437201829
23,"5772943720",6.43,"1",57729437201829
24,"5772943720",6.71,"1",57729437201829
25,"5772943720",5.14,"1",57729437201829
26,"5772943720",4.71,"1",57729437201829
27,"5772943720",11.14,"1",57729437201829
28,"5772943720",18.86,"1",57729437201829
29,"5772943720",22.29,"1",57729437201829
30,"5772943720",25.71,"1",57729437201829
31,"5772943720",45.0,"1",57729437201829
32,"5772943720",61.71,"1",57729437201829
33,"5772943720",95.14,"1",57729437201829
34,"5772943720",88.71,"1",57729437201829
35,"5772943720",127.29,"1",57729437201829
36,"5772943720",231.43,"1",57729437201829
37,"5772943720",331.71,"1",57729437201829
37,"5772943720",331.71,"1b",57729437201830
38,"5772943720",474.43,"1b",57729437201830
38,"5772943720",474.43,"2",57729437201831
39,"5772943720",590.14,"2",57729437201831
39,"5772943720",590.14,"3",57729437201832
40,"5772943720",705.86,"3",57729437201832
40,"5772943720",705.86,"4",57729437201833
41,"5772943720",347.14,"4",57729437201833
42,"5772943720",300.86,"4",57729437201833
43,"5772943720",208.29,"4",57729437201833
44,"5772943720",150.43,"4",57729437201833
45,"5772943720",57.86,"4",57729437201833
45,"5772943720",57.86,"3",57729437201834
46,"5772943720",81.0,"3",57729437201834
47,"5772943720",46.29,"3",57729437201834
47,"5772943720",46.29,"2",57729437201835
48,"5772943720",30.86,"2",57729437201835
49,"5772943720",32.14,"2",57729437201835
49,"5772943720",32.14,"1b",57729437201836
50,"5772943720",19.29,"1b",57729437201836
51,"5772943720",3.86,"1b",57729437201836
51,"5772943720",3.86,"1",57729437201837
52,"5772943720",8.14,"1",57729437201837
53,"5772943720",5.57,"1",57729437201837
54,"5772943720",5.57,"1",57729437201837
55,"5772943720",10.71,"1",57729437201837
56,"5772943720",13.29,"1",57729437201837
57,"5772943720",21.43,"1",57729437201837
58,"5772943720",35.14,"1",57729437201837
59,"5772943720",50.14,"1",57729437201837
60,"5772943720",28.29,"1",57729437201837
61,"5772943720",37.29,"1",57729437201837
62,"5772943720",38.57,"1",57729437201837
63,"5772943720",47.57,"1",57729437201837
64,"5772943720",60.43,"1",57729437201837
65,"5772943720",70.71,"1",57729437201837
66,"5772943720",104.14,"1",57729437201837
67,"5772943720",192.86,"1",57729437201837
68,"5772943720",216.0,"1",57729437201837
68,"5772943720",216.0,"1b",57729437201838
69,"5772943720",312.43,"1b",57729437201838
70,"5772943720",462.86,"1b",57729437201838
71,"5772943720",717.43,"1b",57729437201838
71,"5772943720",717.43,"2",57729437201839
72,"5772943720",636.43,"2",57729437201839
72,"5772943720",636.43,"3",57729437201840
73,"5772943720",277.71,"3",57729437201840
73,"5772943720",277.71,"4",57729437201841
74,"5772943720",243.0,"4",57729437201841
75,"5772943720",127.29,"4",57729437201841
76,"5772943720",61.71,"4",57729437201841
76,"5772943720",61.71,"3",57729437201842
77,"5772943720",38.57,"3",57729437201842
78,"5772943720",20.57,"3",57729437201842
78,"5772943720",20.57,"2",57729437201843
79,"5772943720",18.0,"2",57729437201843
80,"5772943720",9.0,"2",57729437201843
80,"5772943720",9.0,"1b",57729437201844
81,"5772943720",10.71,"1b",57729437201844
81,"5772943720",10.71,"1",57740357091845
0,"5774035709",0.29,"1",57740357091845
0,"5774035709",0.29,"1b",57740357091846
1,"5774035709",1.71,"1b",57740357091846
1,"5774035709",1.71,"2",57740357091847
2,"5774035709",4.57,"2",57740357091847
3,"5774035709",7.86,"2",57740357091847
3,"5774035709",7.86,"3",57740357091848
4,"5774035709",12.0,"3",57740357091848
5,"5774035709",7.71,"3",57740357091848
5,"5774035709",7.71,"2",57740357091849
6,"5774035709",15.0,"2",57740357091849
6,"5774035709",15.0,"3",57740357091850
7,"5774035709",10.29,"3",57740357091850
8,"5774035709",10.29,"3",57740357091850
9,"5774035709",15.43,"3",57740357091850
10,"5774035709",13.71,"3",57740357091850
11,"5774035709",6.0,"3",57740357091850
12,"5774035709",8.14,"3",57740357091850
12,"5774035709",8.14,"2",57740357091851
13,"5774035709",9.86,"2",57740357091851
13,"5774035709",9.86,"3",57740357091852
14,"5774035709",7.29,"3",57740357091852
15,"5774035709",7.71,"3",57740357091852
15,"5774035709",7.71,"2",57740357091853
16,"5774035709",6.43,"2",57740357091853
17,"5774035709",6.0,"2",57740357091853
17,"5774035709",6.0,"1b",57740357091854
18,"5774035709",2.14,"1b",57740357091854
19,"5774035709",2.86,"1b",57740357091854
19,"5774035709",2.86,"1",57740357091855
20,"5774035709",4.86,"1",57740357091855
21,"5774035709",6.43,"1",57740357091855
22,"5774035709",6.57,"1",57740357091855
23,"5774035709",13.71,"1",57740357091855
24,"5774035709",20.57,"1",57740357091855
25,"5774035709",27.86,"1",57740357091855
26,"5774035709",51.43,"1",57740357091855
27,"5774035709",52.71,"1",57740357091855
27,"5774035709",52.71,"1b",57740357091856
28,"5774035709",45.0,"1b",57740357091856
28,"5774035709",45.0,"2",57740357091857
29,"5774035709",37.29,"2",57740357091857
29,"5774035709",37.29,"3",57740357091858
30,"5774035709",21.86,"3",57740357091858
31,"5774035709",20.57,"3",57740357091858
31,"5774035709",20.57,"2",57740357091859
32,"5774035709",7.71,"2",57740357091859
33,"5774035709",12.86,"2",57740357091859
33,"5774035709",12.86,"1b",57740357091860
34,"5774035709",13.29,"1b",57740357091860
35,"5774035709",13.29,"1b",57740357091860
35,"5774035709",13.29,"1",57740357091861
36,"5774035709",11.14,"1",57740357091861
37,"5774035709",10.71,"1",57740357091861
38,"5774035709",15.0,"1",57740357091861
39,"5774035709",12.43,"1",57740357091861
40,"5774035709",8.57,"1",57740357091861
41,"5774035709",25.71,"1",57740357091861
42,"5774035709",22.29,"1",57740357091861
43,"5774035709",19.29,"1",57740357091861
44,"5774035709",18.0,"1",57740357091861
45,"5774035709",34.71,"1",57740357091861
46,"5774035709",36.0,"1",57740357091861
47,"5774035709",41.14,"1",57740357091861
48,"5774035709",93.86,"1",57740357091861
49,"5774035709",277.71,"1",57740357091861
50,"5774035709",447.43,"1",57740357091861
50,"5774035709",447.43,"1b",57740357091862
51,"5774035709",821.57,"1b",57740357091862
51,"5774035709",821.57,"3",57740357091863
52,"5774035709",694.29,"3",57740357091863
52,"5774035709",694.29,"4",57740357091864
53,"5774035709",555.43,"4",57740357091864
54,"5774035709",138.86,"4",57740357091864
55,"5774035709",138.86,"4",57740357091864
56,"5774035709",65.57,"4",57740357091864
56,"5774035709",65.57,"3",57740357091865
57,"5774035709",81.0,"3",57740357091865
58,"5774035709",50.14,"3",57740357091865
58,"5774035709",50.14,"2",57740357091866
59,"5774035709",23.14,"2",57740357091866
60,"5774035709",39.86,"2",57740357091866
60,"5774035709",39.86,"1b",57740357091867
61,"5774035709",29.57,"1b",57740357091867
62,"5774035709",25.71,"1b",57740357091867
62,"5774035709",25.71,"1",57740357091868
63,"5774035709",16.71,"1",57740357091868
64,"5774035709",14.14,"1",57740357091868
65,"5774035709",21.86,"1",57740357091868
66,"5774035709",21.86,"1",57740357091868
67,"5774035709",30.86,"1",57740357091868
68,"5774035709",33.43,"1",57740357091868
69,"5774035709",47.57,"1",57740357091868
70,"5774035709",59.14,"1",57740357091868
71,"5774035709",91.29,"1",57740357091868
72,"5774035709",127.29,"1",57740357091868
73,"5774035709",138.86,"1",57740357091868
74,"5774035709",189.0,"1",57740357091868
75,"5774035709",185.14,"1",57740357091868
76,"5774035709",243.0,"1",57740357091868
76,"5774035709",243.0,"1b",57740357091869
77,"5774035709",289.29,"1b",57740357091869
77,"5774035709",289.29,"2",57740357091870
78,"5774035709",266.14,"2",57740357091870
79,"5774035709",196.71,"2",57740357091870
79,"5774035709",196.71,"1b",57740357091871
80,"5774035709",173.57,"1b",57740357091871
81,"5774035709",150.43,"1b",57740357091871
81,"5774035709",150.43,"1",57747934141872
0,"5774793414",0.71,"1",57747934141872
1,"5774793414",12.0,"1",57747934141872
1,"5774793414",12.0,"2",57747934141873
2,"5774793414",27.43,"2",57747934141873
2,"5774793414",27.43,"3",57747934141874
3,"5774793414",78.43,"3",57747934141874
3,"5774793414",78.43,"4",57747934141875
4,"5774793414",96.43,"4",57747934141875
5,"5774793414",92.57,"4",57747934141875
6,"5774793414",15.43,"4",57747934141875
7,"5774793414",30.86,"4",57747934141875
8,"5774793414",42.43,"4",57747934141875
9,"5774793414",19.29,"4",57747934141875
9,"5774793414",19.29,"3",57747934141876
10,"5774793414",5.14,"3",57747934141876
11,"5774793414",10.71,"3",57747934141876
12,"5774793414",8.14,"3",57747934141876
13,"5774793414",3.86,"3",57747934141876
13,"5774793414",3.86,"2",57747934141877
14,"5774793414",1.0,"2",57747934141877
15,"5774793414",2.57,"2",57747934141877
15,"5774793414",2.57,"1b",57747934141878
16,"5774793414",2.0,"1b",57747934141878
17,"5774793414",0.86,"1b",57747934141878
17,"5774793414",0.86,"1",57747934141879
18,"5774793414",5.0,"1",57747934141879
19,"5774793414",2.71,"1",57747934141879
20,"5774793414",3.14,"1",57747934141879
21,"5774793414",1.86,"1",57747934141879
22,"5774793414",1.43,"1",57747934141879
23,"5774793414",2.29,"1",57747934141879
24,"5774793414",3.71,"1",57747934141879
25,"5774793414",3.14,"1",57747934141879
26,"5774793414",3.86,"1",57747934141879
27,"5774793414",7.43,"1",57747934141879
28,"5774793414",10.71,"1",57747934141879
29,"5774793414",19.29,"1",57747934141879
30,"5774793414",20.57,"1",57747934141879
31,"5774793414",18.0,"1",57747934141879
32,"5774793414",30.86,"1",57747934141879
33,"5774793414",55.29,"1",57747934141879
34,"5774793414",117.0,"1",57747934141879
35,"5774793414",223.71,"1",57747934141879
36,"5774793414",308.57,"1",57747934141879
36,"5774793414",308.57,"1b",57747934141880
37,"5774793414",405.0,"1b",57747934141880
37,"5774793414",405.0,"3",57747934141881
38,"5774793414",289.29,"3",57747934141881
38,"5774793414",289.29,"4",57747934141882
39,"5774793414",150.43,"4",57747934141882
40,"5774793414",57.86,"4",57747934141882
40,"5774793414",57.86,"3",57747934141883
41,"5774793414",69.43,"3",57747934141883
42,"5774793414",42.43,"3",57747934141883
42,"5774793414",42.43,"2",57747934141884
43,"5774793414",34.71,"2",57747934141884
44,"5774793414",20.57,"2",57747934141884
44,"5774793414",20.57,"1b",57747934141885
45,"5774793414",24.43,"1b",57747934141885
46,"5774793414",36.0,"1b",57747934141885
46,"5774793414",36.0,"1",57747934141886
47,"5774793414",66.86,"1",57747934141886
48,"5774793414",64.29,"1",57747934141886
49,"5774793414",104.14,"1",57747934141886
50,"5774793414",212.14,"1",57747934141886
51,"5774793414",339.43,"1",57747934141886
51,"5774793414",339.43,"1b",57747934141887
52,"5774793414",428.14,"1b",57747934141887
52,"5774793414",428.14,"3",57747934141888
53,"5774793414",243.0,"3",57747934141888
54,"5774793414",162.0,"3",57747934141888
55,"5774793414",196.71,"3",57747934141888
55,"5774793414",196.71,"2",57747934141889
56,"5774793414",138.86,"2",57747934141889
57,"5774793414",266.14,"2",57747934141889
58,"5774793414",208.29,"2",57747934141889
58,"5774793414",208.29,"3",57747934141890
59,"5774793414",185.14,"3",57747934141890
60,"5774793414",81.0,"3",57747934141890
60,"5774793414",81.0,"2",57747934141891
61,"5774793414",108.0,"2",57747934141891
62,"5774793414",77.14,"2",57747934141891
62,"5774793414",77.14,"3",57747934141892
63,"5774793414",69.43,"3",57747934141892
64,"5774793414",42.43,"3",57747934141892
64,"5774793414",42.43,"2",57747934141893
65,"5774793414",30.86,"2",57747934141893
66,"5774793414",21.86,"2",57747934141893
66,"5774793414",21.86,"1b",57747934141894
67,"5774793414",27.0,"1b",57747934141894
68,"5774793414",25.71,"1b",57747934141894
68,"5774793414",25.71,"1",57747934141895
69,"5774793414",29.57,"1",57747934141895
70,"5774793414",28.29,"1",57747934141895
71,"5774793414",16.71,"1",57747934141895
72,"5774793414",3.86,"1",57747934141895
73,"5774793414",4.29,"1",57747934141895
74,"5774793414",4.71,"1",57747934141895
75,"5774793414",5.14,"1",57747934141895
76,"5774793414",3.57,"1",57747934141895
77,"5774793414",3.71,"1",57747934141895
78,"5774793414",4.14,"1",57747934141895
79,"5774793414",7.0,"1",57747934141895
80,"5774793414",15.29,"1",57747934141895
81,"5774793414",20.57,"1",57747934141895
81,"5774793414",20.57,"1",57748294431895
0,"5774829443",0.14,"1",57748294431895
0,"5774829443",0.14,"1b",57748294431896
1,"5774829443",0.14,"1b",57748294431896
2,"5774829443",0.57,"1b",57748294431896
3,"5774829443",1.0,"1b",57748294431896
3,"5774829443",1.0,"2",57748294431897
4,"5774829443",3.71,"2",57748294431897
5,"5774829443",1.43,"2",57748294431897
6,"5774829443",1.43,"2",57748294431897
7,"5774829443",0.57,"2",57748294431897
7,"5774829443",0.57,"1b",57748294431898
8,"5774829443",2.57,"1b",57748294431898
8,"5774829443",2.57,"2",57748294431899
9,"5774829443",4.86,"2",57748294431899
9,"5774829443",4.86,"3",57748294431900
10,"5774829443",7.29,"3",57748294431900
11,"5774829443",3.14,"3",57748294431900
11,"5774829443",3.14,"2",57748294431901
12,"5774829443",3.0,"2",57748294431901
13,"5774829443",4.14,"2",57748294431901
14,"5774829443",4.57,"2",57748294431901
14,"5774829443",4.57,"1b",57748294431902
15,"5774829443",6.71,"1b",57748294431902
16,"5774829443",3.86,"1b",57748294431902
16,"5774829443",3.86,"1",57748294431903
17,"5774829443",2.57,"1",57748294431903
18,"5774829443",1.86,"1",57748294431903
19,"5774829443",3.57,"1",57748294431903
20,"5774829443",4.14,"1",57748294431903
21,"5774829443",3.71,"1",57748294431903
22,"5774829443",4.14,"1",57748294431903
23,"5774829443",4.43,"1",57748294431903
24,"5774829443",7.0,"1",57748294431903
25,"5774829443",8.14,"1",57748294431903
26,"5774829443",6.0,"1",57748294431903
27,"5774829443",9.86,"1",57748294431903
28,"5774829443",15.0,"1",57748294431903
29,"5774829443",21.86,"1",57748294431903
30,"5774829443",21.43,"1",57748294431903
31,"5774829443",29.57,"1",57748294431903
32,"5774829443",24.43,"1",57748294431903
33,"5774829443",18.0,"1",57748294431903
34,"5774829443",21.86,"1",57748294431903
35,"5774829443",29.57,"1",57748294431903
36,"5774829443",47.57,"1",57748294431903
37,"5774829443",52.71,"1",57748294431903
38,"5774829443",68.14,"1",57748294431903
39,"5774829443",119.57,"1",57748294431903
40,"5774829443",227.57,"1",57748294431903
41,"5774829443",362.57,"1",57748294431903
41,"5774829443",362.57,"1b",57748294431904
42,"5774829443",555.43,"1b",57748294431904
43,"5774829443",590.14,"1b",57748294431904
44,"5774829443",1215.0,"1b",57748294431904
44,"5774829443",1215.0,"3",57748294431905
45,"5774829443",520.71,"3",57748294431905
45,"5774829443",520.71,"4",57748294431906
46,"5774829443",277.71,"4",57748294431906
47,"5774829443",254.57,"4",57748294431906
48,"5774829443",196.71,"4",57748294431906
49,"5774829443",92.57,"4",57748294431906
49,"5774829443",92.57,"3",57748294431907
50,"5774829443",84.86,"3",57748294431907
51,"5774829443",73.29,"3",57748294431907
51,"5774829443",73.29,"2",57748294431908
52,"5774829443",50.14,"2",57748294431908
53,"5774829443",30.86,"2",57748294431908
53,"5774829443",30.86,"1b",57748294431909
54,"5774829443",23.14,"1b",57748294431909
55,"5774829443",9.0,"1b",57748294431909
55,"5774829443",9.0,"1",57748294431910
56,"5774829443",7.71,"1",57748294431910
57,"5774829443",9.43,"1",57748294431910
58,"5774829443",3.43,"1",57748294431910
59,"5774829443",3.14,"1",57748294431910
60,"5774829443",4.57,"1",57748294431910
61,"5774829443",6.0,"1",57748294431910
62,"5774829443",7.43,"1",57748294431910
63,"5774829443",17.0,"1",57748294431910
64,"5774829443",31.29,"1",57748294431910
65,"5774829443",33.43,"1",57748294431910
66,"5774829443",75.86,"1",57748294431910
67,"5774829443",176.14,"1",57748294431910
68,"5774829443",304.71,"1",57748294431910
68,"5774829443",304.71,"1b",57748294431911
69,"5774829443",266.14,"1b",57748294431911
69,"5774829443",266.14,"2",57748294431912
70,"5774829443",324.0,"2",57748294431912
70,"5774829443",324.0,"3",57748294431913
71,"5774829443",150.43,"3",57748294431913
72,"5774829443",81.0,"3",57748294431913
72,"5774829443",81.0,"2",57748294431914
73,"5774829443",73.29,"2",57748294431914
74,"5774829443",30.86,"2",57748294431914
74,"5774829443",30.86,"1b",57748294431915
75,"5774829443",20.57,"1b",57748294431915
76,"5774829443",20.57,"1b",57748294431915
76,"5774829443",20.57,"1",57748294431916
77,"5774829443",6.43,"1",57748294431916
78,"5774829443",10.29,"1",57748294431916
79,"5774829443",10.29,"1",57748294431916
80,"5774829443",8.57,"1",57748294431916
81,"5774829443",3.43,"1",57748294431916
81,"5774829443",3.43,"1",57750188001916
0,"5775018800",0.29,"1",57750188001916
0,"5775018800",0.29,"1b",57750188001917
1,"5775018800",0.57,"1b",57750188001917
2,"5775018800",0.71,"1b",57750188001917
3,"5775018800",3.43,"1b",57750188001917
3,"5775018800",3.43,"2",57750188001918
4,"5775018800",4.86,"2",57750188001918
4,"5775018800",4.86,"3",57750188001919
5,"5775018800",5.57,"3",57750188001919
6,"5775018800",5.14,"3",57750188001919
7,"5775018800",6.71,"3",57750188001919
7,"5775018800",6.71,"2",57750188001920
8,"5775018800",8.71,"2",57750188001920
8,"5775018800",8.71,"3",57750188001921
9,"5775018800",6.86,"3",57750188001921
10,"5775018800",7.29,"3",57750188001921
10,"5775018800",7.29,"2",57750188001922
11,"5775018800",12.0,"2",57750188001922
11,"5775018800",12.0,"3",57750188001923
12,"5775018800",11.57,"3",57750188001923
13,"5775018800",8.57,"3",57750188001923
14,"5775018800",9.86,"3",57750188001923
14,"5775018800",9.86,"2",57750188001924
15,"5775018800",9.86,"2",57750188001924
16,"5775018800",6.86,"2",57750188001924
16,"5775018800",6.86,"1b",57750188001925
17,"5775018800",4.29,"1b",57750188001925
18,"5775018800",14.57,"1b",57750188001925
18,"5775018800",14.57,"1",57750188001926
19,"5775018800",21.86,"1",57750188001926
20,"5775018800",23.14,"1",57750188001926
21,"5775018800",25.71,"1",57750188001926
22,"5775018800",29.57,"1",57750188001926
23,"5775018800",77.14,"1",57750188001926
23,"5775018800",77.14,"1b",57750188001927
24,"5775018800",131.14,"1b",57750188001927
24,"5775018800",131.14,"3",57750188001928
25,"5775018800",115.71,"3",57750188001928
25,"5775018800",115.71,"4",57750188001929
26,"5775018800",61.71,"4",57750188001929
27,"5775018800",46.29,"4",57750188001929
28,"5775018800",33.43,"4",57750188001929
29,"5775018800",12.86,"4",57750188001929
29,"5775018800",12.86,"3",57750188001930
30,"5775018800",15.43,"3",57750188001930
31,"5775018800",7.71,"3",57750188001930
31,"5775018800",7.71,"2",57750188001931
32,"5775018800",13.71,"2",57750188001931
33,"5775018800",15.86,"2",57750188001931
33,"5775018800",15.86,"1b",57750188001932
34,"5775018800",16.29,"1b",57750188001932
35,"5775018800",20.14,"1b",57750188001932
35,"5775018800",20.14,"1",57750188001933
36,"5775018800",32.14,"1",57750188001933
37,"5775018800",83.57,"1",57750188001933
38,"5775018800",164.57,"1",57750188001933
39,"5775018800",235.29,"1",57750188001933
39,"5775018800",235.29,"1b",57750188001934
40,"5775018800",216.0,"1b",57750188001934
41,"5775018800",254.57,"1b",57750188001934
42,"5775018800",729.0,"1b",57750188001934
42,"5775018800",729.0,"2",57750188001935
43,"5775018800",1134.0,"2",57750188001935
43,"5775018800",1134.0,"4",57750188001936
44,"5775018800",867.86,"4",57750188001936
45,"5775018800",486.0,"4",57750188001936
46,"5775018800",416.57,"4",57750188001936
47,"5775018800",312.43,"4",57750188001936
48,"5775018800",312.43,"4",57750188001936
49,"5775018800",208.29,"4",57750188001936
50,"5775018800",115.71,"4",57750188001936
50,"5775018800",115.71,"3",57750188001937
51,"5775018800",34.71,"3",57750188001937
52,"5775018800",54.0,"3",57750188001937
52,"5775018800",54.0,"2",57750188001938
53,"5775018800",38.57,"2",57750188001938
54,"5775018800",20.57,"2",57750188001938
54,"5775018800",20.57,"1b",57750188001939
55,"5775018800",27.0,"1b",57750188001939
56,"5775018800",28.29,"1b",57750188001939
56,"5775018800",28.29,"1",57750188001940
57,"5775018800",43.71,"1",57750188001940
58,"5775018800",59.14,"1",57750188001940
59,"5775018800",131.14,"1",57750188001940
60,"5775018800",266.14,"1",57750188001940
61,"5775018800",829.29,"1",57750188001940
61,"5775018800",829.29,"2",57750188001941
62,"5775018800",775.29,"2",57750188001941
62,"5775018800",775.29,"4",57750188001942
63,"5775018800",347.14,"4",57750188001942
64,"5775018800",173.57,"4",57750188001942
65,"5775018800",81.0,"4",57750188001942
66,"5775018800",127.29,"4",57750188001942
67,"5775018800",54.0,"4",57750188001942
67,"5775018800",54.0,"3",57750188001943
68,"5775018800",54.0,"3",57750188001943
69,"5775018800",23.14,"3",57750188001943
69,"5775018800",23.14,"2",57750188001944
70,"5775018800",25.71,"2",57750188001944
71,"5775018800",11.57,"2",57750188001944
71,"5775018800",11.57,"1b",57750188001945
72,"5775018800",9.86,"1b",57750188001945
73,"5775018800",4.29,"1b",57750188001945
73,"5775018800",4.29,"1",57750188001946
74,"5775018800",3.0,"1",57750188001946
75,"5775018800",3.43,"1",57750188001946
76,"5775018800",1.71,"1",57750188001946
77,"5775018800",2.57,"1",57750188001946
78,"5775018800",3.0,"1",57750188001946
79,"5775018800",4.57,"1",57750188001946
80,"5775018800",11.71,"1",57750188001946
81,"5775018800",18.43,"1",57750188001946
81,"5775018800",18.43,"1",57752950811946
0,"5775295081",0.0,"1",57752950811946
1,"5775295081",1.43,"1",57752950811946
1,"5775295081",1.43,"1b",57752950811947
2,"5775295081",3.0,"1b",57752950811947
2,"5775295081",3.0,"2",57752950811948
3,"5775295081",1.43,"2",57752950811948
4,"5775295081",2.14,"2",57752950811948
5,"5775295081",2.29,"2",57752950811948
6,"5775295081",3.14,"2",57752950811948
7,"5775295081",5.86,"2",57752950811948
7,"5775295081",5.86,"3",57752950811949
8,"5775295081",7.0,"3",57752950811949
9,"5775295081",14.14,"3",57752950811949
10,"5775295081",13.71,"3",57752950811949
11,"5775295081",14.57,"3",57752950811949
12,"5775295081",18.43,"3",57752950811949
13,"5775295081",16.71,"3",57752950811949
14,"5775295081",9.0,"3",57752950811949
14,"5775295081",9.0,"2",57752950811950
15,"5775295081",6.43,"2",57752950811950
16,"5775295081",5.57,"2",57752950811950
16,"5775295081",5.57,"1b",57752950811951
17,"5775295081",6.43,"1b",57752950811951
18,"5775295081",9.43,"1b",57752950811951
18,"5775295081",9.43,"1",57752950811952
19,"5775295081",13.71,"1",57752950811952
20,"5775295081",31.29,"1",57752950811952
21,"5775295081",41.14,"1",57752950811952
21,"5775295081",41.14,"1b",57752950811953
22,"5775295081",33.43,"1b",57752950811953
23,"5775295081",41.14,"1b",57752950811953
23,"5775295081",41.14,"2",57752950811954
24,"5775295081",43.71,"2",57752950811954
24,"5775295081",43.71,"3",57752950811955
25,"5775295081",45.0,"3",57752950811955
26,"5775295081",37.29,"3",57752950811955
26,"5775295081",37.29,"4",57752950811956
27,"5775295081",28.29,"4",57752950811956
28,"5775295081",19.29,"4",57752950811956
28,"5775295081",19.29,"3",57752950811957
29,"5775295081",15.43,"3",57752950811957
30,"5775295081",11.14,"3",57752950811957
30,"5775295081",11.14,"2",57752950811958
31,"5775295081",7.29,"2",57752950811958
32,"5775295081",6.43,"2",57752950811958
32,"5775295081",6.43,"1b",57752950811959
33,"5775295081",3.86,"1b",57752950811959
34,"5775295081",10.71,"1b",57752950811959
34,"5775295081",10.71,"1",57752950811960
35,"5775295081",13.71,"1",57752950811960
36,"5775295081",24.0,"1",57752950811960
37,"5775295081",29.57,"1",57752950811960
38,"5775295081",30.86,"1",57752950811960
39,"5775295081",42.43,"1",57752950811960
40,"5775295081",63.0,"1",57752950811960
41,"5775295081",126.0,"1",57752950811960
42,"5775295081",165.86,"1",57752950811960
43,"5775295081",208.29,"1",57752950811960
44,"5775295081",405.0,"1",57752950811960
44,"5775295081",405.0,"1b",57752950811961
45,"5775295081",543.86,"1b",57752950811961
45,"5775295081",543.86,"2",57752950811962
46,"5775295081",601.71,"2",57752950811962
46,"5775295081",601.71,"3",57752950811963
47,"5775295081",1006.71,"3",57752950811963
47,"5775295081",1006.71,"4",57752950811964
48,"5775295081",833.14,"4",57752950811964
49,"5775295081",347.14,"4",57752950811964
50,"5775295081",312.43,"4",57752950811964
51,"5775295081",231.43,"4",57752950811964
52,"5775295081",138.86,"4",57752950811964
52,"5775295081",138.86,"3",57752950811965
53,"5775295081",115.71,"3",57752950811965
54,"5775295081",92.57,"3",57752950811965
55,"5775295081",54.0,"3",57752950811965
55,"5775295081",54.0,"2",57752950811966
56,"5775295081",50.14,"2",57752950811966
57,"5775295081",36.0,"2",57752950811966
57,"5775295081",36.0,"1b",57752950811967
58,"5775295081",39.86,"1b",57752950811967
59,"5775295081",21.86,"1b",57752950811967
59,"5775295081",21.86,"1",57752950811968
60,"5775295081",14.14,"1",57752950811968
61,"5775295081",16.71,"1",57752950811968
62,"5775295081",20.57,"1",57752950811968
63,"5775295081",34.71,"1",57752950811968
64,"5775295081",54.0,"1",57752950811968
65,"5775295081",101.57,"1",57752950811968
66,"5775295081",146.57,"1",57752950811968
67,"5775295081",362.57,"1",57752950811968
68,"5775295081",914.14,"1",57752950811968
68,"5775295081",914.14,"1b",57752950811969
69,"5775295081",1758.86,"1b",57752950811969
69,"5775295081",1758.86,"3",57752950811970
70,"5775295081",1770.43,"3",57752950811970
70,"5775295081",1770.43,"4",57752950811971
71,"5775295081",659.57,"4",57752950811971
72,"5775295081",694.29,"4",57752950811971
73,"5775295081",486.0,"4",57752950811971
74,"5775295081",196.71,"4",57752950811971
75,"5775295081",196.71,"4",57752950811971
76,"5775295081",127.29,"4",57752950811971
76,"5775295081",127.29,"3",57752950811972
77,"5775295081",88.71,"3",57752950811972
78,"5775295081",111.86,"3",57752950811972
79,"5775295081",69.43,"3",57752950811972
79,"5775295081",69.43,"2",57752950811973
80,"5775295081",61.71,"2",57752950811973
81,"5775295081",57.86,"2",57752950811973
81,"5775295081",57.86,"1",57756420371974
0,"5775642037",0.14,"1",57756420371974
0,"5775642037",0.14,"1b",57756420371975
1,"5775642037",0.29,"1b",57756420371975
2,"5775642037",0.71,"1b",57756420371975
3,"5775642037",1.43,"1b",57756420371975
3,"5775642037",1.43,"2",57756420371976
4,"5775642037",0.57,"2",57756420371976
5,"5775642037",0.71,"2",57756420371976
6,"5775642037",1.0,"2",57756420371976
7,"5775642037",1.43,"2",57756420371976
8,"5775642037",0.86,"2",57756420371976
9,"5775642037",1.29,"2",57756420371976
10,"5775642037",2.14,"2",57756420371976
11,"5775642037",3.29,"2",57756420371976
12,"5775642037",1.86,"2",57756420371976
13,"5775642037",1.14,"2",57756420371976
14,"5775642037",0.57,"2",57756420371976
14,"5775642037",0.57,"1b",57756420371977
15,"5775642037",0.14,"1b",57756420371977
16,"5775642037",2.14,"1b",57756420371977
16,"5775642037",2.14,"1",57756420371978
17,"5775642037",3.71,"1",57756420371978
18,"5775642037",2.0,"1",57756420371978
19,"5775642037",2.14,"1",57756420371978
20,"5775642037",6.29,"1",57756420371978
21,"5775642037",7.43,"1",57756420371978
22,"5775642037",7.0,"1",57756420371978
23,"5775642037",3.86,"1",57756420371978
24,"5775642037",2.14,"1",57756420371978
25,"5775642037",2.0,"1",57756420371978
26,"5775642037",1.29,"1",57756420371978
27,"5775642037",0.86,"1",57756420371978
28,"5775642037",0.57,"1",57756420371978
29,"5775642037",1.57,"1",57756420371978
30,"5775642037",2.86,"1",57756420371978
31,"5775642037",2.71,"1",57756420371978
32,"5775642037",4.29,"1",57756420371978
33,"5775642037",6.86,"1",57756420371978
34,"5775642037",8.14,"1",57756420371978
35,"5775642037",5.57,"1",57756420371978
36,"5775642037",5.14,"1",57756420371978
37,"5775642037",2.14,"1",57756420371978
38,"5775642037",2.14,"1",57756420371978
39,"5775642037",3.0,"1",57756420371978
40,"5775642037",4.71,"1",57756420371978
41,"5775642037",3.14,"1",57756420371978
42,"5775642037",5.0,"1",57756420371978
43,"5775642037",7.57,"1",57756420371978
44,"5775642037",6.57,"1",57756420371978
45,"5775642037",3.86,"1",57756420371978
46,"5775642037",1.86,"1",57756420371978
47,"5775642037",1.43,"1",57756420371978
48,"5775642037",0.86,"1",57756420371978
49,"5775642037",0.57,"1",57756420371978
50,"5775642037",1.57,"1",57756420371978
51,"5775642037",1.29,"1",57756420371978
52,"5775642037",0.86,"1",57756420371978
53,"5775642037",1.57,"1",57756420371978
54,"5775642037",2.86,"1",57756420371978
55,"5775642037",5.29,"1",57756420371978
56,"5775642037",3.86,"1",57756420371978
57,"5775642037",4.86,"1",57756420371978
58,"5775642037",3.0,"1",57756420371978
59,"5775642037",4.57,"1",57756420371978
60,"5775642037",4.57,"1",57756420371978
61,"5775642037",3.57,"1",57756420371978
62,"5775642037",3.43,"1",57756420371978
63,"5775642037",3.86,"1",57756420371978
64,"5775642037",5.0,"1",57756420371978
65,"5775642037",3.71,"1",57756420371978
66,"5775642037",7.43,"1",57756420371978
67,"5775642037",9.86,"1",57756420371978
68,"5775642037",15.0,"1",57756420371978
69,"5775642037",15.43,"1",57756420371978
70,"5775642037",12.0,"1",57756420371978
71,"5775642037",9.43,"1",57756420371978
72,"5775642037",15.0,"1",57756420371978
73,"5775642037",15.86,"1",57756420371978
74,"5775642037",26.14,"1",57756420371978
75,"5775642037",32.14,"1",57756420371978
76,"5775642037",34.71,"1",57756420371978
77,"5775642037",36.0,"1",57756420371978
78,"5775642037",51.43,"1",57756420371978
79,"5775642037",60.43,"1",57756420371978
80,"5775642037",93.86,"1",57756420371978
81,"5775642037",131.14,"1",57756420371978
81,"5775642037",131.14,"1",57766438031978
0,"5776643803",0.0,"1",57766438031978
1,"5776643803",0.57,"1",57766438031978
1,"5776643803",0.57,"1b",57766438031979
2,"5776643803",1.43,"1b",57766438031979
2,"5776643803",1.43,"2",57766438031980
3,"5776643803",1.71,"2",57766438031980
4,"5776643803",3.14,"2",57766438031980
5,"5776643803",3.86,"2",57766438031980
6,"5776643803",5.43,"2",57766438031980
7,"5776643803",7.86,"2",57766438031980
7,"5776643803",7.86,"3",57766438031981
8,"5776643803",12.29,"3",57766438031981
9,"5776643803",6.0,"3",57766438031981
9,"5776643803",6.0,"2",57766438031982
10,"5776643803",5.57,"2",57766438031982
11,"5776643803",6.86,"2",57766438031982
11,"5776643803",6.86,"3",57766438031983
12,"5776643803",11.14,"3",57766438031983
13,"5776643803",6.86,"3",57766438031983
14,"5776643803",6.0,"3",57766438031983
14,"5776643803",6.0,"2",57766438031984
15,"5776643803",6.86,"2",57766438031984
16,"5776643803",6.43,"2",57766438031984
16,"5776643803",6.43,"1b",57766438031985
17,"5776643803",4.29,"1b",57766438031985
18,"5776643803",3.57,"1b",57766438031985
18,"5776643803",3.57,"1",57766438031986
19,"5776643803",4.43,"1",57766438031986
20,"5776643803",9.29,"1",57766438031986
21,"5776643803",13.57,"1",57766438031986
22,"5776643803",21.86,"1",57766438031986
23,"5776643803",16.71,"1",57766438031986
24,"5776643803",15.0,"1",57766438031986
25,"5776643803",16.29,"1",57766438031986
26,"5776643803",20.14,"1",57766438031986
27,"5776643803",27.86,"1",57766438031986
28,"5776643803",60.43,"1",57766438031986
28,"5776643803",60.43,"1b",57766438031987
29,"5776643803",72.0,"1b",57766438031987
30,"5776643803",104.14,"1b",57766438031987
30,"5776643803",104.14,"1",57766438031988
31,"5776643803",162.0,"1",57766438031988
32,"5776643803",192.86,"1",57766438031988
33,"5776643803",235.29,"1",57766438031988
33,"5776643803",235.29,"1b",57766438031989
34,"5776643803",300.86,"1b",57766438031989
34,"5776643803",300.86,"2",57766438031990
35,"5776643803",243.0,"2",57766438031990
35,"5776643803",243.0,"3",57766438031991
36,"5776643803",208.29,"3",57766438031991
37,"5776643803",208.29,"3",57766438031991
37,"5776643803",208.29,"4",57766438031992
38,"5776643803",138.86,"4",57766438031992
39,"5776643803",50.14,"4",57766438031992
39,"5776643803",50.14,"3",57766438031993
40,"5776643803",57.86,"3",57766438031993
41,"5776643803",30.86,"3",57766438031993
41,"5776643803",30.86,"2",57766438031994
42,"5776643803",19.29,"2",57766438031994
43,"5776643803",14.14,"2",57766438031994
43,"5776643803",14.14,"1b",57766438031995
44,"5776643803",6.43,"1b",57766438031995
45,"5776643803",4.71,"1b",57766438031995
45,"5776643803",4.71,"1",57766438031996
46,"5776643803",3.43,"1",57766438031996
47,"5776643803",2.14,"1",57766438031996
48,"5776643803",2.29,"1",57766438031996
49,"5776643803",1.71,"1",57766438031996
50,"5776643803",1.86,"1",57766438031996
51,"5776643803",2.29,"1",57766438031996
52,"5776643803",3.0,"1",57766438031996
53,"5776643803",4.0,"1",57766438031996
54,"5776643803",3.43,"1",57766438031996
55,"5776643803",3.29,"1",57766438031996
56,"5776643803",3.43,"1",57766438031996
57,"5776643803",4.71,"1",57766438031996
58,"5776643803",3.14,"1",57766438031996
59,"5776643803",1.71,"1",57766438031996
60,"5776643803",2.57,"1",57766438031996
61,"5776643803",2.0,"1",57766438031996
62,"5776643803",2.43,"1",57766438031996
63,"5776643803",1.57,"1",57766438031996
64,"5776643803",0.86,"1",57766438031996
65,"5776643803",2.0,"1",57766438031996
66,"5776643803",6.86,"1",57766438031996
67,"5776643803",7.57,"1",57766438031996
68,"5776643803",15.71,"1",57766438031996
69,"5776643803",20.14,"1",57766438031996
70,"5776643803",28.71,"1",57766438031996
71,"5776643803",63.0,"1",57766438031996
72,"5776643803",73.29,"1",57766438031996
73,"5776643803",119.57,"1",57766438031996
74,"5776643803",293.14,"1",57766438031996
75,"5776643803",486.0,"1",57766438031996
76,"5776643803",1087.71,"1",57766438031996
76,"5776643803",1087.71,"1b",57766438031997
77,"5776643803",1770.43,"1b",57766438031997
77,"5776643803",1770.43,"3",57766438031998
78,"5776643803",1492.71,"3",57766438031998
78,"5776643803",1492.71,"4",57766438031999
79,"5776643803",798.43,"4",57766438031999
80,"5776643803",555.43,"4",57766438031999
81,"5776643803",381.86,"4",57766438031999
81,"5776643803",381.86,"1",57767228872000
0,"5776722887",0.0,"1",57767228872000
1,"5776722887",1.43,"1",57767228872000
2,"5776722887",6.29,"1",57767228872000
2,"5776722887",6.29,"2",57767228872001
3,"5776722887",9.86,"2",57767228872001
3,"5776722887",9.86,"3",57767228872002
4,"5776722887",18.43,"3",57767228872002
5,"5776722887",20.57,"3",57767228872002
6,"5776722887",34.29,"3",57767228872002
6,"5776722887",34.29,"4",57767228872003
7,"5776722887",20.57,"4",57767228872003
8,"5776722887",15.43,"4",57767228872003
8,"5776722887",15.43,"3",57767228872004
9,"5776722887",14.14,"3",57767228872004
10,"5776722887",15.86,"3",57767228872004
11,"5776722887",8.57,"3",57767228872004
12,"5776722887",3.43,"3",57767228872004
12,"5776722887",3.43,"2",57767228872005
13,"5776722887",3.71,"2",57767228872005
14,"5776722887",3.14,"2",57767228872005
14,"5776722887",3.14,"1b",57767228872006
15,"5776722887",1.29,"1b",57767228872006
16,"5776722887",1.14,"1b",57767228872006
16,"5776722887",1.14,"1",57767228872007
17,"5776722887",2.14,"1",57767228872007
18,"5776722887",4.57,"1",57767228872007
19,"5776722887",3.0,"1",57767228872007
20,"5776722887",5.0,"1",57767228872007
21,"5776722887",17.43,"1",57767228872007
22,"5776722887",30.0,"1",57767228872007
23,"5776722887",34.71,"1",57767228872007
24,"5776722887",48.86,"1",57767228872007
25,"5776722887",74.57,"1",57767228872007
26,"5776722887",83.57,"1",57767228872007
26,"5776722887",83.57,"1b",57767228872008
27,"5776722887",104.14,"1b",57767228872008
27,"5776722887",104.14,"3",57767228872009
28,"5776722887",104.14,"3",57767228872009
28,"5776722887",104.14,"4",57767228872010
29,"5776722887",84.86,"4",57767228872010
30,"5776722887",30.86,"4",57767228872010
30,"5776722887",30.86,"3",57767228872011
31,"5776722887",46.29,"3",57767228872011
32,"5776722887",29.57,"3",57767228872011
32,"5776722887",29.57,"2",57767228872012
33,"5776722887",19.29,"2",57767228872012
34,"5776722887",14.14,"2",57767228872012
34,"5776722887",14.14,"1b",57767228872013
35,"5776722887",14.14,"1b",57767228872013
36,"5776722887",18.86,"1b",57767228872013
36,"5776722887",18.86,"1",57767228872014
37,"5776722887",12.86,"1",57767228872014
38,"5776722887",18.86,"1",57767228872014
39,"5776722887",11.57,"1",57767228872014
40,"5776722887",10.29,"1",57767228872014
41,"5776722887",12.86,"1",57767228872014
42,"5776722887",10.29,"1",57767228872014
43,"5776722887",9.0,"1",57767228872014
44,"5776722887",14.14,"1",57767228872014
45,"5776722887",20.14,"1",57767228872014
46,"5776722887",25.71,"1",57767228872014
47,"5776722887",34.71,"1",57767228872014
48,"5776722887",12.86,"1",57767228872014
49,"5776722887",7.71,"1",57767228872014
50,"5776722887",9.86,"1",57767228872014
51,"5776722887",7.71,"1",57767228872014
52,"5776722887",8.14,"1",57767228872014
53,"5776722887",6.43,"1",57767228872014
54,"5776722887",11.57,"1",57767228872014
55,"5776722887",19.29,"1",57767228872014
56,"5776722887",9.43,"1",57767228872014
57,"5776722887",16.29,"1",57767228872014
58,"5776722887",18.86,"1",57767228872014
59,"5776722887",14.57,"1",57767228872014
60,"5776722887",24.86,"1",57767228872014
61,"5776722887",20.57,"1",57767228872014
62,"5776722887",19.29,"1",57767228872014
63,"5776722887",42.43,"1",57767228872014
64,"5776722887",51.43,"1",57767228872014
65,"5776722887",101.57,"1",57767228872014
66,"5776722887",138.86,"1",57767228872014
67,"5776722887",208.29,"1",57767228872014
68,"5776722887",432.0,"1",57767228872014
69,"5776722887",902.57,"1",57767228872014
69,"5776722887",902.57,"1b",57767228872015
70,"5776722887",1215.0,"1b",57767228872015
70,"5776722887",1215.0,"3",57767228872016
71,"5776722887",1458.0,"3",57767228872016
71,"5776722887",1458.0,"4",57767228872017
72,"5776722887",694.29,"4",57767228872017
73,"5776722887",694.29,"4",57767228872017
74,"5776722887",659.57,"4",57767228872017
74,"5776722887",659.57,"3",57767228872018
75,"5776722887",381.86,"3",57767228872018
75,"5776722887",381.86,"4",57767228872019
76,"5776722887",150.43,"4",57767228872019
77,"5776722887",57.86,"4",57767228872019
77,"5776722887",57.86,"3",57767228872020
78,"5776722887",38.57,"3",57767228872020
79,"5776722887",38.57,"3",57767228872020
79,"5776722887",38.57,"2",57767228872021
80,"5776722887",21.86,"2",57767228872021
81,"5776722887",24.43,"2",57767228872021
81,"5776722887",24.43,"1",57767977982022
0,"5776797798",0.29,"1",57767977982022
0,"5776797798",0.29,"1b",57767977982023
1,"5776797798",0.57,"1b",57767977982023
2,"5776797798",0.86,"1b",57767977982023
2,"5776797798",0.86,"1",57767977982024
3,"5776797798",6.0,"1",57767977982024
3,"5776797798",6.0,"2",57767977982025
4,"5776797798",8.71,"2",57767977982025
4,"5776797798",8.71,"3",57767977982026
5,"5776797798",15.29,"3",57767977982026
6,"5776797798",16.29,"3",57767977982026
7,"5776797798",8.57,"3",57767977982026
8,"5776797798",4.71,"3",57767977982026
8,"5776797798",4.71,"2",57767977982027
9,"5776797798",4.29,"2",57767977982027
10,"5776797798",7.0,"2",57767977982027
10,"5776797798",7.0,"3",57767977982028
11,"5776797798",3.71,"3",57767977982028
12,"5776797798",3.43,"3",57767977982028
12,"5776797798",3.43,"2",57767977982029
13,"5776797798",4.57,"2",57767977982029
14,"5776797798",5.0,"2",57767977982029
14,"5776797798",5.0,"1b",57767977982030
15,"5776797798",4.43,"1b",57767977982030
16,"5776797798",3.14,"1b",57767977982030
16,"5776797798",3.14,"1",57767977982031
17,"5776797798",3.0,"1",57767977982031
18,"5776797798",4.29,"1",57767977982031
19,"5776797798",4.29,"1",57767977982031
20,"5776797798",6.57,"1",57767977982031
21,"5776797798",7.71,"1",57767977982031
22,"5776797798",11.57,"1",57767977982031
23,"5776797798",16.29,"1",57767977982031
24,"5776797798",21.0,"1",57767977982031
25,"5776797798",30.0,"1",57767977982031
26,"5776797798",30.86,"1",57767977982031
27,"5776797798",54.0,"1",57767977982031
27,"5776797798",54.0,"1b",57767977982032
28,"5776797798",81.0,"1b",57767977982032
28,"5776797798",81.0,"2",57767977982033
29,"5776797798",84.86,"2",57767977982033
30,"5776797798",34.71,"2",57767977982033
30,"5776797798",34.71,"1b",57767977982034
31,"5776797798",77.14,"1b",57767977982034
32,"5776797798",69.43,"1b",57767977982034
32,"5776797798",69.43,"1",57767977982035
33,"5776797798",77.14,"1",57767977982035
34,"5776797798",173.57,"1",57767977982035
35,"5776797798",235.29,"1",57767977982035
36,"5776797798",370.29,"1",57767977982035
37,"5776797798",624.86,"1",57767977982035
37,"5776797798",624.86,"1b",57767977982036
38,"5776797798",867.86,"1b",57767977982036
38,"5776797798",867.86,"3",57767977982037
39,"5776797798",243.0,"3",57767977982037
39,"5776797798",243.0,"4",57767977982038
40,"5776797798",208.29,"4",57767977982038
41,"5776797798",173.57,"4",57767977982038
42,"5776797798",42.43,"4",57767977982038
42,"5776797798",42.43,"3",57767977982039
43,"5776797798",7.71,"3",57767977982039
44,"5776797798",15.43,"3",57767977982039
44,"5776797798",15.43,"2",57767977982040
45,"5776797798",8.57,"2",57767977982040
46,"5776797798",6.86,"2",57767977982040
46,"5776797798",6.86,"1b",57767977982041
47,"5776797798",6.43,"1b",57767977982041
48,"5776797798",8.57,"1b",57767977982041
48,"5776797798",8.57,"1",57767977982042
49,"5776797798",9.86,"1",57767977982042
50,"5776797798",13.29,"1",57767977982042
51,"5776797798",17.57,"1",57767977982042
52,"5776797798",11.57,"1",57767977982042
53,"5776797798",23.57,"1",57767977982042
54,"5776797798",34.71,"1",57767977982042
55,"5776797798",38.57,"1",57767977982042
56,"5776797798",45.0,"1",57767977982042
57,"5776797798",60.43,"1",57767977982042
58,"5776797798",41.14,"1",57767977982042
59,"5776797798",41.14,"1",57767977982042
60,"5776797798",33.43,"1",57767977982042
61,"5776797798",25.71,"1",57767977982042
62,"5776797798",34.71,"1",57767977982042
63,"5776797798",21.86,"1",57767977982042
64,"5776797798",18.0,"1",57767977982042
65,"5776797798",15.43,"1",57767977982042
66,"5776797798",15.43,"1",57767977982042
67,"5776797798",32.14,"1",57767977982042
68,"5776797798",33.43,"1",57767977982042
69,"5776797798",34.71,"1",57767977982042
70,"5776797798",21.86,"1",57767977982042
71,"5776797798",41.14,"1",57767977982042
72,"5776797798",56.57,"1",57767977982042
73,"5776797798",65.57,"1",57767977982042
74,"5776797798",124.71,"1",57767977982042
75,"5776797798",162.0,"1",57767977982042
76,"5776797798",208.29,"1",57767977982042
77,"5776797798",520.71,"1",57767977982042
78,"5776797798",613.29,"1",57767977982042
78,"5776797798",613.29,"3",57767977982043
79,"5776797798",347.14,"3",57767977982043
79,"5776797798",347.14,"4",57767977982044
80,"5776797798",243.0,"4",57767977982044
81,"5776797798",138.86,"4",57767977982044
81,"5776797798",138.86,"1",57768626372045
0,"5776862637",0.0,"1",57768626372045
1,"5776862637",0.0,"1",57768626372045
2,"5776862637",0.14,"1",57768626372045
2,"5776862637",0.14,"1b",57768626372046
3,"5776862637",1.29,"1b",57768626372046
4,"5776862637",1.43,"1b",57768626372046
4,"5776862637",1.43,"2",57768626372047
5,"5776862637",2.29,"2",57768626372047
6,"5776862637",5.57,"2",57768626372047
6,"5776862637",5.57,"3",57768626372048
7,"5776862637",5.0,"3",57768626372048
8,"5776862637",4.0,"3",57768626372048
8,"5776862637",4.0,"2",57768626372049
9,"5776862637",2.86,"2",57768626372049
10,"5776862637",8.43,"2",57768626372049
10,"5776862637",8.43,"3",57768626372050
11,"5776862637",5.29,"3",57768626372050
12,"5776862637",6.0,"3",57768626372050
13,"5776862637",7.29,"3",57768626372050
14,"5776862637",8.14,"3",57768626372050
15,"5776862637",3.43,"3",57768626372050
15,"5776862637",3.43,"2",57768626372051
16,"5776862637",3.0,"2",57768626372051
17,"5776862637",4.43,"2",57768626372051
17,"5776862637",4.43,"1b",57768626372052
18,"5776862637",5.29,"1b",57768626372052
19,"5776862637",4.71,"1b",57768626372052
19,"5776862637",4.71,"1",57768626372053
20,"5776862637",8.29,"1",57768626372053
21,"5776862637",16.29,"1",57768626372053
22,"5776862637",13.29,"1",57768626372053
23,"5776862637",12.86,"1",57768626372053
24,"5776862637",16.71,"1",57768626372053
25,"5776862637",27.0,"1",57768626372053
26,"5776862637",68.14,"1",57768626372053
27,"5776862637",84.86,"1",57768626372053
27,"5776862637",84.86,"1b",57768626372054
28,"5776862637",185.14,"1b",57768626372054
28,"5776862637",185.14,"3",57768626372055
29,"5776862637",189.0,"3",57768626372055
29,"5776862637",189.0,"4",57768626372056
30,"5776862637",158.14,"4",57768626372056
31,"5776862637",127.29,"4",57768626372056
31,"5776862637",127.29,"3",57768626372057
32,"5776862637",104.14,"3",57768626372057
33,"5776862637",100.29,"3",57768626372057
33,"5776862637",100.29,"2",57768626372058
34,"5776862637",65.57,"2",57768626372058
35,"5776862637",65.57,"2",57768626372058
35,"5776862637",65.57,"1b",57768626372059
36,"5776862637",42.43,"1b",57768626372059
37,"5776862637",96.43,"1b",57768626372059
37,"5776862637",96.43,"1",57768626372060
38,"5776862637",146.57,"1",57768626372060
39,"5776862637",266.14,"1",57768626372060
39,"5776862637",266.14,"1b",57768626372061
40,"5776862637",636.43,"1b",57768626372061
40,"5776862637",636.43,"2",57768626372062
41,"5776862637",937.29,"2",57768626372062
41,"5776862637",937.29,"3",57768626372063
42,"5776862637",1215.0,"3",57768626372063
42,"5776862637",1215.0,"4",57768626372064
43,"5776862637",833.14,"4",57768626372064
44,"5776862637",381.86,"4",57768626372064
45,"5776862637",416.57,"4",57768626372064
46,"5776862637",243.0,"4",57768626372064
47,"5776862637",173.57,"4",57768626372064
48,"5776862637",92.57,"4",57768626372064
48,"5776862637",92.57,"3",57768626372065
49,"5776862637",54.0,"3",57768626372065
50,"5776862637",30.86,"3",57768626372065
50,"5776862637",30.86,"2",57768626372066
51,"5776862637",32.14,"2",57768626372066
52,"5776862637",28.29,"2",57768626372066
52,"5776862637",28.29,"1b",57768626372067
53,"5776862637",15.43,"1b",57768626372067
54,"5776862637",20.57,"1b",57768626372067
54,"5776862637",20.57,"1",57768626372068
55,"5776862637",37.29,"1",57768626372068
56,"5776862637",66.86,"1",57768626372068
57,"5776862637",60.43,"1",57768626372068
58,"5776862637",111.86,"1",57768626372068
59,"5776862637",96.43,"1",57768626372068
60,"5776862637",81.0,"1",57768626372068
61,"5776862637",88.71,"1",57768626372068
62,"5776862637",181.29,"1",57768626372068
63,"5776862637",293.14,"1",57768626372068
63,"5776862637",293.14,"1b",57768626372069
64,"5776862637",694.29,"1b",57768626372069
64,"5776862637",694.29,"3",57768626372070
65,"5776862637",671.14,"3",57768626372070
65,"5776862637",671.14,"4",57768626372071
66,"5776862637",486.0,"4",57768626372071
67,"5776862637",208.29,"4",57768626372071
68,"5776862637",196.71,"4",57768626372071
69,"5776862637",196.71,"4",57768626372071
70,"5776862637",173.57,"4",57768626372071
71,"5776862637",69.43,"4",57768626372071
71,"5776862637",69.43,"3",57768626372072
72,"5776862637",84.86,"3",57768626372072
73,"5776862637",46.29,"3",57768626372072
73,"5776862637",46.29,"2",57768626372073
74,"5776862637",50.14,"2",57768626372073
75,"5776862637",19.29,"2",57768626372073
75,"5776862637",19.29,"1b",57768626372074
76,"5776862637",24.43,"1b",57768626372074
77,"5776862637",24.43,"1b",57768626372074
77,"5776862637",24.43,"1",57768626372075
78,"5776862637",27.0,"1",57768626372075
79,"5776862637",28.29,"1",57768626372075
80,"5776862637",20.57,"1",57768626372075
81,"5776862637",15.43,"1",57768626372075
81,"5776862637",15.43,"1",57773750712075
0,"5777375071",0.0,"1",57773750712075
1,"5777375071",0.57,"1",57773750712075
1,"5777375071",0.57,"1b",57773750712076
2,"5777375071",2.86,"1b",57773750712076
2,"5777375071",2.86,"2",57773750712077
3,"5777375071",2.86,"2",57773750712077
4,"5777375071",3.43,"2",57773750712077
5,"5777375071",2.29,"2",57773750712077
6,"5777375071",1.29,"2",57773750712077
7,"5777375071",0.86,"2",57773750712077
8,"5777375071",1.29,"2",57773750712077
9,"5777375071",2.0,"2",57773750712077
10,"5777375071",0.71,"2",57773750712077
10,"5777375071",0.71,"1b",57773750712078
11,"5777375071",2.43,"1b",57773750712078
11,"5777375071",2.43,"2",57773750712079
12,"5777375071",3.86,"2",57773750712079
13,"5777375071",7.0,"2",57773750712079
14,"5777375071",5.43,"2",57773750712079
14,"5777375071",5.43,"1b",57773750712080
15,"5777375071",8.57,"1b",57773750712080
16,"5777375071",16.71,"1b",57773750712080
16,"5777375071",16.71,"1",57773750712081
17,"5777375071",23.14,"1",57773750712081
18,"5777375071",27.0,"1",57773750712081
19,"5777375071",41.14,"1",57773750712081
19,"5777375071",41.14,"1b",57773750712082
20,"5777375071",32.14,"1b",57773750712082
21,"5777375071",46.29,"1b",57773750712082
21,"5777375071",46.29,"2",57773750712083
22,"5777375071",65.57,"2",57773750712083
22,"5777375071",65.57,"3",57773750712084
23,"5777375071",46.29,"3",57773750712084
23,"5777375071",46.29,"4",57773750712085
24,"5777375071",32.14,"4",57773750712085
25,"5777375071",21.86,"4",57773750712085
25,"5777375071",21.86,"3",57773750712086
26,"5777375071",14.14,"3",57773750712086
27,"5777375071",14.14,"3",57773750712086
27,"5777375071",14.14,"2",57773750712087
28,"5777375071",12.43,"2",57773750712087
29,"5777375071",8.14,"2",57773750712087
29,"5777375071",8.14,"1b",57773750712088
30,"5777375071",11.14,"1b",57773750712088
31,"5777375071",10.29,"1b",57773750712088
31,"5777375071",10.29,"1",57773750712089
32,"5777375071",16.29,"1",57773750712089
33,"5777375071",42.0,"1",57773750712089
34,"5777375071",45.0,"1",57773750712089
35,"5777375071",73.29,"1",57773750712089
36,"5777375071",111.86,"1",57773750712089
37,"5777375071",212.14,"1",57773750712089
38,"5777375071",478.29,"1",57773750712089
39,"5777375071",983.57,"1",57773750712089
39,"5777375071",983.57,"2",57773750712090
40,"5777375071",1319.14,"2",57773750712090
40,"5777375071",1319.14,"4",57773750712091
41,"5777375071",1006.71,"4",57773750712091
42,"5777375071",590.14,"4",57773750712091
43,"5777375071",138.86,"4",57773750712091
44,"5777375071",92.57,"4",57773750712091
44,"5777375071",92.57,"3",57773750712092
45,"5777375071",115.71,"3",57773750712092
45,"5777375071",115.71,"4",57773750712093
46,"5777375071",46.29,"4",57773750712093
47,"5777375071",27.0,"4",57773750712093
47,"5777375071",27.0,"3",57773750712094
48,"5777375071",27.0,"3",57773750712094
49,"5777375071",21.86,"3",57773750712094
49,"5777375071",21.86,"2",57773750712095
50,"5777375071",7.71,"2",57773750712095
51,"5777375071",3.86,"2",57773750712095
51,"5777375071",3.86,"1b",57773750712096
52,"5777375071",3.86,"1b",57773750712096
53,"5777375071",4.14,"1b",57773750712096
53,"5777375071",4.14,"1",57773750712097
54,"5777375071",1.86,"1",57773750712097
55,"5777375071",2.29,"1",57773750712097
56,"5777375071",1.57,"1",57773750712097
57,"5777375071",1.71,"1",57773750712097
58,"5777375071",1.14,"1",57773750712097
59,"5777375071",2.0,"1",57773750712097
60,"5777375071",4.43,"1",57773750712097
61,"5777375071",4.14,"1",57773750712097
62,"5777375071",4.71,"1",57773750712097
63,"5777375071",3.86,"1",57773750712097
64,"5777375071",3.71,"1",57773750712097
65,"5777375071",2.14,"1",57773750712097
66,"5777375071",2.14,"1",57773750712097
67,"5777375071",2.43,"1",57773750712097
68,"5777375071",3.29,"1",57773750712097
69,"5777375071",5.43,"1",57773750712097
70,"5777375071",9.57,"1",57773750712097
71,"5777375071",15.86,"1",57773750712097
72,"5777375071",30.86,"1",57773750712097
73,"5777375071",57.86,"1",57773750712097
74,"5777375071",75.86,"1",57773750712097
75,"5777375071",65.57,"1",57773750712097
76,"5777375071",84.86,"1",57773750712097
77,"5777375071",158.14,"1",57773750712097
78,"5777375071",177.43,"1",57773750712097
78,"5777375071",177.43,"1b",57773750712098
79,"5777375071",200.57,"1b",57773750712098
80,"5777375071",254.57,"1b",57773750712098
81,"5777375071",289.29,"1b",57773750712098
81,"5777375071",289.29,"1",57774033262099
0,"5777403326",0.0,"1",57774033262099
1,"5777403326",1.14,"1",57774033262099
1,"5777403326",1.14,"1b",57774033262100
2,"5777403326",3.71,"1b",57774033262100
2,"5777403326",3.71,"2",57774033262101
3,"5777403326",5.43,"2",57774033262101
4,"5777403326",8.0,"2",57774033262101
4,"5777403326",8.0,"3",57774033262102
5,"5777403326",9.86,"3",57774033262102
6,"5777403326",9.86,"3",57774033262102
7,"5777403326",6.43,"3",57774033262102
8,"5777403326",6.86,"3",57774033262102
8,"5777403326",6.86,"2",57774033262103
9,"5777403326",10.71,"2",57774033262103
9,"5777403326",10.71,"3",57774033262104
10,"5777403326",9.86,"3",57774033262104
11,"5777403326",6.43,"3",57774033262104
12,"5777403326",5.14,"3",57774033262104
13,"5777403326",4.71,"3",57774033262104
14,"5777403326",3.0,"3",57774033262104
14,"5777403326",3.0,"2",57774033262105
15,"5777403326",1.71,"2",57774033262105
16,"5777403326",0.43,"2",57774033262105
16,"5777403326",0.43,"1b",57774033262106
17,"5777403326",0.29,"1b",57774033262106
18,"5777403326",1.0,"1b",57774033262106
18,"5777403326",1.0,"1",57774033262107
19,"5777403326",2.29,"1",57774033262107
20,"5777403326",1.71,"1",57774033262107
21,"5777403326",2.14,"1",57774033262107
22,"5777403326",4.0,"1",57774033262107
23,"5777403326",1.29,"1",57774033262107
24,"5777403326",2.43,"1",57774033262107
25,"5777403326",3.29,"1",57774033262107
26,"5777403326",3.29,"1",57774033262107
27,"5777403326",2.29,"1",57774033262107
28,"5777403326",4.29,"1",57774033262107
29,"5777403326",6.43,"1",57774033262107
30,"5777403326",9.86,"1",57774033262107
31,"5777403326",19.71,"1",57774033262107
32,"5777403326",11.14,"1",57774033262107
33,"5777403326",8.57,"1",57774033262107
34,"5777403326",9.43,"1",57774033262107
35,"5777403326",15.86,"1",57774033262107
36,"5777403326",12.86,"1",57774033262107
37,"5777403326",27.0,"1",57774033262107
38,"5777403326",25.71,"1",57774033262107
39,"5777403326",25.71,"1",57774033262107
40,"5777403326",23.14,"1",57774033262107
41,"5777403326",23.14,"1",57774033262107
42,"5777403326",27.0,"1",57774033262107
43,"5777403326",10.29,"1",57774033262107
44,"5777403326",12.86,"1",57774033262107
45,"5777403326",10.71,"1",57774033262107
46,"5777403326",6.0,"1",57774033262107
47,"5777403326",3.86,"1",57774033262107
48,"5777403326",3.43,"1",57774033262107
49,"5777403326",5.57,"1",57774033262107
50,"5777403326",8.29,"1",57774033262107
51,"5777403326",7.71,"1",57774033262107
52,"5777403326",6.43,"1",57774033262107
53,"5777403326",1.29,"1",57774033262107
54,"5777403326",3.0,"1",57774033262107
55,"5777403326",1.43,"1",57774033262107
56,"5777403326",4.86,"1",57774033262107
57,"5777403326",16.29,"1",57774033262107
58,"5777403326",11.14,"1",57774033262107
59,"5777403326",15.43,"1",57774033262107
60,"5777403326",17.57,"1",57774033262107
61,"5777403326",20.14,"1",57774033262107
62,"5777403326",19.29,"1",57774033262107
63,"5777403326",15.43,"1",57774033262107
64,"5777403326",7.71,"1",57774033262107
65,"5777403326",11.57,"1",57774033262107
66,"5777403326",12.86,"1",57774033262107
67,"5777403326",13.29,"1",57774033262107
68,"5777403326",15.43,"1",57774033262107
69,"5777403326",21.86,"1",57774033262107
70,"5777403326",23.57,"1",57774033262107
71,"5777403326",34.71,"1",57774033262107
72,"5777403326",68.14,"1",57774033262107
73,"5777403326",118.29,"1",57774033262107
74,"5777403326",146.57,"1",57774033262107
75,"5777403326",111.86,"1",57774033262107
76,"5777403326",111.86,"1",57774033262107
77,"5777403326",42.43,"1",57774033262107
78,"5777403326",42.43,"1",57774033262107
79,"5777403326",38.57,"1",57774033262107
80,"5777403326",20.57,"1",57774033262107
81,"5777403326",10.29,"1",57774033262107
81,"5777403326",10.29,"1",57779392562107
0,"5777939256",0.0,"1",57779392562107
1,"5777939256",0.43,"1",57779392562107
2,"5777939256",2.0,"1",57779392562107
2,"5777939256",2.0,"1b",57779392562108
3,"5777939256",2.57,"1b",57779392562108
3,"5777939256",2.57,"2",57779392562109
4,"5777939256",3.29,"2",57779392562109
5,"5777939256",4.86,"2",57779392562109
6,"5777939256",7.0,"2",57779392562109
6,"5777939256",7.0,"3",57779392562110
7,"5777939256",8.86,"3",57779392562110
8,"5777939256",7.29,"3",57779392562110
9,"5777939256",7.29,"3",57779392562110
10,"5777939256",5.14,"3",57779392562110
10,"5777939256",5.14,"2",57779392562111
11,"5777939256",4.29,"2",57779392562111
12,"5777939256",4.29,"2",57779392562111
12,"5777939256",4.29,"3",57779392562112
13,"5777939256",3.71,"3",57779392562112
14,"5777939256",3.14,"3",57779392562112
14,"5777939256",3.14,"2",57779392562113
15,"5777939256",3.43,"2",57779392562113
16,"5777939256",1.14,"2",57779392562113
16,"5777939256",1.14,"1b",57779392562114
17,"5777939256",2.43,"1b",57779392562114
18,"5777939256",2.43,"1b",57779392562114
18,"5777939256",2.43,"1",57779392562115
19,"5777939256",3.29,"1",57779392562115
20,"5777939256",4.0,"1",57779392562115
21,"5777939256",4.29,"1",57779392562115
22,"5777939256",6.29,"1",57779392562115
23,"5777939256",9.71,"1",57779392562115
24,"5777939256",9.0,"1",57779392562115
25,"5777939256",12.0,"1",57779392562115
26,"5777939256",20.14,"1",57779392562115
27,"5777939256",17.57,"1",57779392562115
28,"5777939256",31.71,"1",57779392562115
28,"5777939256",31.71,"1b",57779392562116
29,"5777939256",29.57,"1b",57779392562116
30,"5777939256",14.14,"1b",57779392562116
30,"5777939256",14.14,"1",57779392562117
31,"5777939256",23.14,"1",57779392562117
32,"5777939256",27.0,"1",57779392562117
33,"5777939256",37.29,"1",57779392562117
34,"5777939256",48.86,"1",57779392562117
35,"5777939256",57.86,"1",57779392562117
36,"5777939256",109.29,"1",57779392562117
37,"5777939256",162.0,"1",57779392562117
38,"5777939256",181.29,"1",57779392562117
39,"5777939256",354.86,"1",57779392562117
40,"5777939256",1087.71,"1",57779392562117
40,"5777939256",1087.71,"1b",57779392562118
41,"5777939256",1562.14,"1b",57779392562118
41,"5777939256",1562.14,"3",57779392562119
42,"5777939256",1596.86,"3",57779392562119
42,"5777939256",1596.86,"4",57779392562120
43,"5777939256",347.14,"4",57779392562120
44,"5777939256",347.14,"4",57779392562120
45,"5777939256",185.14,"4",57779392562120
46,"5777939256",185.14,"4",57779392562120
47,"5777939256",115.71,"4",57779392562120
47,"5777939256",115.71,"3",57779392562121
48,"5777939256",42.43,"3",57779392562121
49,"5777939256",54.0,"3",57779392562121
49,"5777939256",54.0,"2",57779392562122
50,"5777939256",30.86,"2",57779392562122
51,"5777939256",19.29,"2",57779392562122
51,"5777939256",19.29,"1b",57779392562123
52,"5777939256",9.0,"1b",57779392562123
53,"5777939256",8.14,"1b",57779392562123
53,"5777939256",8.14,"1",57779392562124
54,"5777939256",8.14,"1",57779392562124
55,"5777939256",3.43,"1",57779392562124
56,"5777939256",4.29,"1",57779392562124
57,"5777939256",2.29,"1",57779392562124
58,"5777939256",2.29,"1",57779392562124
59,"5777939256",1.14,"1",57779392562124
60,"5777939256",2.43,"1",57779392562124
61,"5777939256",2.29,"1",57779392562124
62,"5777939256",3.14,"1",57779392562124
63,"5777939256",2.43,"1",57779392562124
64,"5777939256",3.14,"1",57779392562124
65,"5777939256",4.43,"1",57779392562124
66,"5777939256",6.86,"1",57779392562124
67,"5777939256",7.71,"1",57779392562124
68,"5777939256",18.86,"1",57779392562124
69,"5777939256",19.29,"1",57779392562124
70,"5777939256",35.57,"1",57779392562124
71,"5777939256",29.57,"1",57779392562124
72,"5777939256",43.71,"1",57779392562124
73,"5777939256",56.57,"1",57779392562124
74,"5777939256",45.0,"1",57779392562124
75,"5777939256",60.43,"1",57779392562124
76,"5777939256",132.43,"1",57779392562124
77,"5777939256",300.86,"1",57779392562124
77,"5777939256",300.86,"1b",57779392562125
78,"5777939256",451.29,"1b",57779392562125
78,"5777939256",451.29,"2",57779392562126
79,"5777939256",497.57,"2",57779392562126
79,"5777939256",497.57,"3",57779392562127
80,"5777939256",324.0,"3",57779392562127
80,"5777939256",324.0,"4",57779392562128
81,"5777939256",162.0,"4",57779392562128
81,"5777939256",162.0,"1",57782499972129
0,"5778249997",0.14,"1",57782499972129
1,"5778249997",1.86,"1",57782499972129
2,"5778249997",5.43,"1",57782499972129
2,"5778249997",5.43,"1b",57782499972130
3,"5778249997",16.57,"1b",57782499972130
3,"5778249997",16.57,"3",57782499972131
4,"5778249997",19.71,"3",57782499972131
5,"5778249997",16.71,"3",57782499972131
6,"5778249997",10.71,"3",57782499972131
7,"5778249997",14.57,"3",57782499972131
8,"5778249997",7.71,"3",57782499972131
9,"5778249997",7.29,"3",57782499972131
10,"5778249997",6.86,"3",57782499972131
11,"5778249997",7.71,"3",57782499972131
12,"5778249997",6.43,"3",57782499972131
13,"5778249997",3.0,"3",57782499972131
13,"5778249997",3.0,"2",57782499972132
14,"5778249997",7.29,"2",57782499972132
15,"5778249997",3.71,"2",57782499972132
15,"5778249997",3.71,"1b",57782499972133
16,"5778249997",3.86,"1b",57782499972133
17,"5778249997",3.29,"1b",57782499972133
17,"5778249997",3.29,"1",57782499972134
18,"5778249997",3.71,"1",57782499972134
19,"5778249997",4.0,"1",57782499972134
20,"5778249997",4.43,"1",57782499972134
21,"5778249997",2.43,"1",57782499972134
22,"5778249997",6.0,"1",57782499972134
23,"5778249997",5.14,"1",57782499972134
24,"5778249997",6.57,"1",57782499972134
25,"5778249997",14.14,"1",57782499972134
26,"5778249997",27.86,"1",57782499972134
27,"5778249997",51.43,"1",57782499972134
27,"5778249997",51.43,"1b",57782499972135
28,"5778249997",54.0,"1b",57782499972135
28,"5778249997",54.0,"2",57782499972136
29,"5778249997",23.14,"2",57782499972136
29,"5778249997",23.14,"3",57782499972137
30,"5778249997",21.86,"3",57782499972137
31,"5778249997",15.43,"3",57782499972137
31,"5778249997",15.43,"2",57782499972138
32,"5778249997",18.0,"2",57782499972138
33,"5778249997",28.29,"2",57782499972138
33,"5778249997",28.29,"1b",57782499972139
34,"5778249997",33.43,"1b",57782499972139
35,"5778249997",39.86,"1b",57782499972139
35,"5778249997",39.86,"1",57782499972140
36,"5778249997",50.14,"1",57782499972140
37,"5778249997",81.0,"1",57782499972140
38,"5778249997",65.57,"1",57782499972140
39,"5778249997",69.43,"1",57782499972140
40,"5778249997",100.29,"1",57782499972140
41,"5778249997",119.57,"1",57782499972140
42,"5778249997",262.29,"1",57782499972140
43,"5778249997",493.71,"1",57782499972140
44,"5778249997",1076.14,"1",57782499972140
44,"5778249997",1076.14,"3",57782499972141
45,"5778249997",1006.71,"3",57782499972141
45,"5778249997",1006.71,"4",57782499972142
46,"5778249997",451.29,"4",57782499972142
47,"5778249997",451.29,"4",57782499972142
48,"5778249997",381.86,"4",57782499972142
49,"5778249997",208.29,"4",57782499972142
50,"5778249997",104.14,"4",57782499972142
50,"5778249997",104.14,"3",57782499972143
51,"5778249997",173.57,"3",57782499972143
52,"5778249997",208.29,"3",57782499972143
52,"5778249997",208.29,"4",57782499972144
53,"5778249997",57.86,"4",57782499972144
54,"5778249997",46.29,"4",57782499972144
55,"5778249997",27.0,"4",57782499972144
55,"5778249997",27.0,"3",57782499972145
56,"5778249997",34.71,"3",57782499972145
57,"5778249997",20.57,"3",57782499972145
57,"5778249997",20.57,"2",57782499972146
58,"5778249997",6.43,"2",57782499972146
59,"5778249997",6.0,"2",57782499972146
59,"5778249997",6.0,"1b",57782499972147
60,"5778249997",6.86,"1b",57782499972147
61,"5778249997",6.0,"1b",57782499972147
61,"5778249997",6.0,"1",57782499972148
62,"5778249997",4.71,"1",57782499972148
63,"5778249997",3.43,"1",57782499972148
64,"5778249997",3.14,"1",57782499972148
65,"5778249997",4.86,"1",57782499972148
66,"5778249997",6.0,"1",57782499972148
67,"5778249997",6.43,"1",57782499972148
68,"5778249997",8.43,"1",57782499972148
69,"5778249997",6.86,"1",57782499972148
70,"5778249997",6.0,"1",57782499972148
71,"5778249997",12.43,"1",57782499972148
72,"5778249997",21.86,"1",57782499972148
73,"5778249997",35.57,"1",57782499972148
74,"5778249997",32.14,"1",57782499972148
75,"5778249997",38.57,"1",57782499972148
76,"5778249997",70.71,"1",57782499972148
77,"5778249997",109.29,"1",57782499972148
78,"5778249997",196.71,"1",57782499972148
79,"5778249997",258.43,"1",57782499972148
79,"5778249997",258.43,"1b",57782499972149
80,"5778249997",370.29,"1b",57782499972149
80,"5778249997",370.29,"2",57782499972150
81,"5778249997",254.57,"2",57782499972150
81,"5778249997",254.57,"1",57791908502151
0,"5779190850",0.0,"1",57791908502151
1,"5779190850",6.43,"1",57791908502151
1,"5779190850",6.43,"2",57791908502152
2,"5779190850",11.86,"2",57791908502152
2,"5779190850",11.86,"3",57791908502153
3,"5779190850",13.29,"3",57791908502153
4,"5779190850",12.0,"3",57791908502153
5,"5779190850",25.29,"3",57791908502153
6,"5779190850",38.14,"3",57791908502153
6,"5779190850",38.14,"4",57791908502154
7,"5779190850",34.71,"4",57791908502154
8,"5779190850",34.71,"4",57791908502154
9,"5779190850",16.71,"4",57791908502154
10,"5779190850",19.29,"4",57791908502154
10,"5779190850",19.29,"3",57791908502155
11,"5779190850",11.57,"3",57791908502155
12,"5779190850",21.86,"3",57791908502155
13,"5779190850",15.43,"3",57791908502155
14,"5779190850",26.14,"3",57791908502155
15,"5779190850",25.71,"3",57791908502155
16,"5779190850",14.14,"3",57791908502155
16,"5779190850",14.14,"2",57791908502156
17,"5779190850",15.43,"2",57791908502156
18,"5779190850",9.0,"2",57791908502156
18,"5779190850",9.0,"1b",57791908502157
19,"5779190850",7.29,"1b",57791908502157
20,"5779190850",5.57,"1b",57791908502157
20,"5779190850",5.57,"1",57791908502158
21,"5779190850",8.14,"1",57791908502158
22,"5779190850",13.71,"1",57791908502158
23,"5779190850",16.71,"1",57791908502158
24,"5779190850",18.43,"1",57791908502158
25,"5779190850",20.14,"1",57791908502158
26,"5779190850",36.0,"1",57791908502158
27,"5779190850",23.14,"1",57791908502158
28,"5779190850",29.57,"1",57791908502158
29,"5779190850",33.43,"1",57791908502158
30,"5779190850",30.86,"1",57791908502158
31,"5779190850",54.0,"1",57791908502158
32,"5779190850",48.86,"1",57791908502158
33,"5779190850",47.57,"1",57791908502158
34,"5779190850",59.14,"1",57791908502158
35,"5779190850",104.14,"1",57791908502158
36,"5779190850",223.71,"1",57791908502158
37,"5779190850",378.0,"1",57791908502158
37,"5779190850",378.0,"1b",57791908502159
38,"5779190850",347.14,"1b",57791908502159
38,"5779190850",347.14,"2",57791908502160
39,"5779190850",428.14,"2",57791908502160
39,"5779190850",428.14,"3",57791908502161
40,"5779190850",416.57,"3",57791908502161
40,"5779190850",416.57,"4",57791908502162
41,"5779190850",208.29,"4",57791908502162
42,"5779190850",173.57,"4",57791908502162
43,"5779190850",115.71,"4",57791908502162
43,"5779190850",115.71,"3",57791908502163
44,"5779190850",127.29,"3",57791908502163
45,"5779190850",88.71,"3",57791908502163
45,"5779190850",88.71,"2",57791908502164
46,"5779190850",46.29,"2",57791908502164
47,"5779190850",42.43,"2",57791908502164
47,"5779190850",42.43,"1b",57791908502165
48,"5779190850",34.71,"1b",57791908502165
49,"5779190850",28.29,"1b",57791908502165
49,"5779190850",28.29,"1",57791908502166
50,"5779190850",20.57,"1",57791908502166
51,"5779190850",19.29,"1",57791908502166
52,"5779190850",24.43,"1",57791908502166
53,"5779190850",43.71,"1",57791908502166
54,"5779190850",64.29,"1",57791908502166
55,"5779190850",91.29,"1",57791908502166
56,"5779190850",119.57,"1",57791908502166
57,"5779190850",216.0,"1",57791908502166
58,"5779190850",343.29,"1",57791908502166
58,"5779190850",343.29,"1b",57791908502167
59,"5779190850",254.57,"1b",57791908502167
59,"5779190850",254.57,"2",57791908502168
60,"5779190850",231.43,"2",57791908502168
60,"5779190850",231.43,"3",57791908502169
61,"5779190850",115.71,"3",57791908502169
62,"5779190850",162.0,"3",57791908502169
62,"5779190850",162.0,"4",57791908502170
63,"5779190850",150.43,"4",57791908502170
64,"5779190850",69.43,"4",57791908502170
65,"5779190850",61.71,"4",57791908502170
65,"5779190850",61.71,"3",57791908502171
66,"5779190850",30.86,"3",57791908502171
67,"5779190850",24.43,"3",57791908502171
67,"5779190850",24.43,"2",57791908502172
68,"5779190850",30.86,"2",57791908502172
69,"5779190850",20.57,"2",57791908502172
69,"5779190850",20.57,"1b",57791908502173
70,"5779190850",11.57,"1b",57791908502173
71,"5779190850",24.43,"1b",57791908502173
71,"5779190850",24.43,"1",57791908502174
72,"5779190850",39.86,"1",57791908502174
73,"5779190850",88.71,"1",57791908502174
74,"5779190850",78.43,"1",57791908502174
75,"5779190850",138.86,"1",57791908502174
76,"5779190850",320.14,"1",57791908502174
77,"5779190850",428.14,"1",57791908502174
77,"5779190850",428.14,"1b",57791908502175
78,"5779190850",509.14,"1b",57791908502175
79,"5779190850",555.43,"1b",57791908502175
79,"5779190850",555.43,"2",57791908502176
80,"5779190850",856.29,"2",57791908502176
81,"5779190850",694.29,"3",57791908502177
